#--------- --------- --------- --------- --------- --------- --------- --------- --------- --------- --------- --------- --------- --------- --------- --------- --------- --------- --------- --------- --------- --------- --------- ---------
# time     Mtot        p total  He total   C total   N total   O total   F total  Ne total  Mg total  Si total   S total  Fe total    p dust   He dust    C dust    N dust    O dust    F dust   Ne dust   Mg dust   Si dust    S dust   Fe dust
#--------- --------- --------- --------- --------- --------- --------- --------- --------- --------- --------- --------- --------- --------- --------- --------- --------- --------- --------- --------- --------- --------- --------- ---------
 1.000e+06 0.000e+00 0.000e+00 0.000e+00 0.000e+00 0.000e+00 0.000e+00 0.000e+00 0.000e+00 0.000e+00 0.000e+00 0.000e+00 0.000e+00 0.000e+00 0.000e+00 0.000e+00 0.000e+00 0.000e+00 0.000e+00 0.000e+00 0.000e+00 0.000e+00 0.000e+00 0.000e+00
 1.259e+06 0.000e+00 0.000e+00 0.000e+00 0.000e+00 0.000e+00 0.000e+00 0.000e+00 0.000e+00 0.000e+00 0.000e+00 0.000e+00 0.000e+00 0.000e+00 0.000e+00 0.000e+00 0.000e+00 0.000e+00 0.000e+00 0.000e+00 0.000e+00 0.000e+00 0.000e+00 0.000e+00
 1.585e+06 0.000e+00 0.000e+00 0.000e+00 0.000e+00 0.000e+00 0.000e+00 0.000e+00 0.000e+00 0.000e+00 0.000e+00 0.000e+00 0.000e+00 0.000e+00 0.000e+00 0.000e+00 0.000e+00 0.000e+00 0.000e+00 0.000e+00 0.000e+00 0.000e+00 0.000e+00 0.000e+00
 1.995e+06 0.000e+00 0.000e+00 0.000e+00 0.000e+00 0.000e+00 0.000e+00 0.000e+00 0.000e+00 0.000e+00 0.000e+00 0.000e+00 0.000e+00 0.000e+00 0.000e+00 0.000e+00 0.000e+00 0.000e+00 0.000e+00 0.000e+00 0.000e+00 0.000e+00 0.000e+00 0.000e+00
 2.512e+06 0.000e+00 0.000e+00 0.000e+00 0.000e+00 0.000e+00 0.000e+00 0.000e+00 0.000e+00 0.000e+00 0.000e+00 0.000e+00 0.000e+00 0.000e+00 0.000e+00 0.000e+00 0.000e+00 0.000e+00 0.000e+00 0.000e+00 0.000e+00 0.000e+00 0.000e+00 0.000e+00
 3.162e+06 0.000e+00 0.000e+00 0.000e+00 0.000e+00 0.000e+00 0.000e+00 0.000e+00 0.000e+00 0.000e+00 0.000e+00 0.000e+00 0.000e+00 0.000e+00 0.000e+00 0.000e+00 0.000e+00 0.000e+00 0.000e+00 0.000e+00 0.000e+00 0.000e+00 0.000e+00 0.000e+00
 3.981e+06 1.751e-02 6.143e-03 1.077e-02 4.147e-04 6.465e-05 6.603e-05 2.719e-09 1.912e-05 6.086e-06 6.546e-06 2.930e-06 1.055e-05 0.000e+00 0.000e+00 6.220e-05 0.000e+00 1.833e-06 0.000e+00 0.000e+00 9.129e-07 9.819e-07 4.395e-07 1.583e-06
 5.012e+06 3.686e-02 1.297e-02 2.028e-02 1.198e-03 1.354e-04 1.812e-03 2.539e-08 2.562e-04 6.803e-05 8.370e-05 3.173e-05 3.464e-05 0.000e+00 0.000e+00 1.797e-04 0.000e+00 1.773e-05 0.000e+00 0.000e+00 1.020e-05 1.256e-05 4.759e-06 5.195e-06
 6.310e+06 5.882e-02 1.938e-02 2.755e-02 2.535e-03 2.093e-04 7.348e-03 3.967e-07 9.939e-04 2.532e-04 3.275e-04 1.221e-04 9.239e-05 0.000e+00 0.000e+00 3.803e-04 0.000e+00 6.609e-05 0.000e+00 0.000e+00 3.798e-05 4.912e-05 1.832e-05 1.386e-05
 7.943e+06 7.858e-02 2.539e-02 3.398e-02 3.623e-03 2.730e-04 1.226e-02 1.431e-06 1.694e-03 4.080e-04 5.685e-04 2.117e-04 1.604e-04 0.000e+00 0.000e+00 5.434e-04 0.000e+00 1.116e-04 0.000e+00 0.000e+00 6.121e-05 8.528e-05 3.175e-05 2.407e-05
 1.000e+07 9.648e-02 3.147e-02 4.012e-02 4.505e-03 3.454e-04 1.605e-02 1.851e-06 2.145e-03 5.155e-04 7.927e-04 2.994e-04 2.388e-04 0.000e+00 0.000e+00 6.757e-04 0.000e+00 1.513e-04 0.000e+00 0.000e+00 7.732e-05 1.189e-04 4.491e-05 3.582e-05
 1.259e+07 1.127e-01 3.735e-02 4.599e-02 5.171e-03 4.289e-04 1.889e-02 2.045e-06 2.337e-03 5.830e-04 1.084e-03 4.778e-04 3.526e-04 0.000e+00 0.000e+00 7.757e-04 0.000e+00 2.011e-04 0.000e+00 0.000e+00 8.744e-05 1.626e-04 7.168e-05 5.289e-05
 1.585e+07 1.270e-01 4.280e-02 5.108e-02 5.586e-03 5.084e-04 2.106e-02 2.193e-06 2.498e-03 6.428e-04 1.505e-03 8.077e-04 5.153e-04 0.000e+00 0.000e+00 8.379e-04 0.000e+00 2.746e-04 0.000e+00 0.000e+00 9.643e-05 2.257e-04 1.212e-04 7.729e-05
 1.995e+07 1.409e-01 4.834e-02 5.604e-02 5.957e-03 5.793e-04 2.294e-02 2.423e-06 2.653e-03 7.057e-04 1.891e-03 1.120e-03 6.550e-04 0.000e+00 0.000e+00 8.936e-04 0.000e+00 3.432e-04 0.000e+00 0.000e+00 1.058e-04 2.836e-04 1.680e-04 9.824e-05
 2.512e+07 1.540e-01 5.362e-02 6.075e-02 6.310e-03 6.449e-04 2.468e-02 2.661e-06 2.800e-03 7.660e-04 2.243e-03 1.406e-03 7.804e-04 0.000e+00 0.000e+00 9.465e-04 0.000e+00 4.061e-04 0.000e+00 0.000e+00 1.149e-04 3.365e-04 2.109e-04 1.171e-04
 3.162e+07 1.662e-01 5.852e-02 6.512e-02 6.638e-03 7.058e-04 2.629e-02 2.881e-06 2.936e-03 8.221e-04 2.571e-03 1.671e-03 8.969e-04 0.000e+00 0.000e+00 9.956e-04 0.000e+00 4.645e-04 0.000e+00 0.000e+00 1.233e-04 3.856e-04 2.506e-04 1.345e-04
 3.981e+07 1.787e-01 6.358e-02 6.963e-02 6.975e-03 7.686e-04 2.796e-02 3.108e-06 3.076e-03 8.799e-04 2.909e-03 1.944e-03 1.017e-03 0.000e+00 0.000e+00 1.046e-03 0.000e+00 5.246e-04 0.000e+00 0.000e+00 1.320e-04 4.363e-04 2.917e-04 1.525e-04
 5.012e+07 1.921e-01 7.193e-02 7.417e-02 7.017e-03 8.984e-04 2.812e-02 3.128e-06 3.098e-03 8.893e-04 2.941e-03 1.970e-03 1.032e-03 0.000e+00 0.000e+00 1.051e-03 0.000e+00 5.313e-04 0.000e+00 0.000e+00 1.336e-04 4.412e-04 2.957e-04 1.551e-04
 6.310e+07 2.051e-01 8.038e-02 7.860e-02 7.030e-03 1.031e-03 2.814e-02 3.129e-06 3.108e-03 8.940e-04 2.944e-03 1.973e-03 1.038e-03 0.000e+00 0.000e+00 1.051e-03 0.000e+00 5.328e-04 0.000e+00 0.000e+00 1.346e-04 4.419e-04 2.962e-04 1.562e-04
 7.943e+07 2.176e-01 8.845e-02 8.281e-02 7.046e-03 1.158e-03 2.818e-02 3.132e-06 3.119e-03 8.990e-04 2.950e-03 1.977e-03 1.044e-03 0.000e+00 0.000e+00 1.051e-03 0.000e+00 5.348e-04 0.000e+00 0.000e+00 1.355e-04 4.429e-04 2.970e-04 1.574e-04
 1.000e+08 2.297e-01 9.637e-02 8.674e-02 7.062e-03 1.296e-03 2.821e-02 3.134e-06 3.130e-03 9.038e-04 2.953e-03 1.980e-03 1.049e-03 0.000e+00 0.000e+00 1.051e-03 0.000e+00 5.363e-04 0.000e+00 0.000e+00 1.365e-04 4.435e-04 2.974e-04 1.585e-04
 1.259e+08 2.418e-01 1.044e-01 9.061e-02 7.077e-03 1.458e-03 2.823e-02 3.136e-06 3.143e-03 9.087e-04 2.953e-03 1.980e-03 1.054e-03 0.000e+00 0.000e+00 1.051e-03 0.000e+00 5.374e-04 0.000e+00 0.000e+00 1.375e-04 4.437e-04 2.976e-04 1.593e-04
 1.585e+08 2.532e-01 1.122e-01 9.401e-02 7.110e-03 1.567e-03 2.827e-02 3.145e-06 3.155e-03 9.134e-04 2.959e-03 1.985e-03 1.059e-03 0.000e+00 0.000e+00 1.052e-03 0.000e+00 5.385e-04 0.000e+00 0.000e+00 1.379e-04 4.444e-04 2.981e-04 1.599e-04
 1.995e+08 2.647e-01 1.202e-01 9.726e-02 7.174e-03 1.611e-03 2.830e-02 3.155e-06 3.165e-03 9.164e-04 2.959e-03 1.984e-03 1.063e-03 0.000e+00 0.000e+00 1.060e-03 0.000e+00 5.379e-04 0.000e+00 0.000e+00 1.378e-04 4.439e-04 2.978e-04 1.597e-04
 2.512e+08 2.761e-01 1.282e-01 1.005e-01 7.276e-03 1.630e-03 2.835e-02 3.176e-06 3.178e-03 9.203e-04 2.964e-03 1.989e-03 1.069e-03 0.000e+00 0.000e+00 1.075e-03 0.000e+00 5.385e-04 0.000e+00 0.000e+00 1.379e-04 4.444e-04 2.981e-04 1.599e-04
 3.162e+08 2.865e-01 1.355e-01 1.035e-01 7.404e-03 1.639e-03 2.838e-02 3.207e-06 3.194e-03 9.234e-04 2.967e-03 1.991e-03 1.074e-03 0.000e+00 0.000e+00 1.095e-03 0.000e+00 5.384e-04 0.000e+00 0.000e+00 1.379e-04 4.443e-04 2.981e-04 1.599e-04
 3.981e+08 2.983e-01 1.434e-01 1.071e-01 7.593e-03 1.650e-03 2.841e-02 3.261e-06 3.220e-03 9.270e-04 2.970e-03 1.993e-03 1.079e-03 0.000e+00 0.000e+00 1.128e-03 0.000e+00 5.385e-04 0.000e+00 0.000e+00 1.379e-04 4.444e-04 2.981e-04 1.599e-04
 5.012e+08 3.087e-01 1.504e-01 1.102e-01 7.760e-03 1.660e-03 2.843e-02 3.306e-06 3.241e-03 9.295e-04 2.969e-03 1.993e-03 1.082e-03 0.000e+00 0.000e+00 1.156e-03 0.000e+00 5.380e-04 0.000e+00 0.000e+00 1.378e-04 4.439e-04 2.978e-04 1.597e-04
 6.310e+08 3.200e-01 1.581e-01 1.136e-01 7.932e-03 1.669e-03 2.848e-02 3.346e-06 3.265e-03 9.328e-04 2.975e-03 1.997e-03 1.088e-03 0.000e+00 0.000e+00 1.185e-03 0.000e+00 5.384e-04 0.000e+00 0.000e+00 1.379e-04 4.443e-04 2.981e-04 1.599e-04
 7.943e+08 3.313e-01 1.658e-01 1.169e-01 8.080e-03 1.679e-03 2.852e-02 3.374e-06 3.283e-03 9.355e-04 2.977e-03 2.000e-03 1.093e-03 0.000e+00 0.000e+00 1.209e-03 0.000e+00 5.385e-04 0.000e+00 0.000e+00 1.379e-04 4.444e-04 2.981e-04 1.599e-04
 1.000e+09 3.409e-01 1.725e-01 1.197e-01 8.180e-03 1.687e-03 2.855e-02 3.387e-06 3.295e-03 9.377e-04 2.980e-03 2.002e-03 1.097e-03 0.000e+00 0.000e+00 1.225e-03 0.000e+00 5.385e-04 0.000e+00 0.000e+00 1.379e-04 4.444e-04 2.981e-04 1.599e-04
 1.259e+09 3.527e-01 1.809e-01 1.230e-01 8.262e-03 1.697e-03 2.858e-02 3.394e-06 3.304e-03 9.399e-04 2.980e-03 2.002e-03 1.101e-03 0.000e+00 0.000e+00 1.235e-03 0.000e+00 5.380e-04 0.000e+00 0.000e+00 1.378e-04 4.439e-04 2.978e-04 1.597e-04
 1.585e+09 3.654e-01 1.899e-01 1.265e-01 8.329e-03 1.707e-03 2.863e-02 3.401e-06 3.314e-03 9.431e-04 2.985e-03 2.006e-03 1.107e-03 0.000e+00 0.000e+00 1.243e-03 0.000e+00 5.384e-04 0.000e+00 0.000e+00 1.379e-04 4.443e-04 2.981e-04 1.599e-04
 1.995e+09 3.792e-01 1.998e-01 1.303e-01 8.374e-03 1.718e-03 2.866e-02 3.403e-06 3.323e-03 9.458e-04 2.986e-03 2.007e-03 1.112e-03 0.000e+00 0.000e+00 1.245e-03 0.000e+00 5.380e-04 0.000e+00 0.000e+00 1.378e-04 4.440e-04 2.978e-04 1.597e-04
 2.512e+09 3.890e-01 2.069e-01 1.329e-01 8.392e-03 1.726e-03 2.869e-02 3.404e-06 3.329e-03 9.479e-04 2.989e-03 2.009e-03 1.117e-03 0.000e+00 0.000e+00 1.245e-03 0.000e+00 5.389e-04 0.000e+00 0.000e+00 1.383e-04 4.444e-04 2.982e-04 1.605e-04
 3.162e+09 3.975e-01 2.130e-01 1.353e-01 8.406e-03 1.731e-03 2.873e-02 3.407e-06 3.335e-03 9.502e-04 2.993e-03 2.013e-03 1.121e-03 0.000e+00 0.000e+00 1.245e-03 0.000e+00 5.402e-04 0.000e+00 0.000e+00 1.387e-04 4.452e-04 2.988e-04 1.613e-04
 3.981e+09 4.083e-01 2.207e-01 1.382e-01 8.417e-03 1.739e-03 2.877e-02 3.409e-06 3.341e-03 9.527e-04 2.996e-03 2.015e-03 1.126e-03 0.000e+00 0.000e+00 1.245e-03 0.000e+00 5.413e-04 0.000e+00 0.000e+00 1.392e-04 4.457e-04 2.992e-04 1.623e-04
 5.012e+09 4.157e-01 2.261e-01 1.403e-01 8.424e-03 1.744e-03 2.879e-02 3.410e-06 3.346e-03 9.544e-04 2.998e-03 2.017e-03 1.129e-03 0.000e+00 0.000e+00 1.245e-03 0.000e+00 5.421e-04 0.000e+00 0.000e+00 1.395e-04 4.461e-04 2.995e-04 1.629e-04
 6.310e+09 4.215e-01 2.302e-01 1.418e-01 8.426e-03 1.748e-03 2.880e-02 3.409e-06 3.348e-03 9.552e-04 2.996e-03 2.016e-03 1.131e-03 0.000e+00 0.000e+00 1.245e-03 0.000e+00 5.422e-04 0.000e+00 0.000e+00 1.397e-04 4.460e-04 2.994e-04 1.633e-04
 7.943e+09 4.293e-01 2.358e-01 1.440e-01 8.433e-03 1.753e-03 2.883e-02 3.410e-06 3.353e-03 9.570e-04 2.998e-03 2.017e-03 1.134e-03 0.000e+00 0.000e+00 1.245e-03 0.000e+00 5.430e-04 0.000e+00 0.000e+00 1.401e-04 4.464e-04 2.998e-04 1.640e-04
 1.000e+10 4.353e-01 2.401e-01 1.456e-01 8.441e-03 1.755e-03 2.886e-02 3.412e-06 3.357e-03 9.587e-04 3.002e-03 2.020e-03 1.137e-03 0.000e+00 0.000e+00 1.245e-03 0.000e+00 5.440e-04 0.000e+00 0.000e+00 1.404e-04 4.470e-04 3.003e-04 1.646e-04
 1.259e+10 4.417e-01 2.448e-01 1.474e-01 8.445e-03 1.759e-03 2.887e-02 3.412e-06 3.360e-03 9.598e-04 3.001e-03 2.019e-03 1.139e-03 0.000e+00 0.000e+00 1.245e-03 0.000e+00 5.443e-04 0.000e+00 0.000e+00 1.406e-04 4.469e-04 3.002e-04 1.651e-04
 1.585e+10 4.485e-01 2.496e-01 1.492e-01 8.453e-03 1.763e-03 2.890e-02 3.414e-06 3.365e-03 9.617e-04 3.006e-03 2.023e-03 1.143e-03 0.000e+00 0.000e+00 1.245e-03 0.000e+00 5.454e-04 0.000e+00 0.000e+00 1.410e-04 4.477e-04 3.008e-04 1.658e-04
