#------- -------
#Mass    log Age
#(Msun)  (year) 
#------- -------
  0.79 10.20
  0.84 10.10
  0.90 10.00
  0.97  9.90
  1.03  9.80
  1.10  9.70
  1.18  9.60
  1.28  9.50
  1.39  9.40
  1.50  9.30
  1.66  9.20
  1.84  9.10
  2.00  9.00
  2.17  8.90
  2.35  8.80
  2.57  8.70
  2.80  8.60
  3.07  8.50
  3.36  8.40
  3.70  8.30
  4.07  8.20
  4.51  8.10
  5.01  8.00
  5.58  7.90
  6.25  7.80
  7.04  7.70
  8.02  7.60
  9.16  7.50
 10.45  7.40
 12.10  7.30
 14.21  7.20
 16.90  7.10
 20.58  7.00
 25.75  6.90
 33.37  6.80
 45.62  6.70
 67.09  6.60
115.26  6.50
