#------- -------
#Mass    log Age
#(Msun)  (year) 
#------- -------
  0.92 10.20
  0.99 10.10
  1.05 10.00
  1.12  9.90
  1.20  9.80
  1.28  9.70
  1.38  9.60
  1.50  9.50
  1.62  9.40
  1.76  9.30
  1.99  9.20
  2.16  9.10
  2.34  9.00
  2.52  8.90
  2.73  8.80
  2.95  8.70
  3.18  8.60
  3.45  8.50
  3.75  8.40
  4.07  8.30
  4.44  8.20
  4.85  8.10
  5.32  8.00
  5.85  7.90
  6.47  7.80
  7.23  7.70
  8.15  7.60
  9.11  7.50
 10.26  7.40
 11.69  7.30
 13.53  7.20
 15.82  7.10
 18.93  7.00
 23.39  6.90
 30.03  6.80
 41.26  6.70
 62.34  6.60
