#------- -------
#Mass    log Age
#(Msun)  (year) 
#------- -------
  0.83 10.20
  0.88 10.10
  0.95 10.00
  1.01  9.90
  1.08  9.80
  1.15  9.70
  1.23  9.60
  1.34  9.50
  1.45  9.40
  1.57  9.30
  1.75  9.20
  1.93  9.10
  2.10  9.00
  2.27  8.90
  2.46  8.80
  2.68  8.70
  2.91  8.60
  3.18  8.50
  3.47  8.40
  3.81  8.30
  4.18  8.20
  4.61  8.10
  5.11  8.00
  5.67  7.90
  6.32  7.80
  7.12  7.70
  8.09  7.60
  9.19  7.50
 10.45  7.40
 12.06  7.30
 14.13  7.20
 16.71  7.10
 20.25  7.00
 25.24  6.90
 32.65  6.80
 44.65  6.70
 66.26  6.60
113.91  6.50
