#--------- --------- --------- --------- --------- --------- --------- --------- --------- --------- --------- --------- --------- --------- --------- --------- --------- --------- --------- --------- --------- --------- --------- ---------
# time     Mtot        p total  He total   C total   N total   O total   F total  Ne total  Mg total  Si total   S total  Fe total    p dust   He dust    C dust    N dust    O dust    F dust   Ne dust   Mg dust   Si dust    S dust   Fe dust
#--------- --------- --------- --------- --------- --------- --------- --------- --------- --------- --------- --------- --------- --------- --------- --------- --------- --------- --------- --------- --------- --------- --------- ---------
 1.000e+06 0.000e+00 0.000e+00 0.000e+00 0.000e+00 0.000e+00 0.000e+00 0.000e+00 0.000e+00 0.000e+00 0.000e+00 0.000e+00 0.000e+00 0.000e+00 0.000e+00 0.000e+00 0.000e+00 0.000e+00 0.000e+00 0.000e+00 0.000e+00 0.000e+00 0.000e+00 0.000e+00
 1.259e+06 0.000e+00 0.000e+00 0.000e+00 0.000e+00 0.000e+00 0.000e+00 0.000e+00 0.000e+00 0.000e+00 0.000e+00 0.000e+00 0.000e+00 0.000e+00 0.000e+00 0.000e+00 0.000e+00 0.000e+00 0.000e+00 0.000e+00 0.000e+00 0.000e+00 0.000e+00 0.000e+00
 1.585e+06 0.000e+00 0.000e+00 0.000e+00 0.000e+00 0.000e+00 0.000e+00 0.000e+00 0.000e+00 0.000e+00 0.000e+00 0.000e+00 0.000e+00 0.000e+00 0.000e+00 0.000e+00 0.000e+00 0.000e+00 0.000e+00 0.000e+00 0.000e+00 0.000e+00 0.000e+00 0.000e+00
 1.995e+06 0.000e+00 0.000e+00 0.000e+00 0.000e+00 0.000e+00 0.000e+00 0.000e+00 0.000e+00 0.000e+00 0.000e+00 0.000e+00 0.000e+00 0.000e+00 0.000e+00 0.000e+00 0.000e+00 0.000e+00 0.000e+00 0.000e+00 0.000e+00 0.000e+00 0.000e+00 0.000e+00
 2.512e+06 0.000e+00 0.000e+00 0.000e+00 0.000e+00 0.000e+00 0.000e+00 0.000e+00 0.000e+00 0.000e+00 0.000e+00 0.000e+00 0.000e+00 0.000e+00 0.000e+00 0.000e+00 0.000e+00 0.000e+00 0.000e+00 0.000e+00 0.000e+00 0.000e+00 0.000e+00 0.000e+00
 3.162e+06 0.000e+00 0.000e+00 0.000e+00 0.000e+00 0.000e+00 0.000e+00 0.000e+00 0.000e+00 0.000e+00 0.000e+00 0.000e+00 0.000e+00 0.000e+00 0.000e+00 0.000e+00 0.000e+00 0.000e+00 0.000e+00 0.000e+00 0.000e+00 0.000e+00 0.000e+00 0.000e+00
 3.981e+06 1.496e-02 7.578e-03 7.131e-03 1.280e-04 4.339e-05 3.790e-05 2.001e-09 1.389e-05 5.567e-06 5.840e-06 2.620e-06 9.605e-06 0.000e+00 0.000e+00 1.920e-05 0.000e+00 1.658e-06 0.000e+00 0.000e+00 8.350e-07 8.760e-07 3.930e-07 1.441e-06
 5.012e+06 3.125e-02 1.547e-02 1.383e-02 3.967e-04 8.251e-05 1.078e-03 8.105e-09 2.311e-04 4.899e-05 5.452e-05 1.928e-05 3.328e-05 0.000e+00 0.000e+00 5.950e-05 0.000e+00 1.237e-05 0.000e+00 0.000e+00 7.348e-06 8.178e-06 2.892e-06 4.991e-06
 6.310e+06 5.379e-02 2.443e-02 2.250e-02 1.109e-03 1.178e-04 4.229e-03 2.029e-08 8.590e-04 1.695e-04 2.066e-04 6.974e-05 9.107e-05 0.000e+00 0.000e+00 1.664e-04 0.000e+00 4.352e-05 0.000e+00 0.000e+00 2.542e-05 3.099e-05 1.046e-05 1.366e-05
 7.943e+06 7.406e-02 3.317e-02 3.021e-02 1.744e-03 1.460e-04 6.578e-03 2.481e-08 1.313e-03 2.610e-04 3.604e-04 1.205e-04 1.588e-04 0.000e+00 0.000e+00 2.615e-04 0.000e+00 7.241e-05 0.000e+00 0.000e+00 3.915e-05 5.406e-05 1.808e-05 2.382e-05
 1.000e+07 9.279e-02 4.181e-02 3.710e-02 2.239e-03 1.694e-04 8.398e-03 2.763e-08 1.809e-03 3.714e-04 4.952e-04 1.623e-04 2.369e-04 0.000e+00 0.000e+00 3.358e-04 0.000e+00 1.013e-04 0.000e+00 0.000e+00 5.571e-05 7.428e-05 2.434e-05 3.553e-05
 1.259e+07 1.101e-01 5.026e-02 4.370e-02 2.610e-03 1.911e-04 9.584e-03 2.982e-08 2.170e-03 4.715e-04 6.220e-04 2.014e-04 3.247e-04 0.000e+00 0.000e+00 3.915e-04 0.000e+00 1.287e-04 0.000e+00 0.000e+00 7.072e-05 9.330e-05 3.021e-05 4.870e-05
 1.585e+07 1.254e-01 5.816e-02 4.940e-02 2.894e-03 2.114e-04 1.046e-02 3.175e-08 2.331e-03 5.226e-04 7.419e-04 2.438e-04 4.169e-04 0.000e+00 0.000e+00 4.342e-04 0.000e+00 1.512e-04 0.000e+00 0.000e+00 7.838e-05 1.113e-04 3.657e-05 6.254e-05
 1.995e+07 1.403e-01 6.622e-02 5.533e-02 3.080e-03 2.327e-04 1.090e-02 3.372e-08 2.407e-03 5.537e-04 8.263e-04 2.743e-04 5.200e-04 0.000e+00 0.000e+00 4.620e-04 0.000e+00 1.682e-04 0.000e+00 0.000e+00 8.306e-05 1.239e-04 4.115e-05 7.800e-05
 2.512e+07 1.545e-01 7.391e-02 6.103e-02 3.239e-03 2.531e-04 1.123e-02 3.559e-08 2.470e-03 5.812e-04 8.992e-04 3.007e-04 6.196e-04 0.000e+00 0.000e+00 4.859e-04 0.000e+00 1.834e-04 0.000e+00 0.000e+00 8.718e-05 1.349e-04 4.510e-05 9.295e-05
 3.162e+07 1.677e-01 8.105e-02 6.633e-02 3.387e-03 2.720e-04 1.154e-02 3.733e-08 2.529e-03 6.067e-04 9.669e-04 3.251e-04 7.121e-04 0.000e+00 0.000e+00 5.080e-04 0.000e+00 1.975e-04 0.000e+00 0.000e+00 9.100e-05 1.450e-04 4.877e-05 1.068e-04
 3.981e+07 1.813e-01 8.841e-02 7.179e-02 3.539e-03 2.915e-04 1.186e-02 3.913e-08 2.589e-03 6.330e-04 1.037e-03 3.503e-04 8.075e-04 0.000e+00 0.000e+00 5.308e-04 0.000e+00 2.120e-04 0.000e+00 0.000e+00 9.494e-05 1.555e-04 5.255e-05 1.211e-04
 5.012e+07 1.947e-01 9.696e-02 7.641e-02 3.564e-03 4.176e-04 1.191e-02 4.013e-08 2.604e-03 6.397e-04 1.046e-03 3.549e-04 8.209e-04 0.000e+00 0.000e+00 5.328e-04 0.000e+00 2.147e-04 0.000e+00 0.000e+00 9.618e-05 1.570e-04 5.335e-05 1.234e-04
 6.310e+07 2.078e-01 1.054e-01 8.084e-02 3.578e-03 5.502e-04 1.194e-02 4.104e-08 2.614e-03 6.444e-04 1.049e-03 3.575e-04 8.264e-04 0.000e+00 0.000e+00 5.328e-04 0.000e+00 2.163e-04 0.000e+00 0.000e+00 9.713e-05 1.577e-04 5.387e-05 1.245e-04
 7.943e+07 2.203e-01 1.135e-01 8.505e-02 3.592e-03 6.769e-04 1.196e-02 4.210e-08 2.624e-03 6.492e-04 1.053e-03 3.601e-04 8.324e-04 0.000e+00 0.000e+00 5.330e-04 0.000e+00 2.179e-04 0.000e+00 0.000e+00 9.807e-05 1.584e-04 5.438e-05 1.257e-04
 1.000e+08 2.324e-01 1.214e-01 8.899e-02 3.608e-03 8.151e-04 1.199e-02 4.419e-08 2.635e-03 6.540e-04 1.056e-03 3.624e-04 8.375e-04 0.000e+00 0.000e+00 5.330e-04 0.000e+00 2.194e-04 0.000e+00 0.000e+00 9.902e-05 1.590e-04 5.485e-05 1.267e-04
 1.259e+08 2.445e-01 1.294e-01 9.285e-02 3.625e-03 9.771e-04 1.202e-02 4.787e-08 2.649e-03 6.591e-04 1.058e-03 3.646e-04 8.419e-04 0.000e+00 0.000e+00 5.328e-04 0.000e+00 2.209e-04 0.000e+00 0.000e+00 1.001e-04 1.595e-04 5.530e-05 1.276e-04
 1.585e+08 2.559e-01 1.372e-01 9.626e-02 3.657e-03 1.086e-03 1.206e-02 5.472e-08 2.661e-03 6.635e-04 1.062e-03 3.671e-04 8.476e-04 0.000e+00 0.000e+00 5.343e-04 0.000e+00 2.216e-04 0.000e+00 0.000e+00 1.004e-04 1.598e-04 5.551e-05 1.281e-04
 1.995e+08 2.673e-01 1.453e-01 9.950e-02 3.721e-03 1.131e-03 1.209e-02 6.659e-08 2.671e-03 6.668e-04 1.064e-03 3.691e-04 8.517e-04 0.000e+00 0.000e+00 5.420e-04 0.000e+00 2.214e-04 0.000e+00 0.000e+00 1.004e-04 1.597e-04 5.547e-05 1.280e-04
 2.512e+08 2.788e-01 1.533e-01 1.027e-01 3.823e-03 1.148e-03 1.213e-02 8.608e-08 2.684e-03 6.705e-04 1.067e-03 3.716e-04 8.573e-04 0.000e+00 0.000e+00 5.568e-04 0.000e+00 2.216e-04 0.000e+00 0.000e+00 1.004e-04 1.598e-04 5.551e-05 1.281e-04
 3.162e+08 2.892e-01 1.605e-01 1.057e-01 3.950e-03 1.158e-03 1.216e-02 1.169e-07 2.700e-03 6.736e-04 1.070e-03 3.736e-04 8.617e-04 0.000e+00 0.000e+00 5.774e-04 0.000e+00 2.215e-04 0.000e+00 0.000e+00 1.004e-04 1.598e-04 5.551e-05 1.281e-04
 3.981e+08 3.009e-01 1.684e-01 1.093e-01 4.139e-03 1.169e-03 1.220e-02 1.713e-07 2.725e-03 6.771e-04 1.073e-03 3.759e-04 8.669e-04 0.000e+00 0.000e+00 6.097e-04 0.000e+00 2.216e-04 0.000e+00 0.000e+00 1.004e-04 1.598e-04 5.551e-05 1.281e-04
 5.012e+08 3.113e-01 1.754e-01 1.124e-01 4.307e-03 1.179e-03 1.223e-02 2.174e-07 2.747e-03 6.799e-04 1.074e-03 3.778e-04 8.706e-04 0.000e+00 0.000e+00 6.386e-04 0.000e+00 2.214e-04 0.000e+00 0.000e+00 1.004e-04 1.597e-04 5.547e-05 1.280e-04
 6.310e+08 3.227e-01 1.831e-01 1.159e-01 4.478e-03 1.188e-03 1.226e-02 2.565e-07 2.770e-03 6.829e-04 1.078e-03 3.802e-04 8.761e-04 0.000e+00 0.000e+00 6.674e-04 0.000e+00 2.215e-04 0.000e+00 0.000e+00 1.004e-04 1.598e-04 5.551e-05 1.281e-04
 7.943e+08 3.339e-01 1.908e-01 1.192e-01 4.626e-03 1.198e-03 1.230e-02 2.837e-07 2.788e-03 6.856e-04 1.080e-03 3.824e-04 8.810e-04 0.000e+00 0.000e+00 6.914e-04 0.000e+00 2.216e-04 0.000e+00 0.000e+00 1.004e-04 1.598e-04 5.551e-05 1.281e-04
 1.000e+09 3.436e-01 1.976e-01 1.219e-01 4.726e-03 1.206e-03 1.233e-02 2.975e-07 2.800e-03 6.878e-04 1.083e-03 3.843e-04 8.852e-04 0.000e+00 0.000e+00 7.066e-04 0.000e+00 2.216e-04 0.000e+00 0.000e+00 1.004e-04 1.598e-04 5.551e-05 1.281e-04
 1.259e+09 3.554e-01 2.059e-01 1.252e-01 4.810e-03 1.216e-03 1.237e-02 3.056e-07 2.810e-03 6.903e-04 1.085e-03 3.865e-04 8.895e-04 0.000e+00 0.000e+00 7.176e-04 0.000e+00 2.214e-04 0.000e+00 0.000e+00 1.004e-04 1.597e-04 5.547e-05 1.280e-04
 1.585e+09 3.681e-01 2.150e-01 1.287e-01 4.876e-03 1.226e-03 1.241e-02 3.107e-07 2.820e-03 6.933e-04 1.089e-03 3.892e-04 8.956e-04 0.000e+00 0.000e+00 7.245e-04 0.000e+00 2.215e-04 0.000e+00 0.000e+00 1.004e-04 1.598e-04 5.551e-05 1.281e-04
 1.995e+09 3.819e-01 2.249e-01 1.325e-01 4.921e-03 1.237e-03 1.246e-02 3.144e-07 2.829e-03 6.962e-04 1.091e-03 3.917e-04 9.008e-04 0.000e+00 0.000e+00 7.269e-04 0.000e+00 2.214e-04 0.000e+00 0.000e+00 1.004e-04 1.597e-04 5.547e-05 1.280e-04
 2.512e+09 3.916e-01 2.319e-01 1.352e-01 4.940e-03 1.245e-03 1.249e-02 3.161e-07 2.835e-03 6.983e-04 1.094e-03 3.936e-04 9.050e-04 0.000e+00 0.000e+00 7.269e-04 0.000e+00 2.224e-04 0.000e+00 0.000e+00 1.008e-04 1.602e-04 5.584e-05 1.288e-04
 3.162e+09 4.002e-01 2.380e-01 1.375e-01 4.952e-03 1.250e-03 1.252e-02 3.173e-07 2.840e-03 7.004e-04 1.096e-03 3.955e-04 9.093e-04 0.000e+00 0.000e+00 7.270e-04 0.000e+00 2.233e-04 0.000e+00 0.000e+00 1.012e-04 1.606e-04 5.618e-05 1.296e-04
 3.981e+09 4.109e-01 2.457e-01 1.405e-01 4.963e-03 1.258e-03 1.255e-02 3.188e-07 2.847e-03 7.028e-04 1.099e-03 3.976e-04 9.140e-04 0.000e+00 0.000e+00 7.270e-04 0.000e+00 2.244e-04 0.000e+00 0.000e+00 1.017e-04 1.612e-04 5.661e-05 1.305e-04
 5.012e+09 4.184e-01 2.511e-01 1.425e-01 4.970e-03 1.263e-03 1.258e-02 3.199e-07 2.851e-03 7.045e-04 1.101e-03 3.991e-04 9.173e-04 0.000e+00 0.000e+00 7.270e-04 0.000e+00 2.251e-04 0.000e+00 0.000e+00 1.020e-04 1.615e-04 5.691e-05 1.312e-04
 6.310e+09 4.241e-01 2.552e-01 1.441e-01 4.974e-03 1.267e-03 1.259e-02 3.208e-07 2.854e-03 7.056e-04 1.102e-03 4.001e-04 9.190e-04 0.000e+00 0.000e+00 7.269e-04 0.000e+00 2.257e-04 0.000e+00 0.000e+00 1.023e-04 1.617e-04 5.713e-05 1.316e-04
 7.943e+09 4.320e-01 2.609e-01 1.462e-01 4.981e-03 1.272e-03 1.262e-02 3.218e-07 2.859e-03 7.074e-04 1.104e-03 4.016e-04 9.224e-04 0.000e+00 0.000e+00 7.269e-04 0.000e+00 2.265e-04 0.000e+00 0.000e+00 1.026e-04 1.621e-04 5.744e-05 1.323e-04
 1.000e+10 4.380e-01 2.652e-01 1.479e-01 4.987e-03 1.274e-03 1.264e-02 3.225e-07 2.863e-03 7.089e-04 1.105e-03 4.030e-04 9.257e-04 0.000e+00 0.000e+00 7.270e-04 0.000e+00 2.271e-04 0.000e+00 0.000e+00 1.029e-04 1.625e-04 5.768e-05 1.328e-04
 1.259e+10 4.443e-01 2.698e-01 1.496e-01 4.992e-03 1.279e-03 1.266e-02 3.235e-07 2.866e-03 7.102e-04 1.107e-03 4.041e-04 9.278e-04 0.000e+00 0.000e+00 7.269e-04 0.000e+00 2.277e-04 0.000e+00 0.000e+00 1.032e-04 1.627e-04 5.793e-05 1.333e-04
 1.585e+10 4.511e-01 2.747e-01 1.515e-01 4.999e-03 1.281e-03 1.268e-02 3.244e-07 2.870e-03 7.119e-04 1.109e-03 4.056e-04 9.314e-04 0.000e+00 0.000e+00 7.270e-04 0.000e+00 2.285e-04 0.000e+00 0.000e+00 1.035e-04 1.631e-04 5.821e-05 1.340e-04
