#--------- --------- --------- --------- --------- --------- --------- --------- --------- --------- --------- --------- --------- --------- --------- --------- --------- --------- --------- --------- --------- --------- --------- ---------
# time     Mtot        p total  He total   C total   N total   O total   F total  Ne total  Mg total  Si total   S total  Fe total    p dust   He dust    C dust    N dust    O dust    F dust   Ne dust   Mg dust   Si dust    S dust   Fe dust
#--------- --------- --------- --------- --------- --------- --------- --------- --------- --------- --------- --------- --------- --------- --------- --------- --------- --------- --------- --------- --------- --------- --------- ---------
 1.000e+06 0.000e+00 0.000e+00 0.000e+00 0.000e+00 0.000e+00 0.000e+00 0.000e+00 0.000e+00 0.000e+00 0.000e+00 0.000e+00 0.000e+00 0.000e+00 0.000e+00 0.000e+00 0.000e+00 0.000e+00 0.000e+00 0.000e+00 0.000e+00 0.000e+00 0.000e+00 0.000e+00
 1.259e+06 0.000e+00 0.000e+00 0.000e+00 0.000e+00 0.000e+00 0.000e+00 0.000e+00 0.000e+00 0.000e+00 0.000e+00 0.000e+00 0.000e+00 0.000e+00 0.000e+00 0.000e+00 0.000e+00 0.000e+00 0.000e+00 0.000e+00 0.000e+00 0.000e+00 0.000e+00 0.000e+00
 1.585e+06 0.000e+00 0.000e+00 0.000e+00 0.000e+00 0.000e+00 0.000e+00 0.000e+00 0.000e+00 0.000e+00 0.000e+00 0.000e+00 0.000e+00 0.000e+00 0.000e+00 0.000e+00 0.000e+00 0.000e+00 0.000e+00 0.000e+00 0.000e+00 0.000e+00 0.000e+00 0.000e+00
 1.995e+06 0.000e+00 0.000e+00 0.000e+00 0.000e+00 0.000e+00 0.000e+00 0.000e+00 0.000e+00 0.000e+00 0.000e+00 0.000e+00 0.000e+00 0.000e+00 0.000e+00 0.000e+00 0.000e+00 0.000e+00 0.000e+00 0.000e+00 0.000e+00 0.000e+00 0.000e+00 0.000e+00
 2.512e+06 0.000e+00 0.000e+00 0.000e+00 0.000e+00 0.000e+00 0.000e+00 0.000e+00 0.000e+00 0.000e+00 0.000e+00 0.000e+00 0.000e+00 0.000e+00 0.000e+00 0.000e+00 0.000e+00 0.000e+00 0.000e+00 0.000e+00 0.000e+00 0.000e+00 0.000e+00 0.000e+00
 3.162e+06 0.000e+00 0.000e+00 0.000e+00 0.000e+00 0.000e+00 0.000e+00 0.000e+00 0.000e+00 0.000e+00 0.000e+00 0.000e+00 0.000e+00 0.000e+00 0.000e+00 0.000e+00 0.000e+00 0.000e+00 0.000e+00 0.000e+00 0.000e+00 0.000e+00 0.000e+00 0.000e+00
 3.981e+06 1.513e-02 7.421e-03 7.382e-03 1.980e-04 4.489e-05 4.844e-05 2.103e-09 1.507e-05 5.577e-06 5.837e-06 2.627e-06 9.593e-06 0.000e+00 0.000e+00 2.970e-05 0.000e+00 1.658e-06 0.000e+00 0.000e+00 8.365e-07 8.755e-07 3.940e-07 1.439e-06
 5.012e+06 3.192e-02 1.528e-02 1.440e-02 5.461e-04 8.702e-05 1.204e-03 8.855e-09 2.316e-04 5.191e-05 5.998e-05 2.187e-05 3.328e-05 0.000e+00 0.000e+00 8.192e-05 0.000e+00 1.332e-05 0.000e+00 0.000e+00 7.786e-06 8.997e-06 3.280e-06 4.992e-06
 6.310e+06 5.439e-02 2.394e-02 2.283e-02 1.338e-03 1.256e-04 4.709e-03 2.708e-08 8.612e-04 1.818e-04 2.275e-04 7.991e-05 9.114e-05 0.000e+00 0.000e+00 2.006e-04 0.000e+00 4.728e-05 0.000e+00 0.000e+00 2.727e-05 3.412e-05 1.199e-05 1.367e-05
 7.943e+06 7.463e-02 3.237e-02 3.042e-02 2.020e-03 1.582e-04 7.368e-03 6.039e-08 1.330e-03 2.801e-04 3.904e-04 1.355e-04 1.589e-04 0.000e+00 0.000e+00 3.030e-04 0.000e+00 7.799e-05 0.000e+00 0.000e+00 4.202e-05 5.856e-05 2.032e-05 2.384e-05
 1.000e+07 9.324e-02 4.064e-02 3.722e-02 2.566e-03 1.930e-04 9.469e-03 1.135e-07 1.802e-03 3.879e-04 5.394e-04 1.837e-04 2.369e-04 0.000e+00 0.000e+00 3.848e-04 0.000e+00 1.083e-04 0.000e+00 0.000e+00 5.818e-05 8.091e-05 2.756e-05 3.553e-05
 1.259e+07 1.104e-01 4.871e-02 4.369e-02 2.988e-03 2.288e-04 1.093e-02 1.685e-07 2.131e-03 4.811e-04 6.785e-04 2.303e-04 3.289e-04 0.000e+00 0.000e+00 4.482e-04 0.000e+00 1.369e-04 0.000e+00 0.000e+00 7.216e-05 1.018e-04 3.455e-05 4.934e-05
 1.585e+07 1.255e-01 5.628e-02 4.930e-02 3.306e-03 2.607e-04 1.204e-02 2.186e-07 2.288e-03 5.312e-04 8.024e-04 2.786e-04 4.331e-04 0.000e+00 0.000e+00 4.958e-04 0.000e+00 1.605e-04 0.000e+00 0.000e+00 7.968e-05 1.204e-04 4.179e-05 6.497e-05
 1.995e+07 1.403e-01 6.402e-02 5.510e-02 3.533e-03 2.917e-04 1.269e-02 2.321e-07 2.368e-03 5.620e-04 9.002e-04 3.255e-04 5.387e-04 0.000e+00 0.000e+00 5.300e-04 0.000e+00 1.799e-04 0.000e+00 0.000e+00 8.430e-05 1.350e-04 4.882e-05 8.080e-05
 2.512e+07 1.544e-01 7.141e-02 6.067e-02 3.734e-03 3.210e-04 1.324e-02 2.376e-07 2.436e-03 5.890e-04 9.880e-04 3.694e-04 6.383e-04 0.000e+00 0.000e+00 5.601e-04 0.000e+00 1.977e-04 0.000e+00 0.000e+00 8.834e-05 1.482e-04 5.541e-05 9.574e-05
 3.162e+07 1.674e-01 7.828e-02 6.583e-02 3.921e-03 3.482e-04 1.374e-02 2.426e-07 2.499e-03 6.140e-04 1.070e-03 4.102e-04 7.308e-04 0.000e+00 0.000e+00 5.882e-04 0.000e+00 2.141e-04 0.000e+00 0.000e+00 9.210e-05 1.604e-04 6.154e-05 1.096e-04
 3.981e+07 1.809e-01 8.535e-02 7.116e-02 4.114e-03 3.762e-04 1.426e-02 2.478e-07 2.564e-03 6.398e-04 1.154e-03 4.523e-04 8.261e-04 0.000e+00 0.000e+00 6.171e-04 0.000e+00 2.311e-04 0.000e+00 0.000e+00 9.597e-05 1.730e-04 6.785e-05 1.239e-04
 5.012e+07 1.943e-01 9.388e-02 7.577e-02 4.143e-03 5.031e-04 1.433e-02 2.491e-07 2.579e-03 6.465e-04 1.164e-03 4.583e-04 8.395e-04 0.000e+00 0.000e+00 6.195e-04 0.000e+00 2.340e-04 0.000e+00 0.000e+00 9.719e-05 1.747e-04 6.887e-05 1.262e-04
 6.310e+07 2.074e-01 1.023e-01 8.020e-02 4.156e-03 6.357e-04 1.435e-02 2.500e-07 2.589e-03 6.512e-04 1.167e-03 4.609e-04 8.450e-04 0.000e+00 0.000e+00 6.195e-04 0.000e+00 2.356e-04 0.000e+00 0.000e+00 9.815e-05 1.754e-04 6.939e-05 1.273e-04
 7.943e+07 2.199e-01 1.104e-01 8.442e-02 4.171e-03 7.624e-04 1.438e-02 2.511e-07 2.600e-03 6.560e-04 1.171e-03 4.637e-04 8.510e-04 0.000e+00 0.000e+00 6.198e-04 0.000e+00 2.372e-04 0.000e+00 0.000e+00 9.909e-05 1.761e-04 6.992e-05 1.285e-04
 1.000e+08 2.319e-01 1.183e-01 8.835e-02 4.187e-03 9.007e-04 1.440e-02 2.532e-07 2.611e-03 6.608e-04 1.174e-03 4.660e-04 8.561e-04 0.000e+00 0.000e+00 6.198e-04 0.000e+00 2.387e-04 0.000e+00 0.000e+00 1.000e-04 1.767e-04 7.039e-05 1.295e-04
 1.259e+08 2.441e-01 1.264e-01 9.221e-02 4.203e-03 1.063e-03 1.443e-02 2.568e-07 2.624e-03 6.659e-04 1.176e-03 4.681e-04 8.605e-04 0.000e+00 0.000e+00 6.195e-04 0.000e+00 2.402e-04 0.000e+00 0.000e+00 1.011e-04 1.772e-04 7.082e-05 1.304e-04
 1.585e+08 2.555e-01 1.341e-01 9.562e-02 4.235e-03 1.171e-03 1.447e-02 2.637e-07 2.636e-03 6.703e-04 1.180e-03 4.707e-04 8.662e-04 0.000e+00 0.000e+00 6.211e-04 0.000e+00 2.409e-04 0.000e+00 0.000e+00 1.015e-04 1.776e-04 7.105e-05 1.309e-04
 1.995e+08 2.669e-01 1.422e-01 9.886e-02 4.300e-03 1.216e-03 1.450e-02 2.755e-07 2.646e-03 6.736e-04 1.182e-03 4.726e-04 8.703e-04 0.000e+00 0.000e+00 6.287e-04 0.000e+00 2.407e-04 0.000e+00 0.000e+00 1.014e-04 1.774e-04 7.099e-05 1.308e-04
 2.512e+08 2.783e-01 1.502e-01 1.021e-01 4.401e-03 1.234e-03 1.454e-02 2.951e-07 2.659e-03 6.773e-04 1.185e-03 4.752e-04 8.759e-04 0.000e+00 0.000e+00 6.436e-04 0.000e+00 2.409e-04 0.000e+00 0.000e+00 1.015e-04 1.776e-04 7.105e-05 1.309e-04
 3.162e+08 2.888e-01 1.574e-01 1.051e-01 4.529e-03 1.244e-03 1.457e-02 3.259e-07 2.675e-03 6.804e-04 1.188e-03 4.772e-04 8.804e-04 0.000e+00 0.000e+00 6.642e-04 0.000e+00 2.409e-04 0.000e+00 0.000e+00 1.015e-04 1.775e-04 7.105e-05 1.309e-04
 3.981e+08 3.005e-01 1.653e-01 1.087e-01 4.718e-03 1.254e-03 1.461e-02 3.803e-07 2.701e-03 6.839e-04 1.191e-03 4.795e-04 8.855e-04 0.000e+00 0.000e+00 6.965e-04 0.000e+00 2.409e-04 0.000e+00 0.000e+00 1.015e-04 1.776e-04 7.105e-05 1.309e-04
 5.012e+08 3.109e-01 1.724e-01 1.118e-01 4.886e-03 1.265e-03 1.464e-02 4.263e-07 2.723e-03 6.866e-04 1.193e-03 4.812e-04 8.892e-04 0.000e+00 0.000e+00 7.254e-04 0.000e+00 2.407e-04 0.000e+00 0.000e+00 1.014e-04 1.774e-04 7.099e-05 1.308e-04
 6.310e+08 3.223e-01 1.800e-01 1.152e-01 5.057e-03 1.274e-03 1.468e-02 4.654e-07 2.746e-03 6.897e-04 1.196e-03 4.838e-04 8.948e-04 0.000e+00 0.000e+00 7.542e-04 0.000e+00 2.409e-04 0.000e+00 0.000e+00 1.015e-04 1.775e-04 7.105e-05 1.309e-04
 7.943e+08 3.335e-01 1.877e-01 1.185e-01 5.204e-03 1.283e-03 1.471e-02 4.927e-07 2.764e-03 6.924e-04 1.199e-03 4.860e-04 8.996e-04 0.000e+00 0.000e+00 7.782e-04 0.000e+00 2.409e-04 0.000e+00 0.000e+00 1.015e-04 1.776e-04 7.105e-05 1.309e-04
 1.000e+09 3.432e-01 1.945e-01 1.213e-01 5.305e-03 1.291e-03 1.475e-02 5.065e-07 2.776e-03 6.946e-04 1.201e-03 4.879e-04 9.038e-04 0.000e+00 0.000e+00 7.934e-04 0.000e+00 2.409e-04 0.000e+00 0.000e+00 1.015e-04 1.776e-04 7.105e-05 1.309e-04
 1.259e+09 3.550e-01 2.029e-01 1.246e-01 5.388e-03 1.302e-03 1.478e-02 5.146e-07 2.786e-03 6.971e-04 1.203e-03 4.899e-04 9.081e-04 0.000e+00 0.000e+00 8.044e-04 0.000e+00 2.407e-04 0.000e+00 0.000e+00 1.014e-04 1.774e-04 7.099e-05 1.308e-04
 1.585e+09 3.677e-01 2.119e-01 1.281e-01 5.454e-03 1.311e-03 1.483e-02 5.197e-07 2.795e-03 7.000e-04 1.207e-03 4.927e-04 9.142e-04 0.000e+00 0.000e+00 8.113e-04 0.000e+00 2.409e-04 0.000e+00 0.000e+00 1.015e-04 1.775e-04 7.105e-05 1.309e-04
 1.995e+09 3.815e-01 2.218e-01 1.319e-01 5.500e-03 1.323e-03 1.487e-02 5.233e-07 2.804e-03 7.030e-04 1.210e-03 4.952e-04 9.194e-04 0.000e+00 0.000e+00 8.137e-04 0.000e+00 2.407e-04 0.000e+00 0.000e+00 1.014e-04 1.774e-04 7.099e-05 1.308e-04
 2.512e+09 3.912e-01 2.288e-01 1.345e-01 5.518e-03 1.330e-03 1.490e-02 5.250e-07 2.810e-03 7.051e-04 1.212e-03 4.971e-04 9.236e-04 0.000e+00 0.000e+00 8.137e-04 0.000e+00 2.417e-04 0.000e+00 0.000e+00 1.018e-04 1.779e-04 7.136e-05 1.316e-04
 3.162e+09 3.998e-01 2.349e-01 1.369e-01 5.531e-03 1.336e-03 1.493e-02 5.262e-07 2.816e-03 7.072e-04 1.215e-03 4.991e-04 9.280e-04 0.000e+00 0.000e+00 8.138e-04 0.000e+00 2.426e-04 0.000e+00 0.000e+00 1.022e-04 1.784e-04 7.172e-05 1.324e-04
 3.981e+09 4.105e-01 2.427e-01 1.398e-01 5.542e-03 1.343e-03 1.497e-02 5.278e-07 2.822e-03 7.096e-04 1.217e-03 5.012e-04 9.327e-04 0.000e+00 0.000e+00 8.138e-04 0.000e+00 2.437e-04 0.000e+00 0.000e+00 1.027e-04 1.789e-04 7.215e-05 1.333e-04
 5.012e+09 4.180e-01 2.480e-01 1.419e-01 5.549e-03 1.348e-03 1.499e-02 5.288e-07 2.827e-03 7.113e-04 1.219e-03 5.027e-04 9.359e-04 0.000e+00 0.000e+00 8.138e-04 0.000e+00 2.445e-04 0.000e+00 0.000e+00 1.030e-04 1.793e-04 7.245e-05 1.339e-04
 6.310e+09 4.237e-01 2.522e-01 1.434e-01 5.553e-03 1.353e-03 1.501e-02 5.297e-07 2.830e-03 7.124e-04 1.220e-03 5.035e-04 9.377e-04 0.000e+00 0.000e+00 8.137e-04 0.000e+00 2.450e-04 0.000e+00 0.000e+00 1.033e-04 1.795e-04 7.265e-05 1.344e-04
 7.943e+09 4.316e-01 2.578e-01 1.456e-01 5.560e-03 1.357e-03 1.503e-02 5.308e-07 2.834e-03 7.142e-04 1.222e-03 5.051e-04 9.411e-04 0.000e+00 0.000e+00 8.137e-04 0.000e+00 2.458e-04 0.000e+00 0.000e+00 1.036e-04 1.798e-04 7.296e-05 1.351e-04
 1.000e+10 4.376e-01 2.621e-01 1.472e-01 5.566e-03 1.360e-03 1.505e-02 5.315e-07 2.838e-03 7.157e-04 1.224e-03 5.066e-04 9.443e-04 0.000e+00 0.000e+00 8.138e-04 0.000e+00 2.464e-04 0.000e+00 0.000e+00 1.039e-04 1.802e-04 7.322e-05 1.356e-04
 1.259e+10 4.439e-01 2.667e-01 1.490e-01 5.571e-03 1.364e-03 1.507e-02 5.325e-07 2.842e-03 7.169e-04 1.225e-03 5.075e-04 9.464e-04 0.000e+00 0.000e+00 8.137e-04 0.000e+00 2.470e-04 0.000e+00 0.000e+00 1.042e-04 1.804e-04 7.345e-05 1.361e-04
 1.585e+10 4.507e-01 2.716e-01 1.508e-01 5.578e-03 1.367e-03 1.510e-02 5.333e-07 2.846e-03 7.186e-04 1.227e-03 5.092e-04 9.501e-04 0.000e+00 0.000e+00 8.138e-04 0.000e+00 2.478e-04 0.000e+00 0.000e+00 1.045e-04 1.808e-04 7.375e-05 1.368e-04
