#---Details of Columns:
#    M0 (solMass)          (F5.2)  [1/6.5] Initial mass [ucd=phys.mass]
#    Z0                    (D10.3)  Initial metallicity [ucd=phys.abund.Z]
#    M1 (solMass)          (F6.3)  Final mass (1) [ucd=phys.mass]
#    El                    (a4)    Species i (2) [ucd=phys.atmol.element]
#    Yield (solMass)       (D9.2)  Net yield [ucd=phys.composition.yield]
#    M(i)lost (solMass)    (D9.2)  Mass of species i lost in the wind [ucd=phys.mass]
#    M(i)0 (solMass)       (D9.2)  Mass of species i initially present in the wind [ucd=phys.mass]
#    M(i)lostall (solMass) (D9.2)  Total mass lost in the wind [ucd=phys.mass]
#----- --------- ----- ---- --------- --------- --------- -----------
#M0                                                                 
#(sol            M1 (so     Yield     M(i)lost  M(i)0     M(i)lostall
#Mass) Z0        lMass) El  (solMass) (solMass) (solMass) (solMass)  
#----- --------- ----- ---- --------- --------- --------- -----------
 1.00  1.345e-02 0.571    p -8.44e-03  2.98e-01  3.07e-01  4.29e-01
 1.00  1.345e-02 0.571   He  8.42e-03  1.26e-01  1.17e-01  4.29e-01
 1.00  1.345e-02 0.571    C -1.06e-04  7.86e-04  8.92e-04  4.29e-01
 1.00  1.345e-02 0.571    N  1.28e-04  4.50e-04  3.22e-04  4.29e-01
 1.00  1.345e-02 0.571    O -2.73e-06  2.79e-03  2.79e-03  4.29e-01
 1.00  1.345e-02 0.571    F  1.63e-11  1.18e-07  1.18e-07  4.29e-01
 1.00  1.345e-02 0.571   Ne -1.43e-07  5.10e-04  5.10e-04  4.29e-01
 1.00  1.345e-02 0.571   Mg  1.27e-10  1.92e-04  1.92e-04  4.29e-01
 1.00  1.345e-02 0.571   Si -6.46e-10  2.07e-04  2.07e-04  4.29e-01
 1.00  1.345e-02 0.571    S  1.63e-09  1.70e-04  1.70e-04  4.29e-01
 1.00  1.345e-02 0.571   Fe  7.36e-10  3.70e-04  3.70e-04  4.29e-01
 1.25  1.345e-02 0.588    p -1.34e-02  4.60e-01  4.73e-01  6.62e-01
 1.25  1.345e-02 0.588   He  1.34e-02  1.94e-01  1.81e-01  6.62e-01
 1.25  1.345e-02 0.588    C -2.95e-04  1.08e-03  1.38e-03  6.62e-01
 1.25  1.345e-02 0.588    N  3.53e-04  8.49e-04  4.98e-04  6.62e-01
 1.25  1.345e-02 0.588    O -6.17e-06  4.32e-03  4.33e-03  6.62e-01
 1.25  1.345e-02 0.588    F  6.04e-10  1.82e-07  1.82e-07  6.62e-01
 1.25  1.345e-02 0.588   Ne -3.35e-07  7.89e-04  7.89e-04  6.62e-01
 1.25  1.345e-02 0.588   Mg  1.93e-08  2.97e-04  2.97e-04  6.62e-01
 1.25  1.345e-02 0.588   Si  2.15e-08  3.19e-04  3.19e-04  6.62e-01
 1.25  1.345e-02 0.588    S  1.77e-08  2.63e-04  2.63e-04  6.62e-01
 1.25  1.345e-02 0.588   Fe  3.86e-08  5.72e-04  5.72e-04  6.62e-01
 1.50  1.345e-02 0.618    p -1.53e-02  6.15e-01  6.30e-01  8.82e-01
 1.50  1.345e-02 0.618   He  1.51e-02  2.55e-01  2.41e-01  8.82e-01
 1.50  1.345e-02 0.618    C -3.85e-04  1.45e-03  1.83e-03  8.82e-01
 1.50  1.345e-02 0.618    N  6.14e-04  1.28e-03  6.64e-04  8.82e-01
 1.50  1.345e-02 0.618    O -7.18e-06  5.75e-03  5.76e-03  8.82e-01
 1.50  1.345e-02 0.618    F  5.82e-09  2.48e-07  2.43e-07  8.82e-01
 1.50  1.345e-02 0.618   Ne  2.40e-06  1.05e-03  1.05e-03  8.82e-01
 1.50  1.345e-02 0.618   Mg -1.54e-08  3.95e-04  3.95e-04  8.82e-01
 1.50  1.345e-02 0.618   Si  1.13e-08  4.26e-04  4.26e-04  8.82e-01
 1.50  1.345e-02 0.618    S  7.06e-09  3.51e-04  3.51e-04  8.82e-01
 1.50  1.345e-02 0.618   Fe  1.86e-08  7.59e-04  7.59e-04  8.82e-01
 1.75  1.345e-02 0.626    p -1.95e-02  7.83e-01  8.03e-01  1.12e+00
 1.75  1.345e-02 0.626   He  1.77e-02  3.24e-01  3.06e-01  1.12e+00
 1.75  1.345e-02 0.626    C  8.72e-04  3.20e-03  2.33e-03  1.12e+00
 1.75  1.345e-02 0.626    N  8.79e-04  1.72e-03  8.42e-04  1.12e+00
 1.75  1.345e-02 0.626    O  1.51e-05  7.31e-03  7.29e-03  1.12e+00
 1.75  1.345e-02 0.626    F  8.30e-08  3.91e-07  3.08e-07  1.12e+00
 1.75  1.345e-02 0.626   Ne  5.18e-05  1.38e-03  1.33e-03  1.12e+00
 1.75  1.345e-02 0.626   Mg  6.18e-08  5.02e-04  5.02e-04  1.12e+00
 1.75  1.345e-02 0.626   Si  2.08e-08  5.40e-04  5.40e-04  1.12e+00
 1.75  1.345e-02 0.626    S -7.87e-09  4.45e-04  4.45e-04  1.12e+00
 1.75  1.345e-02 0.626   Fe  4.07e-09  9.68e-04  9.69e-04  1.12e+00
 1.90  1.345e-02 0.635    p -2.18e-02  8.82e-01  9.04e-01  1.26e+00
 1.90  1.345e-02 0.635   He  1.87e-02  3.63e-01  3.45e-01  1.26e+00
 1.90  1.345e-02 0.635    C  1.95e-03  4.57e-03  2.62e-03  1.26e+00
 1.90  1.345e-02 0.635    N  9.86e-04  1.93e-03  9.45e-04  1.26e+00
 1.90  1.345e-02 0.635    O  3.02e-05  8.22e-03  8.19e-03  1.26e+00
 1.90  1.345e-02 0.635    F  1.71e-07  5.16e-07  3.45e-07  1.26e+00
 1.90  1.345e-02 0.635   Ne  9.98e-05  1.59e-03  1.50e-03  1.26e+00
 1.90  1.345e-02 0.635   Mg  3.07e-07  5.64e-04  5.63e-04  1.26e+00
 1.90  1.345e-02 0.635   Si  3.83e-08  6.07e-04  6.07e-04  1.26e+00
 1.90  1.345e-02 0.635    S -1.78e-08  5.00e-04  5.00e-04  1.26e+00
 1.90  1.345e-02 0.635   Fe  5.28e-09  1.09e-03  1.09e-03  1.26e+00
 2.10  1.345e-02 0.644    p -2.84e-02  1.01e+00  1.03e+00  1.46e+00
 2.10  1.345e-02 0.644   He  2.31e-02  4.24e-01  4.01e-01  1.46e+00
 2.10  1.345e-02 0.644    C  3.75e-03  6.98e-03  3.25e-03  1.46e+00
 2.10  1.345e-02 0.644    N  1.27e-03  2.44e-03  1.17e-03  1.46e+00
 2.10  1.345e-02 0.644    O -1.91e-05  1.01e-02  1.02e-02  1.46e+00
 2.10  1.345e-02 0.644    F  4.45e-07  8.73e-07  4.29e-07  1.46e+00
 2.10  1.345e-02 0.644   Ne  2.43e-04  2.10e-03  1.85e-03  1.46e+00
 2.10  1.345e-02 0.644   Mg  1.41e-06  7.00e-04  6.99e-04  1.46e+00
 2.10  1.345e-02 0.644   Si  1.18e-07  7.53e-04  7.53e-04  1.46e+00
 2.10  1.345e-02 0.644    S -2.16e-08  6.21e-04  6.21e-04  1.46e+00
 2.10  1.345e-02 0.644   Fe  5.66e-08  1.35e-03  1.35e-03  1.46e+00
 2.25  1.345e-02 0.655    p -4.23e-02  1.10e+00  1.14e+00  1.60e+00
 2.25  1.345e-02 0.655   He  3.31e-02  4.67e-01  4.34e-01  1.60e+00
 2.25  1.345e-02 0.655    C  7.33e-03  1.06e-02  3.29e-03  1.60e+00
 2.25  1.345e-02 0.655    N  1.34e-03  2.53e-03  1.19e-03  1.60e+00
 2.25  1.345e-02 0.655    O -5.51e-05  1.03e-02  1.03e-02  1.60e+00
 2.25  1.345e-02 0.655    F  1.06e-06  1.50e-06  4.34e-07  1.60e+00
 2.25  1.345e-02 0.655   Ne  5.44e-04  2.42e-03  1.88e-03  1.60e+00
 2.25  1.345e-02 0.655   Mg  4.14e-06  7.12e-04  7.07e-04  1.60e+00
 2.25  1.345e-02 0.655   Si  2.54e-07  7.62e-04  7.62e-04  1.60e+00
 2.25  1.345e-02 0.655    S -5.03e-08  6.29e-04  6.29e-04  1.60e+00
 2.25  1.345e-02 0.655   Fe  1.19e-07  1.37e-03  1.37e-03  1.60e+00
 2.50  1.345e-02 0.665    p -6.58e-02  1.25e+00  1.31e+00  1.84e+00
 2.50  1.345e-02 0.665   He  5.05e-02  5.51e-01  5.00e-01  1.84e+00
 2.50  1.345e-02 0.665    C  1.28e-02  1.66e-02  3.80e-03  1.84e+00
 2.50  1.345e-02 0.665    N  1.63e-03  2.99e-03  1.37e-03  1.84e+00
 2.50  1.345e-02 0.665    O -2.86e-04  1.16e-02  1.19e-02  1.84e+00
 2.50  1.345e-02 0.665    F  2.37e-06  2.87e-06  5.01e-07  1.84e+00
 2.50  1.345e-02 0.665   Ne  1.15e-03  3.32e-03  2.17e-03  1.84e+00
 2.50  1.345e-02 0.665   Mg  1.34e-05  8.31e-04  8.15e-04  1.84e+00
 2.50  1.345e-02 0.665   Si  5.14e-07  8.80e-04  8.80e-04  1.84e+00
 2.50  1.345e-02 0.665    S -2.45e-07  7.26e-04  7.25e-04  1.84e+00
 2.50  1.345e-02 0.665   Fe  1.52e-08  1.57e-03  1.57e-03  1.84e+00
 3.00  1.345e-02 0.695    p -1.22e-01  1.53e+00  1.65e+00  2.30e+00
 3.00  1.345e-02 0.695   He  9.07e-02  7.21e-01  6.29e-01  2.30e+00
 3.00  1.345e-02 0.695    C  2.64e-02  3.12e-02  4.78e-03  2.30e+00
 3.00  1.345e-02 0.695    N  2.19e-03  3.92e-03  1.72e-03  2.30e+00
 3.00  1.345e-02 0.695    O -8.12e-04  1.42e-02  1.50e-02  2.30e+00
 3.00  1.345e-02 0.695    F  7.83e-06  8.47e-06  6.31e-07  2.30e+00
 3.00  1.345e-02 0.695   Ne  3.16e-03  5.89e-03  2.73e-03  2.30e+00
 3.00  1.345e-02 0.695   Mg  8.90e-05  1.11e-03  1.03e-03  2.30e+00
 3.00  1.345e-02 0.695   Si  2.32e-06  1.11e-03  1.11e-03  2.30e+00
 3.00  1.345e-02 0.695    S -1.32e-06  9.12e-04  9.14e-04  2.30e+00
 3.00  1.345e-02 0.695   Fe -1.10e-06  1.99e-03  1.99e-03  2.30e+00
 3.50  1.345e-02 0.747    p -1.03e-01  1.86e+00  1.97e+00  2.75e+00
 3.50  1.345e-02 0.747   He  7.69e-02  8.28e-01  7.51e-01  2.75e+00
 3.50  1.345e-02 0.747    C  2.22e-02  2.79e-02  5.71e-03  2.75e+00
 3.50  1.345e-02 0.747    N  2.82e-03  4.88e-03  2.06e-03  2.75e+00
 3.50  1.345e-02 0.747    O -1.05e-03  1.69e-02  1.79e-02  2.75e+00
 3.50  1.345e-02 0.747    F  5.89e-06  6.64e-06  7.55e-07  2.75e+00
 3.50  1.345e-02 0.747   Ne  2.18e-03  5.44e-03  3.26e-03  2.75e+00
 3.50  1.345e-02 0.747   Mg  1.45e-04  1.38e-03  1.23e-03  2.75e+00
 3.50  1.345e-02 0.747   Si  5.12e-06  1.33e-03  1.32e-03  2.75e+00
 3.50  1.345e-02 0.747    S -2.38e-06  1.09e-03  1.09e-03  2.75e+00
 3.50  1.345e-02 0.747   Fe -3.63e-06  2.37e-03  2.37e-03  2.75e+00
 4.00  1.345e-02 0.822    p -7.79e-02  2.19e+00  2.28e+00  3.18e+00
 4.00  1.345e-02 0.822   He  6.00e-02  9.27e-01  8.67e-01  3.18e+00
 4.00  1.345e-02 0.822    C  1.41e-02  2.07e-02  6.60e-03  3.18e+00
 4.00  1.345e-02 0.822    N  3.44e-03  5.83e-03  2.39e-03  3.18e+00
 4.00  1.345e-02 0.822    O -9.78e-04  1.96e-02  2.06e-02  3.18e+00
 4.00  1.345e-02 0.822    F  2.65e-06  3.52e-06  8.70e-07  3.18e+00
 4.00  1.345e-02 0.822   Ne  1.01e-03  4.78e-03  3.77e-03  3.18e+00
 4.00  1.345e-02 0.822   Mg  1.33e-04  1.56e-03  1.42e-03  3.18e+00
 4.00  1.345e-02 0.822   Si  7.93e-06  1.54e-03  1.53e-03  3.18e+00
 4.00  1.345e-02 0.822    S -2.21e-06  1.26e-03  1.26e-03  3.18e+00
 4.00  1.345e-02 0.822   Fe -4.45e-06  2.74e-03  2.74e-03  3.18e+00
 4.50  1.345e-02 0.860    p -1.58e-01  2.44e+00  2.60e+00  3.64e+00
 4.50  1.345e-02 0.860   He  1.29e-01  1.12e+00  9.93e-01  3.64e+00
 4.50  1.345e-02 0.860    C  5.50e-03  1.30e-02  7.52e-03  3.64e+00
 4.50  1.345e-02 0.860    N  2.29e-02  2.56e-02  2.72e-03  3.64e+00
 4.50  1.345e-02 0.860    O -1.67e-03  2.19e-02  2.36e-02  3.64e+00
 4.50  1.345e-02 0.860    F  1.80e-06  2.79e-06  9.94e-07  3.64e+00
 4.50  1.345e-02 0.860   Ne  1.37e-03  5.68e-03  4.30e-03  3.64e+00
 4.50  1.345e-02 0.860   Mg  3.61e-04  1.98e-03  1.62e-03  3.64e+00
 4.50  1.345e-02 0.860   Si  1.91e-05  1.77e-03  1.75e-03  3.64e+00
 4.50  1.345e-02 0.860    S -4.52e-06  1.43e-03  1.44e-03  3.64e+00
 4.50  1.345e-02 0.860   Fe -1.18e-05  3.12e-03  3.12e-03  3.64e+00
 5.00  1.345e-02 0.885    p -2.60e-01  2.68e+00  2.94e+00  4.11e+00
 5.00  1.345e-02 0.885   He  2.25e-01  1.35e+00  1.12e+00  4.11e+00
 5.00  1.345e-02 0.885    C  2.22e-03  1.07e-02  8.52e-03  4.11e+00
 5.00  1.345e-02 0.885    N  3.47e-02  3.77e-02  3.08e-03  4.11e+00
 5.00  1.345e-02 0.885    O -3.77e-03  2.29e-02  2.67e-02  4.11e+00
 5.00  1.345e-02 0.885    F  1.10e-06  2.22e-06  1.12e-06  4.11e+00
 5.00  1.345e-02 0.885   Ne  1.60e-03  6.46e-03  4.86e-03  4.11e+00
 5.00  1.345e-02 0.885   Mg  5.15e-04  2.35e-03  1.83e-03  4.11e+00
 5.00  1.345e-02 0.885   Si  3.19e-05  2.00e-03  1.98e-03  4.11e+00
 5.00  1.345e-02 0.885    S -6.07e-06  1.62e-03  1.62e-03  4.11e+00
 5.00  1.345e-02 0.885   Fe -1.69e-05  3.52e-03  3.54e-03  4.11e+00
 5.50  1.345e-02 0.900    p -3.16e-01  2.97e+00  3.29e+00  4.60e+00
 5.50  1.345e-02 0.900   He  2.80e-01  1.53e+00  1.25e+00  4.60e+00
 5.50  1.345e-02 0.900    C -2.17e-03  7.33e-03  9.53e-03  4.60e+00
 5.50  1.345e-02 0.900    N  4.06e-02  4.40e-02  3.43e-03  4.60e+00
 5.50  1.345e-02 0.900    O -5.17e-03  2.46e-02  2.97e-02  4.60e+00
 5.50  1.345e-02 0.900    F  2.05e-07  1.46e-06  1.26e-06  4.60e+00
 5.50  1.345e-02 0.900   Ne  1.34e-03  6.76e-03  5.43e-03  4.60e+00
 5.50  1.345e-02 0.900   Mg  5.44e-04  2.59e-03  2.04e-03  4.60e+00
 5.50  1.345e-02 0.900   Si  3.46e-05  2.24e-03  2.20e-03  4.60e+00
 5.50  1.345e-02 0.900    S -6.47e-06  1.81e-03  1.82e-03  4.60e+00
 5.50  1.345e-02 0.900   Fe -1.88e-05  3.92e-03  3.94e-03  4.60e+00
 6.00  1.345e-02 0.936    p -4.03e-01  3.22e+00  3.62e+00  5.06e+00
 6.00  1.345e-02 0.936   He  3.71e-01  1.75e+00  1.38e+00  5.06e+00
 6.00  1.345e-02 0.936    C -4.77e-03  5.69e-03  1.05e-02  5.06e+00
 6.00  1.345e-02 0.936    N  4.25e-02  4.62e-02  3.78e-03  5.06e+00
 6.00  1.345e-02 0.936    O -7.92e-03  2.49e-02  3.28e-02  5.06e+00
 6.00  1.345e-02 0.936    F -5.94e-07  7.86e-07  1.38e-06  5.06e+00
 6.00  1.345e-02 0.936   Ne  9.36e-04  6.92e-03  5.97e-03  5.06e+00
 6.00  1.345e-02 0.936   Mg  5.16e-04  2.76e-03  2.25e-03  5.06e+00
 6.00  1.345e-02 0.936   Si  3.79e-05  2.46e-03  2.43e-03  5.06e+00
 6.00  1.345e-02 0.936    S -6.05e-06  2.00e-03  2.00e-03  5.06e+00
 6.00  1.345e-02 0.936   Fe -1.80e-05  4.32e-03  4.35e-03  5.06e+00
