#---Details of Columns:
#    M0 (solMass)          (F5.2)  [1/6.5] Initial mass [ucd=phys.mass]
#    Z0                    (F7.4)  Initial metallicity [ucd=phys.abund.Z]
#    M1 (solMass)          (F6.3)  Final mass (1) [ucd=phys.mass]
#    El                    (a4)    Species i (2) [ucd=phys.atmol.element]
#    Yield (solMass)       (D9.2)  Net yield [ucd=phys.composition.yield]
#    M(i)lost (solMass)    (D9.2)  Mass of species i lost in the wind [ucd=phys.mass]
#    M(i)0 (solMass)       (D9.2)  Mass of species i initially present in the wind [ucd=phys.mass]
#    M(i)lostall (solMass) (D9.2)  Total mass lost in the wind [ucd=phys.mass]
#----- ----- ----- ---- --------- --------- --------- -----------
#M0                                                                 
#(sol        M1 (so     Yield     M(i)lost  M(i)0     M(i)lostall
#Mass) Z0    lMass) El  (solMass) (solMass) (solMass) (solMass)  
#----- ----- ----- ---- --------- --------- --------- -----------
 1.00 0.0040 0.610    p -8.13e-03  2.84e-01  2.92e-01  3.91e-01
 1.00 0.0040 0.610   He  8.12e-03  1.05e-01  9.66e-02  3.91e-01
 1.00 0.0040 0.610    C -3.86e-05  2.00e-04  2.40e-04  3.91e-01
 1.00 0.0040 0.610    N  4.96e-05  1.36e-04  8.65e-05  3.91e-01
 1.00 0.0040 0.610    O -4.70e-06  7.46e-04  7.50e-04  3.91e-01
 1.00 0.0040 0.610    F -2.87e-10  3.13e-08  3.16e-08  3.91e-01
 1.00 0.0040 0.610   Ne -1.70e-07  1.36e-04  1.37e-04  3.91e-01
 1.00 0.0040 0.610   Mg -1.93e-09  5.15e-05  5.15e-05  3.91e-01
 1.00 0.0040 0.610   Si  1.63e-09  5.55e-05  5.55e-05  3.91e-01
 1.00 0.0040 0.610    S  1.33e-09  4.58e-05  4.58e-05  3.91e-01
 1.00 0.0040 0.610   Fe  3.40e-09  9.94e-05  9.94e-05  3.91e-01
 1.25 0.0040 0.642    p -1.49e-02  4.40e-01  4.55e-01  6.08e-01
 1.25 0.0040 0.642   He  1.47e-02  1.65e-01  1.51e-01  6.08e-01
 1.25 0.0040 0.642    C  7.33e-05  4.46e-04  3.73e-04  6.08e-01
 1.25 0.0040 0.642    N  1.20e-04  2.54e-04  1.35e-04  6.08e-01
 1.25 0.0040 0.642    O -9.83e-07  1.17e-03  1.17e-03  6.08e-01
 1.25 0.0040 0.642    F  2.69e-09  5.20e-08  4.93e-08  6.08e-01
 1.25 0.0040 0.642   Ne  2.10e-06  2.16e-04  2.13e-04  6.08e-01
 1.25 0.0040 0.642   Mg -2.09e-08  8.03e-05  8.03e-05  6.08e-01
 1.25 0.0040 0.642   Si  1.62e-09  8.65e-05  8.65e-05  6.08e-01
 1.25 0.0040 0.642    S -3.94e-10  7.13e-05  7.13e-05  6.08e-01
 1.25 0.0040 0.642   Fe  5.40e-10  1.55e-04  1.55e-04  6.08e-01
 1.50 0.0040 0.628    p -2.16e-02  6.31e-01  6.53e-01  8.72e-01
 1.50 0.0040 0.628   He  1.97e-02  2.35e-01  2.16e-01  8.72e-01
 1.50 0.0040 0.628    C  1.67e-03  2.21e-03  5.35e-04  8.72e-01
 1.50 0.0040 0.628    N  2.04e-04  3.97e-04  1.94e-04  8.72e-01
 1.50 0.0040 0.628    O  2.89e-05  1.71e-03  1.67e-03  8.72e-01
 1.50 0.0040 0.628    F  4.74e-08  1.18e-07  7.07e-08  8.72e-01
 1.50 0.0040 0.628   Ne  3.38e-05  3.40e-04  3.05e-04  8.72e-01
 1.50 0.0040 0.628   Mg -1.90e-08  1.15e-04  1.15e-04  8.72e-01
 1.50 0.0040 0.628   Si  1.28e-08  1.24e-04  1.24e-04  8.72e-01
 1.50 0.0040 0.628    S -4.53e-09  1.02e-04  1.02e-04  8.72e-01
 1.50 0.0040 0.628   Fe  1.00e-09  2.22e-04  2.22e-04  8.72e-01
 1.75 0.0040 0.630    p -3.80e-02  8.00e-01  8.38e-01  1.12e+00
 1.75 0.0040 0.630   He  3.21e-02  3.09e-01  2.77e-01  1.12e+00
 1.75 0.0040 0.630    C  5.33e-03  6.02e-03  6.87e-04  1.12e+00
 1.75 0.0040 0.630    N  3.05e-04  5.54e-04  2.48e-04  1.12e+00
 1.75 0.0040 0.630    O  1.12e-04  2.27e-03  2.16e-03  1.12e+00
 1.75 0.0040 0.630    F  2.41e-07  3.31e-07  9.08e-08  1.12e+00
 1.75 0.0040 0.630   Ne  1.42e-04  5.35e-04  3.93e-04  1.12e+00
 1.75 0.0040 0.630   Mg  3.74e-07  1.48e-04  1.48e-04  1.12e+00
 1.75 0.0040 0.630   Si  4.66e-08  1.59e-04  1.59e-04  1.12e+00
 1.75 0.0040 0.630    S -2.01e-08  1.31e-04  1.31e-04  1.12e+00
 1.75 0.0040 0.630   Fe  2.24e-09  2.86e-04  2.85e-04  1.12e+00
 1.90 0.0040 0.640    p -4.91e-02  8.94e-01  9.43e-01  1.26e+00
 1.90 0.0040 0.640   He  3.97e-02  3.51e-01  3.12e-01  1.26e+00
 1.90 0.0040 0.640    C  8.56e-03  9.33e-03  7.73e-04  1.26e+00
 1.90 0.0040 0.640    N  3.57e-04  6.37e-04  2.79e-04  1.26e+00
 1.90 0.0040 0.640    O  1.39e-04  2.57e-03  2.43e-03  1.26e+00
 1.90 0.0040 0.640    F  5.96e-07  6.98e-07  1.02e-07  1.26e+00
 1.90 0.0040 0.640   Ne  3.13e-04  7.55e-04  4.42e-04  1.26e+00
 1.90 0.0040 0.640   Mg  1.47e-06  1.68e-04  1.67e-04  1.26e+00
 1.90 0.0040 0.640   Si  9.34e-08  1.80e-04  1.80e-04  1.26e+00
 1.90 0.0040 0.640    S -4.46e-08  1.48e-04  1.48e-04  1.26e+00
 1.90 0.0040 0.640   Fe  2.29e-10  3.21e-04  3.21e-04  1.26e+00
 2.10 0.0040 0.650    p -5.41e-02  1.03e+00  1.09e+00  1.45e+00
 2.10 0.0040 0.650   He  4.16e-02  4.00e-01  3.59e-01  1.45e+00
 2.10 0.0040 0.650    C  1.15e-02  1.24e-02  8.90e-04  1.45e+00
 2.10 0.0040 0.650    N  3.64e-04  6.86e-04  3.21e-04  1.45e+00
 2.10 0.0040 0.650    O  1.62e-04  2.96e-03  2.79e-03  1.45e+00
 2.10 0.0040 0.650    F  1.03e-06  1.15e-06  1.18e-07  1.45e+00
 2.10 0.0040 0.650   Ne  5.14e-04  1.02e-03  5.09e-04  1.45e+00
 2.10 0.0040 0.650   Mg  3.33e-06  1.95e-04  1.91e-04  1.45e+00
 2.10 0.0040 0.650   Si  1.55e-07  2.07e-04  2.07e-04  1.45e+00
 2.10 0.0040 0.650    S -7.71e-08  1.70e-04  1.70e-04  1.45e+00
 2.10 0.0040 0.650   Fe -3.18e-09  3.69e-04  3.69e-04  1.45e+00
 2.25 0.0040 0.664    p -1.00e-01  1.09e+00  1.19e+00  1.59e+00
 2.25 0.0040 0.664   He  7.49e-02  4.67e-01  3.93e-01  1.59e+00
 2.25 0.0040 0.664    C  2.29e-02  2.38e-02  9.74e-04  1.59e+00
 2.25 0.0040 0.664    N  4.50e-04  8.02e-04  3.51e-04  1.59e+00
 2.25 0.0040 0.664    O  2.01e-04  3.25e-03  3.05e-03  1.59e+00
 2.25 0.0040 0.664    F  4.00e-06  4.13e-06  1.29e-07  1.59e+00
 2.25 0.0040 0.664   Ne  1.78e-03  2.34e-03  5.57e-04  1.59e+00
 2.25 0.0040 0.664   Mg  2.36e-05  2.33e-04  2.09e-04  1.59e+00
 2.25 0.0040 0.664   Si  5.37e-07  2.26e-04  2.25e-04  1.59e+00
 2.25 0.0040 0.664    S -3.23e-07  1.85e-04  1.86e-04  1.59e+00
 2.25 0.0040 0.664   Fe -2.00e-07  4.04e-04  4.04e-04  1.59e+00
 2.50 0.0040 0.671    p -1.50e-01  1.22e+00  1.37e+00  1.83e+00
 2.50 0.0040 0.671   He  1.11e-01  5.64e-01  4.53e-01  1.83e+00
 2.50 0.0040 0.671    C  3.38e-02  3.50e-02  1.12e-03  1.83e+00
 2.50 0.0040 0.671    N  5.83e-04  9.89e-04  4.06e-04  1.83e+00
 2.50 0.0040 0.671    O  9.68e-05  3.61e-03  3.52e-03  1.83e+00
 2.50 0.0040 0.671    F  8.66e-06  8.81e-06  1.48e-07  1.83e+00
 2.50 0.0040 0.671   Ne  3.56e-03  4.21e-03  6.42e-04  1.83e+00
 2.50 0.0040 0.671   Mg  7.70e-05  3.18e-04  2.41e-04  1.83e+00
 2.50 0.0040 0.671   Si  1.28e-06  2.62e-04  2.60e-04  1.83e+00
 2.50 0.0040 0.671    S -7.97e-07  2.14e-04  2.15e-04  1.83e+00
 2.50 0.0040 0.671   Fe -8.79e-07  4.65e-04  4.66e-04  1.83e+00
 3.00 0.0040 0.731    p -1.60e-01  1.54e+00  1.70e+00  2.27e+00
 3.00 0.0040 0.731   He  1.18e-01  6.80e-01  5.62e-01  2.27e+00
 3.00 0.0040 0.731    C  3.77e-02  3.90e-02  1.40e-03  2.27e+00
 3.00 0.0040 0.731    N  7.14e-04  1.22e-03  5.03e-04  2.27e+00
 3.00 0.0040 0.731    O  7.98e-06  4.37e-03  4.36e-03  2.27e+00
 3.00 0.0040 0.731    F  1.13e-05  1.15e-05  1.84e-07  2.27e+00
 3.00 0.0040 0.731   Ne  3.54e-03  4.33e-03  7.96e-04  2.27e+00
 3.00 0.0040 0.731   Mg  2.50e-04  5.50e-04  3.00e-04  2.27e+00
 3.00 0.0040 0.731   Si  4.90e-06  3.27e-04  3.23e-04  2.27e+00
 3.00 0.0040 0.731    S -2.29e-06  2.64e-04  2.66e-04  2.27e+00
 3.00 0.0040 0.731   Fe -4.89e-06  5.74e-04  5.78e-04  2.27e+00
 3.50 0.0040 0.814    p -9.48e-02  1.92e+00  2.01e+00  2.69e+00
 3.50 0.0040 0.814   He  6.93e-02  7.34e-01  6.65e-01  2.69e+00
 3.50 0.0040 0.814    C  2.31e-02  2.48e-02  1.65e-03  2.69e+00
 3.50 0.0040 0.814    N  1.05e-03  1.65e-03  5.96e-04  2.69e+00
 3.50 0.0040 0.814    O  9.78e-05  5.26e-03  5.17e-03  2.69e+00
 3.50 0.0040 0.814    F  3.15e-06  3.36e-06  2.18e-07  2.69e+00
 3.50 0.0040 0.814   Ne  1.02e-03  1.97e-03  9.42e-04  2.69e+00
 3.50 0.0040 0.814   Mg  2.29e-04  5.84e-04  3.55e-04  2.69e+00
 3.50 0.0040 0.814   Si  1.03e-05  3.93e-04  3.82e-04  2.69e+00
 3.50 0.0040 0.814    S -2.21e-06  3.12e-04  3.15e-04  2.69e+00
 3.50 0.0040 0.814   Fe -5.82e-06  6.79e-04  6.85e-04  2.69e+00
 4.00 0.0040 0.852    p -1.63e-01  2.19e+00  2.36e+00  3.14e+00
 4.00 0.0040 0.852   He  1.30e-01  9.09e-01  7.80e-01  3.14e+00
 4.00 0.0040 0.852    C  8.98e-03  1.09e-02  1.93e-03  3.14e+00
 4.00 0.0040 0.852    N  2.30e-02  2.37e-02  6.99e-04  3.14e+00
 4.00 0.0040 0.852    O  1.97e-05  6.08e-03  6.06e-03  3.14e+00
 4.00 0.0040 0.852    F  2.31e-06  2.56e-06  2.55e-07  3.14e+00
 4.00 0.0040 0.852   Ne  9.97e-04  2.10e-03  1.10e-03  3.14e+00
 4.00 0.0040 0.852   Mg  3.81e-04  7.97e-04  4.15e-04  3.14e+00
 4.00 0.0040 0.852   Si  1.77e-05  4.66e-04  4.48e-04  3.14e+00
 4.00 0.0040 0.852    S -3.01e-06  3.66e-04  3.69e-04  3.14e+00
 4.00 0.0040 0.852   Fe -8.52e-06  7.94e-04  8.02e-04  3.14e+00
 4.50 0.0040 0.872    p -2.66e-01  2.45e+00  2.72e+00  3.62e+00
 4.50 0.0040 0.872   He  2.16e-01  1.11e+00  8.98e-01  3.62e+00
 4.50 0.0040 0.872    C  3.87e-03  6.09e-03  2.23e-03  3.62e+00
 4.50 0.0040 0.872    N  4.50e-02  4.58e-02  8.05e-04  3.62e+00
 4.50 0.0040 0.872    O -8.68e-04  6.11e-03  6.98e-03  3.62e+00
 4.50 0.0040 0.872    F  6.23e-07  9.17e-07  2.94e-07  3.62e+00
 4.50 0.0040 0.872   Ne  1.77e-03  3.05e-03  1.28e-03  3.62e+00
 4.50 0.0040 0.872   Mg  6.69e-04  1.15e-03  4.79e-04  3.62e+00
 4.50 0.0040 0.872   Si  3.14e-05  5.48e-04  5.16e-04  3.62e+00
 4.50 0.0040 0.872    S -4.71e-06  4.21e-04  4.25e-04  3.62e+00
 4.50 0.0040 0.872   Fe -1.47e-05  9.10e-04  9.24e-04  3.62e+00
 5.00 0.0040 0.905    p -4.29e-01  2.64e+00  3.07e+00  4.09e+00
 5.00 0.0040 0.905   He  3.60e-01  1.37e+00  1.01e+00  4.09e+00
 5.00 0.0040 0.905    C  3.36e-03  5.87e-03  2.51e-03  4.09e+00
 5.00 0.0040 0.905    N  6.47e-02  6.56e-02  9.09e-04  4.09e+00
 5.00 0.0040 0.905    O -2.76e-03  5.12e-03  7.88e-03  4.09e+00
 5.00 0.0040 0.905    F  3.04e-07  6.36e-07  3.32e-07  4.09e+00
 5.00 0.0040 0.905   Ne  2.35e-03  3.78e-03  1.44e-03  4.09e+00
 5.00 0.0040 0.905   Mg  1.30e-03  1.84e-03  5.41e-04  4.09e+00
 5.00 0.0040 0.905   Si  5.90e-05  6.41e-04  5.82e-04  4.09e+00
 5.00 0.0040 0.905    S -6.88e-06  4.73e-04  4.81e-04  4.09e+00
 5.00 0.0040 0.905   Fe -2.34e-05  1.02e-03  1.04e-03  4.09e+00
 5.50 0.0040 0.932    p -4.30e-01  2.99e+00  3.42e+00  4.57e+00
 5.50 0.0040 0.932   He  3.80e-01  1.51e+00  1.13e+00  4.57e+00
 5.50 0.0040 0.932    C  3.27e-03  6.07e-03  2.80e-03  4.57e+00
 5.50 0.0040 0.932    N  4.76e-02  4.86e-02  1.01e-03  4.57e+00
 5.50 0.0040 0.932    O -3.20e-03  5.60e-03  8.79e-03  4.57e+00
 5.50 0.0040 0.932    F  1.41e-07  5.11e-07  3.70e-07  4.57e+00
 5.50 0.0040 0.932   Ne  1.18e-03  2.79e-03  1.60e-03  4.57e+00
 5.50 0.0040 0.932   Mg  7.12e-04  1.32e-03  6.04e-04  4.57e+00
 5.50 0.0040 0.932   Si  3.80e-05  6.88e-04  6.50e-04  4.57e+00
 5.50 0.0040 0.932    S -4.68e-06  5.31e-04  5.36e-04  4.57e+00
 5.50 0.0040 0.932   Fe -1.56e-05  1.15e-03  1.16e-03  4.57e+00
 6.00 0.0040 0.977    p -5.54e-01  3.21e+00  3.76e+00  5.03e+00
 6.00 0.0040 0.977   He  5.03e-01  1.75e+00  1.24e+00  5.03e+00
 6.00 0.0040 0.977    C  1.93e-03  5.02e-03  3.09e-03  5.03e+00
 6.00 0.0040 0.977    N  5.29e-02  5.40e-02  1.11e-03  5.03e+00
 6.00 0.0040 0.977    O -5.82e-03  3.84e-03  9.67e-03  5.03e+00
 6.00 0.0040 0.977    F -1.80e-07  2.27e-07  4.07e-07  5.03e+00
 6.00 0.0040 0.977   Ne  9.15e-04  2.67e-03  1.77e-03  5.03e+00
 6.00 0.0040 0.977   Mg  8.23e-04  1.49e-03  6.64e-04  5.03e+00
 6.00 0.0040 0.977   Si  4.53e-05  7.60e-04  7.15e-04  5.03e+00
 6.00 0.0040 0.977    S -4.79e-06  5.85e-04  5.89e-04  5.03e+00
 6.00 0.0040 0.977   Fe -1.65e-05  1.27e-03  1.28e-03  5.03e+00
