#---Details of Columns:
#    M0 (solMass)          (F5.2)  [1/6.5] Initial mass [ucd=phys.mass]
#    Z0                    (F7.4)  Initial metallicity [ucd=phys.abund.Z]
#    M1 (solMass)          (F6.3)  Final mass (1) [ucd=phys.mass]
#    El                    (a4)    Species i (2) [ucd=phys.atmol.element]
#    Yield (solMass)       (D9.2)  Net yield [ucd=phys.composition.yield]
#    M(i)lost (solMass)    (D9.2)  Mass of species i lost in the wind [ucd=phys.mass]
#    M(i)0 (solMass)       (D9.2)  Mass of species i initially present in the wind [ucd=phys.mass]
#    M(i)lostall (solMass) (D9.2)  Total mass lost in the wind [ucd=phys.mass]
#----- ----- ----- ---- --------- --------- --------- -----------
#M0                                                                 
#(sol        M1 (so     Yield     M(i)lost  M(i)0     M(i)lostall
#Mass) Z0    lMass) El  (solMass) (solMass) (solMass) (solMass)  
#----- ----- ----- ---- --------- --------- --------- -----------
 1.00 0.0001 0.720    p -5.64e-03  2.10e-01  2.16e-01  2.80e-01
 1.00 0.0001 0.720   He  5.37e-03  6.98e-02  6.44e-02  2.80e-01
 1.00 0.0001 0.720    C  2.50e-04  2.55e-04  4.29e-06  2.80e-01
 1.00 0.0001 0.720    N  4.02e-06  5.58e-06  1.56e-06  2.80e-01
 1.00 0.0001 0.720    O  1.15e-05  2.49e-05  1.34e-05  2.80e-01
 1.00 0.0001 0.720    F  5.29e-09  5.86e-09  5.67e-10  2.80e-01
 1.00 0.0001 0.720   Ne  1.32e-06  3.77e-06  2.46e-06  2.80e-01
 1.00 0.0001 0.720   Mg  2.10e-08  9.46e-07  9.25e-07  2.80e-01
 1.00 0.0001 0.720   Si  7.95e-09  1.00e-06  9.96e-07  2.80e-01
 1.00 0.0001 0.720    S -1.95e-10  8.21e-07  8.22e-07  2.80e-01
 1.00 0.0001 0.720   Fe -5.20e-09  1.78e-06  1.79e-06  2.80e-01
 1.25 0.0001 0.668    p -2.99e-02  4.18e-01  4.48e-01  5.82e-01
 1.25 0.0001 0.668   He  2.59e-02  1.60e-01  1.34e-01  5.82e-01
 1.25 0.0001 0.668    C  3.72e-03  3.73e-03  8.93e-06  5.82e-01
 1.25 0.0001 0.668    N  1.98e-05  2.30e-05  3.22e-06  5.82e-01
 1.25 0.0001 0.668    O  9.55e-05  1.23e-04  2.80e-05  5.82e-01
 1.25 0.0001 0.668    F  1.59e-07  1.60e-07  1.18e-09  5.82e-01
 1.25 0.0001 0.668   Ne  6.58e-05  7.08e-05  5.10e-06  5.82e-01
 1.25 0.0001 0.668   Mg  3.11e-07  2.23e-06  1.92e-06  5.82e-01
 1.25 0.0001 0.668   Si  2.08e-08  2.10e-06  2.07e-06  5.82e-01
 1.25 0.0001 0.668    S -3.57e-09  1.70e-06  1.70e-06  5.82e-01
 1.25 0.0001 0.668   Fe -1.74e-08  3.69e-06  3.71e-06  5.82e-01
 1.50 0.0001 0.661    p -5.88e-02  5.87e-01  6.46e-01  8.39e-01
 1.50 0.0001 0.661   He  4.63e-02  2.39e-01  1.93e-01  8.39e-01
 1.50 0.0001 0.661    C  1.16e-02  1.16e-02  1.29e-05  8.39e-01
 1.50 0.0001 0.661    N  3.99e-05  4.45e-05  4.65e-06  8.39e-01
 1.50 0.0001 0.661    O  2.75e-04  3.16e-04  4.03e-05  8.39e-01
 1.50 0.0001 0.661    F  1.25e-06  1.25e-06  1.70e-09  8.39e-01
 1.50 0.0001 0.661   Ne  5.43e-04  5.50e-04  7.35e-06  8.39e-01
 1.50 0.0001 0.661   Mg  4.07e-06  6.83e-06  2.77e-06  8.39e-01
 1.50 0.0001 0.661   Si  4.36e-08  3.02e-06  2.98e-06  8.39e-01
 1.50 0.0001 0.661    S -7.54e-09  2.45e-06  2.46e-06  8.39e-01
 1.50 0.0001 0.661   Fe -4.14e-08  5.30e-06  5.34e-06  8.39e-01
 1.75 0.0001 0.664    p -1.13e-01  7.23e-01  8.36e-01  1.09e+00
 1.75 0.0001 0.664   He  8.72e-02  3.37e-01  2.50e-01  1.09e+00
 1.75 0.0001 0.664    C  2.31e-02  2.31e-02  1.67e-05  1.09e+00
 1.75 0.0001 0.664    N  5.35e-05  5.95e-05  6.02e-06  1.09e+00
 1.75 0.0001 0.664    O  4.27e-04  4.79e-04  5.22e-05  1.09e+00
 1.75 0.0001 0.664    F  4.80e-06  4.80e-06  2.20e-09  1.09e+00
 1.75 0.0001 0.664   Ne  2.09e-03  2.11e-03  9.52e-06  1.09e+00
 1.75 0.0001 0.664   Mg  2.96e-05  3.32e-05  3.59e-06  1.09e+00
 1.75 0.0001 0.664   Si  1.17e-07  3.98e-06  3.86e-06  1.09e+00
 1.75 0.0001 0.664    S -1.83e-08  3.16e-06  3.19e-06  1.09e+00
 1.75 0.0001 0.664   Fe -9.09e-08  6.82e-06  6.91e-06  1.09e+00
 1.90 0.0001 0.681    p -1.41e-01  7.98e-01  9.38e-01  1.22e+00
 1.90 0.0001 0.681   He  1.07e-01  3.87e-01  2.80e-01  1.22e+00
 1.90 0.0001 0.681    C  2.97e-02  2.97e-02  1.87e-05  1.22e+00
 1.90 0.0001 0.681    N  6.43e-05  7.10e-05  6.76e-06  1.22e+00
 1.90 0.0001 0.681    O  4.79e-04  5.38e-04  5.87e-05  1.22e+00
 1.90 0.0001 0.681    F  7.82e-06  7.82e-06  2.47e-09  1.22e+00
 1.90 0.0001 0.681   Ne  3.36e-03  3.37e-03  1.07e-05  1.22e+00
 1.90 0.0001 0.681   Mg  6.34e-05  6.74e-05  4.03e-06  1.22e+00
 1.90 0.0001 0.681   Si  2.04e-07  4.54e-06  4.33e-06  1.22e+00
 1.90 0.0001 0.681    S -3.30e-08  3.54e-06  3.57e-06  1.22e+00
 1.90 0.0001 0.681   Fe -1.01e-07  7.66e-06  7.76e-06  1.22e+00
 2.00 0.0001 0.685    p -1.71e-01  8.42e-01  1.01e+00  1.32e+00
 2.00 0.0001 0.685   He  1.29e-01  4.32e-01  3.02e-01  1.32e+00
 2.00 0.0001 0.685    C  3.57e-02  3.57e-02  2.01e-05  1.32e+00
 2.00 0.0001 0.685    N  7.08e-05  7.81e-05  7.29e-06  1.32e+00
 2.00 0.0001 0.685    O  5.16e-04  5.80e-04  6.33e-05  1.32e+00
 2.00 0.0001 0.685    F  1.10e-05  1.10e-05  2.66e-09  1.32e+00
 2.00 0.0001 0.685   Ne  4.65e-03  4.67e-03  1.15e-05  1.32e+00
 2.00 0.0001 0.685   Mg  1.20e-04  1.25e-04  4.35e-06  1.32e+00
 2.00 0.0001 0.685   Si  3.92e-07  5.07e-06  4.68e-06  1.32e+00
 2.00 0.0001 0.685    S -4.68e-08  3.81e-06  3.85e-06  1.32e+00
 2.00 0.0001 0.685   Fe -1.17e-07  8.26e-06  8.37e-06  1.32e+00
 2.25 0.0001 0.713    p -2.15e-01  9.68e-01  1.18e+00  1.54e+00
 2.25 0.0001 0.713   He  1.58e-01  5.11e-01  3.53e-01  1.54e+00
 2.25 0.0001 0.713    C  4.84e-02  4.84e-02  2.36e-05  1.54e+00
 2.25 0.0001 0.713    N  7.29e-05  8.14e-05  8.52e-06  1.54e+00
 2.25 0.0001 0.713    O  6.31e-04  7.05e-04  7.39e-05  1.54e+00
 2.25 0.0001 0.713    F  1.88e-05  1.88e-05  3.11e-09  1.54e+00
 2.25 0.0001 0.713   Ne  7.46e-03  7.47e-03  1.34e-05  1.54e+00
 2.25 0.0001 0.713   Mg  3.57e-04  3.62e-04  5.08e-06  1.54e+00
 2.25 0.0001 0.713   Si  1.95e-06  7.41e-06  5.46e-06  1.54e+00
 2.25 0.0001 0.713    S -9.71e-08  4.41e-06  4.50e-06  1.54e+00
 2.25 0.0001 0.713   Fe -2.77e-07  9.51e-06  9.79e-06  1.54e+00
 2.50 0.0001 0.732    p -2.02e-01  1.16e+00  1.36e+00  1.77e+00
 2.50 0.0001 0.732   He  1.45e-01  5.52e-01  4.07e-01  1.77e+00
 2.50 0.0001 0.732    C  4.92e-02  4.92e-02  2.71e-05  1.77e+00
 2.50 0.0001 0.732    N  4.86e-05  5.83e-05  9.81e-06  1.77e+00
 2.50 0.0001 0.732    O  6.91e-04  7.77e-04  8.50e-05  1.77e+00
 2.50 0.0001 0.732    F  1.50e-05  1.50e-05  3.58e-09  1.77e+00
 2.50 0.0001 0.732   Ne  5.57e-03  5.59e-03  1.55e-05  1.77e+00
 2.50 0.0001 0.732   Mg  7.13e-04  7.17e-04  5.83e-06  1.77e+00
 2.50 0.0001 0.732   Si  8.28e-06  1.46e-05  6.29e-06  1.77e+00
 2.50 0.0001 0.732    S -1.47e-07  5.04e-06  5.18e-06  1.77e+00
 2.50 0.0001 0.732   Fe -4.94e-07  1.08e-05  1.12e-05  1.77e+00
 3.00 0.0001 0.813    p -1.02e-01  1.58e+00  1.68e+00  2.19e+00
 3.00 0.0001 0.813   He  7.66e-02  5.79e-01  5.03e-01  2.19e+00
 3.00 0.0001 0.813    C  2.39e-02  2.39e-02  3.36e-05  2.19e+00
 3.00 0.0001 0.813    N  7.57e-05  8.78e-05  1.21e-05  2.19e+00
 3.00 0.0001 0.813    O  4.17e-04  5.22e-04  1.05e-04  2.19e+00
 3.00 0.0001 0.813    F  1.78e-06  1.78e-06  4.43e-09  2.19e+00
 3.00 0.0001 0.813   Ne  9.49e-04  9.69e-04  1.92e-05  2.19e+00
 3.00 0.0001 0.813   Mg  2.24e-04  2.31e-04  7.22e-06  2.19e+00
 3.00 0.0001 0.813   Si  3.72e-06  1.15e-05  7.78e-06  2.19e+00
 3.00 0.0001 0.813    S -7.03e-08  6.34e-06  6.41e-06  2.19e+00
 3.00 0.0001 0.813   Fe -2.71e-07  1.37e-05  1.39e-05  2.19e+00
 3.50 0.0001 0.854    p -1.44e-01  1.89e+00  2.04e+00  2.64e+00
 3.50 0.0001 0.854   He  1.17e-01  7.25e-01  6.09e-01  2.64e+00
 3.50 0.0001 0.854    C  7.46e-03  7.50e-03  4.06e-05  2.64e+00
 3.50 0.0001 0.854    N  1.80e-02  1.81e-02  1.47e-05  2.64e+00
 3.50 0.0001 0.854    O  4.52e-04  5.79e-04  1.27e-04  2.64e+00
 3.50 0.0001 0.854    F  6.10e-07  6.15e-07  5.36e-09  2.64e+00
 3.50 0.0001 0.854   Ne  6.66e-04  6.90e-04  2.32e-05  2.64e+00
 3.50 0.0001 0.854   Mg  2.11e-04  2.19e-04  8.74e-06  2.64e+00
 3.50 0.0001 0.854   Si  4.14e-06  1.35e-05  9.42e-06  2.64e+00
 3.50 0.0001 0.854    S -5.78e-08  7.70e-06  7.75e-06  2.64e+00
 3.50 0.0001 0.854   Fe -2.82e-07  1.66e-05  1.69e-05  2.64e+00
 4.00 0.0001 0.874    p -2.37e-01  2.17e+00  2.41e+00  3.13e+00
 4.00 0.0001 0.874   He  2.03e-01  9.22e-01  7.19e-01  3.13e+00
 4.00 0.0001 0.874    C  5.45e-03  5.50e-03  4.80e-05  3.13e+00
 4.00 0.0001 0.874    N  2.63e-02  2.63e-02  1.74e-05  3.13e+00
 4.00 0.0001 0.874    O  6.50e-04  8.00e-04  1.50e-04  3.13e+00
 4.00 0.0001 0.874    F  4.99e-07  5.05e-07  6.33e-09  3.13e+00
 4.00 0.0001 0.874   Ne  8.60e-04  8.88e-04  2.74e-05  3.13e+00
 4.00 0.0001 0.874   Mg  2.66e-04  2.76e-04  1.03e-05  3.13e+00
 4.00 0.0001 0.874   Si  6.15e-06  1.72e-05  1.11e-05  3.13e+00
 4.00 0.0001 0.874    S -6.22e-08  9.10e-06  9.16e-06  3.13e+00
 4.00 0.0001 0.874   Fe -3.58e-07  1.96e-05  1.99e-05  3.13e+00
 4.50 0.0001 0.897    p -2.92e-01  2.48e+00  2.77e+00  3.60e+00
 4.50 0.0001 0.897   He  2.65e-01  1.09e+00  8.29e-01  3.60e+00
 4.50 0.0001 0.897    C  3.79e-03  3.85e-03  5.53e-05  3.60e+00
 4.50 0.0001 0.897    N  2.24e-02  2.24e-02  2.00e-05  3.60e+00
 4.50 0.0001 0.897    O  4.78e-04  6.51e-04  1.73e-04  3.60e+00
 4.50 0.0001 0.897    F  2.10e-07  2.18e-07  7.30e-09  3.60e+00
 4.50 0.0001 0.897   Ne  5.04e-04  5.35e-04  3.16e-05  3.60e+00
 4.50 0.0001 0.897   Mg  1.77e-04  1.89e-04  1.19e-05  3.60e+00
 4.50 0.0001 0.897   Si  4.09e-06  1.69e-05  1.28e-05  3.60e+00
 4.50 0.0001 0.897    S -5.02e-08  1.05e-05  1.06e-05  3.60e+00
 4.50 0.0001 0.897   Fe -3.04e-07  2.26e-05  2.30e-05  3.60e+00
 5.00 0.0001 0.929    p -3.73e-01  2.76e+00  3.13e+00  4.07e+00
 5.00 0.0001 0.929   He  3.44e-01  1.28e+00  9.36e-01  4.07e+00
 5.00 0.0001 0.929    C  3.14e-03  3.20e-03  6.24e-05  4.07e+00
 5.00 0.0001 0.929    N  2.40e-02  2.41e-02  2.26e-05  4.07e+00
 5.00 0.0001 0.929    O  4.15e-04  6.11e-04  1.96e-04  4.07e+00
 5.00 0.0001 0.929    F  9.61e-08  1.04e-07  8.25e-09  4.07e+00
 5.00 0.0001 0.929   Ne  4.38e-04  4.73e-04  3.57e-05  4.07e+00
 5.00 0.0001 0.929   Mg  2.14e-04  2.28e-04  1.35e-05  4.07e+00
 5.00 0.0001 0.929   Si  5.09e-06  1.95e-05  1.45e-05  4.07e+00
 5.00 0.0001 0.929    S -3.14e-08  1.19e-05  1.19e-05  4.07e+00
 5.00 0.0001 0.929   Fe -3.30e-07  2.56e-05  2.59e-05  4.07e+00
 5.50 0.0001 0.966    p -4.53e-01  3.04e+00  3.49e+00  4.53e+00
 5.50 0.0001 0.966   He  4.21e-01  1.46e+00  1.04e+00  4.53e+00
 5.50 0.0001 0.966    C  2.91e-03  2.98e-03  6.95e-05  4.53e+00
 5.50 0.0001 0.966    N  2.79e-02  2.80e-02  2.51e-05  4.53e+00
 5.50 0.0001 0.966    O  3.73e-04  5.92e-04  2.19e-04  4.53e+00
 5.50 0.0001 0.966    F  6.08e-08  7.00e-08  9.18e-09  4.53e+00
 5.50 0.0001 0.966   Ne  4.58e-04  4.97e-04  3.97e-05  4.53e+00
 5.50 0.0001 0.966   Mg  3.26e-04  3.41e-04  1.50e-05  4.53e+00
 5.50 0.0001 0.966   Si  8.54e-06  2.47e-05  1.61e-05  4.53e+00
 5.50 0.0001 0.966    S  1.44e-08  1.33e-05  1.33e-05  4.53e+00
 5.50 0.0001 0.966   Fe -4.12e-07  2.85e-05  2.89e-05  4.53e+00
 6.00 0.0001 1.008    p -5.56e-01  3.29e+00  3.84e+00  5.00e+00
 6.00 0.0001 1.008   He  5.18e-01  1.67e+00  1.15e+00  5.00e+00
 6.00 0.0001 1.008    C  2.25e-03  2.32e-03  7.66e-05  5.00e+00
 6.00 0.0001 1.008    N  3.39e-02  3.39e-02  2.77e-05  5.00e+00
 6.00 0.0001 1.008    O  6.41e-04  8.80e-04  2.40e-04  5.00e+00
 6.00 0.0001 1.008    F  1.92e-08  2.93e-08  1.01e-08  5.00e+00
 6.00 0.0001 1.008   Ne  4.84e-04  5.27e-04  4.38e-05  5.00e+00
 6.00 0.0001 1.008   Mg  4.65e-04  4.82e-04  1.65e-05  5.00e+00
 6.00 0.0001 1.008   Si  1.49e-05  3.27e-05  1.77e-05  5.00e+00
 6.00 0.0001 1.008    S  1.14e-07  1.47e-05  1.46e-05  5.00e+00
 6.00 0.0001 1.008   Fe -4.76e-07  3.13e-05  3.18e-05  5.00e+00
