#---Details of Columns:
#    M0 (solMass)          (F6.2)  [1/6.5] Initial mass [ucd=phys.mass]
#    Z/Zsun                (F7.2)  Initial metallicity [ucd=phys.abund.Z]
#    vel (km/s)            (F7.2)  Initial rotation [ucd=phys.mass]
#    M1 (solMass)          (F7.2)  Final mass (1) [ucd=phys.mass]
#    El                    (a4)    Species i (2) [ucd=phys.atmol.element]
#    M(i)lost (solMass)    (D9.2)  Mass of species i lost in the wind [ucd=phys.mass]
#    M(i)lostall (solMass) (D9.2)  Total mass lost in the wind [ucd=phys.mass]
#----- ------ ------ ------ ---- --------- -----------
#M0                                                                 
#(sol         vel    M1 (so      M(i)lost  M(i)lostall
#Mass) Z0     (km/s) lMass) El   (solMass) (solMass)  
#----- ------ ------ ------ ---- --------- -----------
 13.00  -1.13   0.00   1.74    p  6.44e+00  1.13e+01
 13.00  -1.13   0.00   1.74   He  3.86e+00  1.13e+01
 13.00  -1.13   0.00   1.74    C  1.07e-01  1.13e+01
 13.00  -1.13   0.00   1.74    N  9.08e-03  1.13e+01
 13.00  -1.13   0.00   1.74    O  5.06e-01  1.13e+01
 13.00  -1.13   0.00   1.74    F  3.07e-06  1.13e+01
 13.00  -1.13   0.00   1.74   Ne  6.75e-02  1.13e+01
 13.00  -1.13   0.00   1.74   Mg  6.58e-02  1.13e+01
 13.00  -1.13   0.00   1.74   Si  9.32e-02  1.13e+01
 13.00  -1.13   0.00   1.74    S  3.81e-02  1.13e+01
 13.00  -1.13   0.00   1.74   Fe  7.56e-02  1.13e+01
 15.00  -1.13   0.00   1.62    p  7.45e+00  1.34e+01
 15.00  -1.13   0.00   1.62   He  5.16e+00  1.34e+01
 15.00  -1.13   0.00   1.62    C  8.50e-02  1.34e+01
 15.00  -1.13   0.00   1.62    N  3.58e-03  1.34e+01
 15.00  -1.13   0.00   1.62    O  2.94e-01  1.34e+01
 15.00  -1.13   0.00   1.62    F  1.98e-07  1.34e+01
 15.00  -1.13   0.00   1.62   Ne  1.90e-01  1.34e+01
 15.00  -1.13   0.00   1.62   Mg  6.57e-02  1.34e+01
 15.00  -1.13   0.00   1.62   Si  4.37e-02  1.34e+01
 15.00  -1.13   0.00   1.62    S  1.67e-02  1.34e+01
 15.00  -1.13   0.00   1.62   Fe  7.33e-02  1.34e+01
 18.00  -1.13   0.00   1.89    p  8.46e+00  1.61e+01
 18.00  -1.13   0.00   1.89   He  6.54e+00  1.61e+01
 18.00  -1.13   0.00   1.89    C  1.30e-01  1.61e+01
 18.00  -1.13   0.00   1.89    N  4.47e-03  1.61e+01
 18.00  -1.13   0.00   1.89    O  4.22e-01  1.61e+01
 18.00  -1.13   0.00   1.89    F  3.32e-07  1.61e+01
 18.00  -1.13   0.00   1.89   Ne  1.77e-01  1.61e+01
 18.00  -1.13   0.00   1.89   Mg  6.12e-02  1.61e+01
 18.00  -1.13   0.00   1.89   Si  1.54e-01  1.61e+01
 18.00  -1.13   0.00   1.89    S  7.98e-02  1.61e+01
 18.00  -1.13   0.00   1.89   Fe  7.44e-02  1.61e+01
 20.00  -1.13   0.00   2.17    p  8.43e+00  1.78e+01
 20.00  -1.13   0.00   2.17   He  5.94e+00  1.78e+01
 20.00  -1.13   0.00   2.17    C  1.28e-01  1.78e+01
 20.00  -1.13   0.00   2.17    N  1.29e-02  1.78e+01
 20.00  -1.13   0.00   2.17    O  2.18e+00  1.78e+01
 20.00  -1.13   0.00   2.17    F  2.80e-06  1.78e+01
 20.00  -1.13   0.00   2.17   Ne  6.28e-01  1.78e+01
 20.00  -1.13   0.00   2.17   Mg  2.47e-01  1.78e+01
 20.00  -1.13   0.00   2.17   Si  1.30e-01  1.78e+01
 20.00  -1.13   0.00   2.17    S  5.66e-02  1.78e+01
 20.00  -1.13   0.00   2.17   Fe  7.40e-02  1.78e+01
 25.00  -1.13   0.00   2.53    p  9.80e+00  2.25e+01
 25.00  -1.13   0.00   2.53   He  6.97e+00  2.25e+01
 25.00  -1.13   0.00   2.53    C  2.15e-01  2.25e+01
 25.00  -1.13   0.00   2.53    N  9.21e-03  2.25e+01
 25.00  -1.13   0.00   2.53    O  3.82e+00  2.25e+01
 25.00  -1.13   0.00   2.53    F  6.12e-07  2.25e+01
 25.00  -1.13   0.00   2.53   Ne  1.22e+00  2.25e+01
 25.00  -1.13   0.00   2.53   Mg  1.82e-01  2.25e+01
 25.00  -1.13   0.00   2.53   Si  1.21e-01  2.25e+01
 25.00  -1.13   0.00   2.53    S  5.54e-02  2.25e+01
 25.00  -1.13   0.00   2.53   Fe  7.39e-02  2.25e+01
 30.00  -1.13   0.00   3.05    p  1.10e+01  2.69e+01
 30.00  -1.13   0.00   3.05   He  8.38e+00  2.69e+01
 30.00  -1.13   0.00   3.05    C  1.21e-01  2.69e+01
 30.00  -1.13   0.00   3.05    N  6.19e-03  2.69e+01
 30.00  -1.13   0.00   3.05    O  5.33e+00  2.69e+01
 30.00  -1.13   0.00   3.05    F  2.39e-06  2.69e+01
 30.00  -1.13   0.00   3.05   Ne  1.45e+00  2.69e+01
 30.00  -1.13   0.00   3.05   Mg  2.94e-01  2.69e+01
 30.00  -1.13   0.00   3.05   Si  1.66e-01  2.69e+01
 30.00  -1.13   0.00   3.05    S  7.85e-02  2.69e+01
 30.00  -1.13   0.00   3.05   Fe  7.52e-02  2.69e+01
 40.00  -1.13   0.00   5.48    p  1.29e+01  3.45e+01
 40.00  -1.13   0.00   5.48   He  1.09e+01  3.45e+01
 40.00  -1.13   0.00   5.48    C  7.39e-02  3.45e+01
 40.00  -1.13   0.00   5.48    N  8.69e-03  3.45e+01
 40.00  -1.13   0.00   5.48    O  8.37e+00  3.45e+01
 40.00  -1.13   0.00   5.48    F  4.47e-06  3.45e+01
 40.00  -1.13   0.00   5.48   Ne  2.88e-01  3.45e+01
 40.00  -1.13   0.00   5.48   Mg  7.08e-01  3.45e+01
 40.00  -1.13   0.00   5.48   Si  8.98e-01  3.45e+01
 40.00  -1.13   0.00   5.48    S  3.32e-01  3.45e+01
 40.00  -1.13   0.00   5.48   Fe  8.26e-02  3.45e+01
 50.00  -1.13   0.00  50.00    p  1.00e-10  1.00e-10
 50.00  -1.13   0.00  50.00   He  1.00e-10  1.00e-10
 50.00  -1.13   0.00  50.00    C  1.00e-10  1.00e-10
 50.00  -1.13   0.00  50.00    N  1.00e-10  1.00e-10
 50.00  -1.13   0.00  50.00    O  1.00e-10  1.00e-10
 50.00  -1.13   0.00  50.00    F  1.00e-10  1.00e-10
 50.00  -1.13   0.00  50.00   Ne  1.00e-10  1.00e-10
 50.00  -1.13   0.00  50.00   Mg  1.00e-10  1.00e-10
 50.00  -1.13   0.00  50.00   Si  1.00e-10  1.00e-10
 50.00  -1.13   0.00  50.00    S  1.00e-10  1.00e-10
 50.00  -1.13   0.00  50.00   Fe  1.00e-10  1.00e-10
