#---Details of Columns:
#    M0 (solMass)          (F6.2)  [1/6.5] Initial mass [ucd=phys.mass]
#    Z/Zsun                (F7.2)  Initial metallicity [ucd=phys.abund.Z]
#    vel (km/s)            (F7.2)  Initial rotation [ucd=phys.mass]
#    M1 (solMass)          (F7.2)  Final mass (1) [ucd=phys.mass]
#    El                    (a4)    Species i (2) [ucd=phys.atmol.element]
#    M(i)lost (solMass)    (D9.2)  Mass of species i lost in the wind [ucd=phys.mass]
#    M(i)lostall (solMass) (D9.2)  Total mass lost in the wind [ucd=phys.mass]
#----- ------ ------ ------ ---- --------- -----------
#M0                                                                 
#(sol         vel    M1 (so      M(i)lost  M(i)lostall
#Mass) Z0     (km/s) lMass) El   (solMass) (solMass)  
#----- ------ ------ ------ ---- --------- -----------
 13.00  -0.23   0.00   1.82    p  6.28e+00  1.12e+01
 13.00  -0.23   0.00   1.82   He  4.15e+00  1.12e+01
 13.00  -0.23   0.00   1.82    C  9.67e-02  1.12e+01
 13.00  -0.23   0.00   1.82    N  2.59e-02  1.12e+01
 13.00  -0.23   0.00   1.82    O  3.16e-01  1.12e+01
 13.00  -0.23   0.00   1.82    F  7.24e-06  1.12e+01
 13.00  -0.23   0.00   1.82   Ne  9.27e-02  1.12e+01
 13.00  -0.23   0.00   1.82   Mg  3.93e-02  1.12e+01
 13.00  -0.23   0.00   1.82   Si  6.90e-02  1.12e+01
 13.00  -0.23   0.00   1.82    S  3.24e-02  1.12e+01
 13.00  -0.23   0.00   1.82   Fe  8.03e-02  1.12e+01
 15.00  -0.23   0.00   2.23    p  6.97e+00  1.28e+01
 15.00  -0.23   0.00   2.23   He  5.08e+00  1.28e+01
 15.00  -0.23   0.00   2.23    C  7.88e-02  1.28e+01
 15.00  -0.23   0.00   2.23    N  3.39e-02  1.28e+01
 15.00  -0.23   0.00   2.23    O  2.38e-01  1.28e+01
 15.00  -0.23   0.00   2.23    F  8.28e-06  1.28e+01
 15.00  -0.23   0.00   2.23   Ne  8.68e-02  1.28e+01
 15.00  -0.23   0.00   2.23   Mg  6.24e-02  1.28e+01
 15.00  -0.23   0.00   2.23   Si  9.82e-02  1.28e+01
 15.00  -0.23   0.00   2.23    S  3.59e-02  1.28e+01
 15.00  -0.23   0.00   2.23   Fe  8.16e-02  1.28e+01
 18.00  -0.23   0.00   2.71    p  7.77e+00  1.53e+01
 18.00  -0.23   0.00   2.71   He  5.51e+00  1.53e+01
 18.00  -0.23   0.00   2.71    C  1.50e-01  1.53e+01
 18.00  -0.23   0.00   2.71    N  3.66e-02  1.53e+01
 18.00  -0.23   0.00   2.71    O  1.22e+00  1.53e+01
 18.00  -0.23   0.00   2.71    F  9.81e-06  1.53e+01
 18.00  -0.23   0.00   2.71   Ne  1.49e-01  1.53e+01
 18.00  -0.23   0.00   2.71   Mg  1.16e-01  1.53e+01
 18.00  -0.23   0.00   2.71   Si  1.75e-01  1.53e+01
 18.00  -0.23   0.00   2.71    S  8.49e-02  1.53e+01
 18.00  -0.23   0.00   2.71   Fe  8.50e-02  1.53e+01
 20.00  -0.23   0.00   2.69    p  8.51e+00  1.73e+01
 20.00  -0.23   0.00   2.69   He  6.92e+00  1.73e+01
 20.00  -0.23   0.00   2.69    C  1.62e-01  1.73e+01
 20.00  -0.23   0.00   2.69    N  4.16e-02  1.73e+01
 20.00  -0.23   0.00   2.69    O  1.02e+00  1.73e+01
 20.00  -0.23   0.00   2.69    F  2.91e-05  1.73e+01
 20.00  -0.23   0.00   2.69   Ne  3.33e-01  1.73e+01
 20.00  -0.23   0.00   2.69   Mg  9.81e-02  1.73e+01
 20.00  -0.23   0.00   2.69   Si  1.01e-01  1.73e+01
 20.00  -0.23   0.00   2.69    S  4.29e-02  1.73e+01
 20.00  -0.23   0.00   2.69   Fe  8.46e-02  1.73e+01
 25.00  -0.23   0.00   5.49    p  8.08e+00  1.95e+01
 25.00  -0.23   0.00   5.49   He  7.13e+00  1.95e+01
 25.00  -0.23   0.00   5.49    C  1.42e-01  1.95e+01
 25.00  -0.23   0.00   5.49    N  4.22e-02  1.95e+01
 25.00  -0.23   0.00   5.49    O  2.55e+00  1.95e+01
 25.00  -0.23   0.00   5.49    F  1.53e-04  1.95e+01
 25.00  -0.23   0.00   5.49   Ne  9.11e-01  1.95e+01
 25.00  -0.23   0.00   5.49   Mg  2.50e-01  1.95e+01
 25.00  -0.23   0.00   5.49   Si  2.22e-01  1.95e+01
 25.00  -0.23   0.00   5.49    S  1.00e-01  1.95e+01
 25.00  -0.23   0.00   5.49   Fe  8.23e-02  1.95e+01
 30.00  -0.23   0.00   6.19    p  9.54e+00  2.38e+01
 30.00  -0.23   0.00   6.19   He  8.11e+00  2.38e+01
 30.00  -0.23   0.00   6.19    C  2.12e-01  2.38e+01
 30.00  -0.23   0.00   6.19    N  5.55e-02  2.38e+01
 30.00  -0.23   0.00   6.19    O  4.11e+00  2.38e+01
 30.00  -0.23   0.00   6.19    F  9.96e-06  2.38e+01
 30.00  -0.23   0.00   6.19   Ne  9.50e-01  2.38e+01
 30.00  -0.23   0.00   6.19   Mg  2.39e-01  2.38e+01
 30.00  -0.23   0.00   6.19   Si  3.41e-01  2.38e+01
 30.00  -0.23   0.00   6.19    S  1.58e-01  2.38e+01
 30.00  -0.23   0.00   6.19   Fe  9.18e-02  2.38e+01
 40.00  -0.23   0.00  14.57    p  7.39e+00  2.54e+01
 40.00  -0.23   0.00  14.57   He  6.65e+00  2.54e+01
 40.00  -0.23   0.00  14.57    C  5.18e-01  2.54e+01
 40.00  -0.23   0.00  14.57    N  3.98e-02  2.54e+01
 40.00  -0.23   0.00  14.57    O  7.70e+00  2.54e+01
 40.00  -0.23   0.00  14.57    F  2.86e-06  2.54e+01
 40.00  -0.23   0.00  14.57   Ne  2.03e+00  2.54e+01
 40.00  -0.23   0.00  14.57   Mg  4.27e-01  2.54e+01
 40.00  -0.23   0.00  14.57   Si  4.17e-01  2.54e+01
 40.00  -0.23   0.00  14.57    S  1.79e-01  2.54e+01
 40.00  -0.23   0.00  14.57   Fe  8.72e-02  2.54e+01
 50.00  -0.23   0.00  50.00    p  1.00e-10  1.00e-10
 50.00  -0.23   0.00  50.00   He  1.00e-10  1.00e-10
 50.00  -0.23   0.00  50.00    C  1.00e-10  1.00e-10
 50.00  -0.23   0.00  50.00    N  1.00e-10  1.00e-10
 50.00  -0.23   0.00  50.00    O  1.00e-10  1.00e-10
 50.00  -0.23   0.00  50.00    F  1.00e-10  1.00e-10
 50.00  -0.23   0.00  50.00   Ne  1.00e-10  1.00e-10
 50.00  -0.23   0.00  50.00   Mg  1.00e-10  1.00e-10
 50.00  -0.23   0.00  50.00   Si  1.00e-10  1.00e-10
 50.00  -0.23   0.00  50.00    S  1.00e-10  1.00e-10
 50.00  -0.23   0.00  50.00   Fe  1.00e-10  1.00e-10
