#---Details of Columns:
#    M0 (solMass)          (F6.2)  [1/6.5] Initial mass [ucd=phys.mass]
#    Z/Zsun                (F7.2)  Initial metallicity [ucd=phys.abund.Z]
#    vel (km/s)            (F7.2)  Initial rotation [ucd=phys.mass]
#    M1 (solMass)          (F7.2)  Final mass (1) [ucd=phys.mass]
#    El                    (a4)    Species i (2) [ucd=phys.atmol.element]
#    M(i)lost (solMass)    (D9.2)  Mass of species i lost in the wind [ucd=phys.mass]
#    M(i)lostall (solMass) (D9.2)  Total mass lost in the wind [ucd=phys.mass]
#----- ------ ------ ------ ---- --------- -----------
#M0                                                                 
#(sol         vel    M1 (so      M(i)lost  M(i)lostall
#Mass) Z0     (km/s) lMass) El   (solMass) (solMass)  
#----- ------ ------ ------ ---- --------- -----------
 11.00 -10.00   0.00   1.51    p  5.80e+00  9.49e+00
 11.00 -10.00   0.00   1.51   He  3.43e+00  9.49e+00
 11.00 -10.00   0.00   1.51    C  5.53e-02  9.49e+00
 11.00 -10.00   0.00   1.51    N  2.12e-03  9.49e+00
 11.00 -10.00   0.00   1.51    O  1.13e-01  9.49e+00
 11.00 -10.00   0.00   1.51    F  1.61e-08  9.49e+00
 11.00 -10.00   0.00   1.51   Ne  2.18e-02  9.49e+00
 11.00 -10.00   0.00   1.51   Mg  2.82e-02  9.49e+00
 11.00 -10.00   0.00   1.51   Si  2.07e-02  9.49e+00
 11.00 -10.00   0.00   1.51    S  7.95e-03  9.49e+00
 11.00 -10.00   0.00   1.51   Fe  1.05e-02  9.49e+00
 13.00 -10.00   0.00   1.59    p  6.59e+00  1.14e+01
 13.00 -10.00   0.00   1.59   He  4.01e+00  1.14e+01
 13.00 -10.00   0.00   1.59    C  7.41e-02  1.14e+01
 13.00 -10.00   0.00   1.59    N  1.83e-03  1.14e+01
 13.00 -10.00   0.00   1.59    O  4.50e-01  1.14e+01
 13.00 -10.00   0.00   1.59    F  1.17e-10  1.14e+01
 13.00 -10.00   0.00   1.59   Ne  1.53e-02  1.14e+01
 13.00 -10.00   0.00   1.59   Mg  8.64e-02  1.14e+01
 13.00 -10.00   0.00   1.59   Si  8.26e-02  1.14e+01
 13.00 -10.00   0.00   1.59    S  2.40e-02  1.14e+01
 13.00 -10.00   0.00   1.59   Fe  7.17e-02  1.14e+01
 15.00 -10.00   0.00   1.50    p  7.58e+00  1.35e+01
 15.00 -10.00   0.00   1.50   He  4.40e+00  1.35e+01
 15.00 -10.00   0.00   1.50    C  1.72e-01  1.35e+01
 15.00 -10.00   0.00   1.50    N  1.86e-03  1.35e+01
 15.00 -10.00   0.00   1.50    O  7.73e-01  1.35e+01
 15.00 -10.00   0.00   1.50    F  1.97e-09  1.35e+01
 15.00 -10.00   0.00   1.50   Ne  3.27e-01  1.35e+01
 15.00 -10.00   0.00   1.50   Mg  6.89e-02  1.35e+01
 15.00 -10.00   0.00   1.50   Si  7.36e-02  1.35e+01
 15.00 -10.00   0.00   1.50    S  3.23e-02  1.35e+01
 15.00 -10.00   0.00   1.50   Fe  7.24e-02  1.35e+01
 18.00 -10.00   0.00   1.67    p  8.43e+00  1.63e+01
 18.00 -10.00   0.00   1.67   He  5.42e+00  1.63e+01
 18.00 -10.00   0.00   1.67    C  2.18e-01  1.63e+01
 18.00 -10.00   0.00   1.67    N  1.89e-04  1.63e+01
 18.00 -10.00   0.00   1.67    O  1.38e+00  1.63e+01
 18.00 -10.00   0.00   1.67    F  7.91e-09  1.63e+01
 18.00 -10.00   0.00   1.67   Ne  4.94e-01  1.63e+01
 18.00 -10.00   0.00   1.67   Mg  1.58e-01  1.63e+01
 18.00 -10.00   0.00   1.67   Si  1.17e-01  1.63e+01
 18.00 -10.00   0.00   1.67    S  4.10e-02  1.63e+01
 18.00 -10.00   0.00   1.67   Fe  7.23e-02  1.63e+01
 20.00 -10.00   0.00   1.68    p  8.77e+00  1.83e+01
 20.00 -10.00   0.00   1.68   He  5.94e+00  1.83e+01
 20.00 -10.00   0.00   1.68    C  2.11e-01  1.83e+01
 20.00 -10.00   0.00   1.68    N  5.42e-05  1.83e+01
 20.00 -10.00   0.00   1.68    O  2.11e+00  1.83e+01
 20.00 -10.00   0.00   1.68    F  1.62e-09  1.83e+01
 20.00 -10.00   0.00   1.68   Ne  9.12e-01  1.83e+01
 20.00 -10.00   0.00   1.68   Mg  1.51e-01  1.83e+01
 20.00 -10.00   0.00   1.68   Si  9.97e-02  1.83e+01
 20.00 -10.00   0.00   1.68    S  5.38e-02  1.83e+01
 20.00 -10.00   0.00   1.68   Fe  7.23e-02  1.83e+01
 25.00 -10.00   0.00   1.99    p  1.06e+01  2.30e+01
 25.00 -10.00   0.00   1.99   He  8.03e+00  2.30e+01
 25.00 -10.00   0.00   1.99    C  2.94e-01  2.30e+01
 25.00 -10.00   0.00   1.99    N  5.91e-04  2.30e+01
 25.00 -10.00   0.00   1.99    O  2.79e+00  2.30e+01
 25.00 -10.00   0.00   1.99    F  1.71e-09  2.30e+01
 25.00 -10.00   0.00   1.99   Ne  5.33e-01  2.30e+01
 25.00 -10.00   0.00   1.99   Mg  1.20e-01  2.30e+01
 25.00 -10.00   0.00   1.99   Si  3.51e-01  2.30e+01
 25.00 -10.00   0.00   1.99    S  1.86e-01  2.30e+01
 25.00 -10.00   0.00   1.99   Fe  7.38e-02  2.30e+01
 30.00 -10.00   0.00   2.12    p  1.17e+01  2.79e+01
 30.00 -10.00   0.00   2.12   He  9.52e+00  2.79e+01
 30.00 -10.00   0.00   2.12    C  3.37e-01  2.79e+01
 30.00 -10.00   0.00   2.12    N  1.65e-06  2.79e+01
 30.00 -10.00   0.00   2.12    O  4.81e+00  2.79e+01
 30.00 -10.00   0.00   2.12    F  8.94e-10  2.79e+01
 30.00 -10.00   0.00   2.12   Ne  8.51e-01  2.79e+01
 30.00 -10.00   0.00   2.12   Mg  2.27e-01  2.79e+01
 30.00 -10.00   0.00   2.12   Si  2.49e-01  2.79e+01
 30.00 -10.00   0.00   2.12    S  1.16e-01  2.79e+01
 30.00 -10.00   0.00   2.12   Fe  7.46e-02  2.79e+01
 40.00 -10.00   0.00   3.00    p  1.40e+01  3.70e+01
 40.00 -10.00   0.00   3.00   He  1.19e+01  3.70e+01
 40.00 -10.00   0.00   3.00    C  4.29e-01  3.70e+01
 40.00 -10.00   0.00   3.00    N  1.22e-06  3.70e+01
 40.00 -10.00   0.00   3.00    O  8.38e+00  3.70e+01
 40.00 -10.00   0.00   3.00    F  2.38e-10  3.70e+01
 40.00 -10.00   0.00   3.00   Ne  3.07e-01  3.70e+01
 40.00 -10.00   0.00   3.00   Mg  4.78e-01  3.70e+01
 40.00 -10.00   0.00   3.00   Si  1.03e+00  3.70e+01
 40.00 -10.00   0.00   3.00    S  3.75e-01  3.70e+01
 40.00 -10.00   0.00   3.00   Fe  8.00e-02  3.70e+01
100.00 -10.00   0.00  10.97    p  2.68e+01  8.90e+01
100.00 -10.00   0.00  10.97   He  3.08e+01  8.90e+01
100.00 -10.00   0.00  10.97    C  1.08e+00  8.90e+01
100.00 -10.00   0.00  10.97    N  1.79e-04  8.90e+01
100.00 -10.00   0.00  10.97    O  2.26e+01  8.90e+01
100.00 -10.00   0.00  10.97    F  2.37e-07  8.90e+01
100.00 -10.00   0.00  10.97   Ne  1.98e+00  8.90e+01
100.00 -10.00   0.00  10.97   Mg  1.70e+00  8.90e+01
100.00 -10.00   0.00  10.97   Si  2.66e+00  8.90e+01
100.00 -10.00   0.00  10.97    S  1.27e+00  8.90e+01
100.00 -10.00   0.00  10.97   Fe  1.04e-01  8.90e+01
140.00 -10.00   0.00  31.86    p  3.15e+01  1.08e+02
140.00 -10.00   0.00  31.86   He  3.77e+01  1.08e+02
140.00 -10.00   0.00  31.86    C  1.32e+00  1.08e+02
140.00 -10.00   0.00  31.86    N  2.45e-04  1.08e+02
140.00 -10.00   0.00  31.86    O  2.79e+01  1.08e+02
140.00 -10.00   0.00  31.86    F  3.24e-07  1.08e+02
140.00 -10.00   0.00  31.86   Ne  2.59e+00  1.08e+02
140.00 -10.00   0.00  31.86   Mg  2.15e+00  1.08e+02
140.00 -10.00   0.00  31.86   Si  3.26e+00  1.08e+02
140.00 -10.00   0.00  31.86    S  1.59e+00  1.08e+02
140.00 -10.00   0.00  31.86   Fe  1.13e-01  1.08e+02
140.00 -10.00   0.00   0.44    p  3.33e+01  1.40e+02
140.00 -10.00   0.00   0.44   He  3.89e+01  1.40e+02
140.00 -10.00   0.00   0.44    C  5.90e+00  1.40e+02
140.00 -10.00   0.00   0.44    N  1.33e-02  1.40e+02
140.00 -10.00   0.00   0.44    O  4.95e+01  1.40e+02
140.00 -10.00   0.00   0.44    F  9.75e-09  1.40e+02
140.00 -10.00   0.00   0.44   Ne  3.16e+00  1.40e+02
140.00 -10.00   0.00   0.44   Mg  2.58e+00  1.40e+02
140.00 -10.00   0.00   0.44   Si  4.47e+00  1.40e+02
140.00 -10.00   0.00   0.44    S  1.70e+00  1.40e+02
140.00 -10.00   0.00   0.44   Fe  8.65e-03  1.40e+02
150.00 -10.00   0.00   0.47    p  3.57e+01  1.50e+02
150.00 -10.00   0.00   0.47   He  4.17e+01  1.50e+02
150.00 -10.00   0.00   0.47    C  6.33e+00  1.50e+02
150.00 -10.00   0.00   0.47    N  1.42e-02  1.50e+02
150.00 -10.00   0.00   0.47    O  5.31e+01  1.50e+02
150.00 -10.00   0.00   0.47    F  1.04e-08  1.50e+02
150.00 -10.00   0.00   0.47   Ne  3.39e+00  1.50e+02
150.00 -10.00   0.00   0.47   Mg  2.77e+00  1.50e+02
150.00 -10.00   0.00   0.47   Si  4.79e+00  1.50e+02
150.00 -10.00   0.00   0.47    S  1.82e+00  1.50e+02
150.00 -10.00   0.00   0.47   Fe  9.26e-03  1.50e+02
170.00 -10.00   0.00   2.94    p  4.08e+01  1.67e+02
170.00 -10.00   0.00   2.94   He  4.80e+01  1.67e+02
170.00 -10.00   0.00   2.94    C  2.30e+00  1.67e+02
170.00 -10.00   0.00   2.94    N  1.04e-02  1.67e+02
170.00 -10.00   0.00   2.94    O  4.42e+01  1.67e+02
170.00 -10.00   0.00   2.94    F  6.49e-07  1.67e+02
170.00 -10.00   0.00   2.94   Ne  1.19e+00  1.67e+02
170.00 -10.00   0.00   2.94   Mg  1.94e+00  1.67e+02
170.00 -10.00   0.00   2.94   Si  1.62e+01  1.67e+02
170.00 -10.00   0.00   2.94    S  8.68e+00  1.67e+02
170.00 -10.00   0.00   2.94   Fe  3.76e+00  1.67e+02
200.00 -10.00   0.00   5.00    p  3.72e+01  1.95e+02
200.00 -10.00   0.00   5.00   He  4.90e+01  1.95e+02
200.00 -10.00   0.00   5.00    C  4.24e+00  1.95e+02
200.00 -10.00   0.00   5.00    N  5.85e-04  1.95e+02
200.00 -10.00   0.00   5.00    O  5.60e+01  1.95e+02
200.00 -10.00   0.00   5.00    F  9.48e-08  1.95e+02
200.00 -10.00   0.00   5.00   Ne  3.75e+00  1.95e+02
200.00 -10.00   0.00   5.00   Mg  3.08e+00  1.95e+02
200.00 -10.00   0.00   5.00   Si  2.12e+01  1.95e+02
200.00 -10.00   0.00   5.00    S  1.31e+01  1.95e+02
200.00 -10.00   0.00   5.00   Fe  7.36e+00  1.95e+02
270.00 -10.00   0.00  10.10    p  6.58e+01  2.60e+02
270.00 -10.00   0.00  10.10   He  7.90e+01  2.60e+02
270.00 -10.00   0.00  10.10    C  1.89e+00  2.60e+02
270.00 -10.00   0.00  10.10    N  3.11e-02  2.60e+02
270.00 -10.00   0.00  10.10    O  4.43e+01  2.60e+02
270.00 -10.00   0.00  10.10    F  2.04e-06  2.60e+02
270.00 -10.00   0.00  10.10   Ne  4.70e+00  2.60e+02
270.00 -10.00   0.00  10.10   Mg  4.80e+00  2.60e+02
270.00 -10.00   0.00  10.10   Si  2.71e+01  2.60e+02
270.00 -10.00   0.00  10.10    S  1.58e+01  2.60e+02
270.00 -10.00   0.00  10.10   Fe  1.64e+01  2.60e+02
300.00 -10.00   0.00  17.32    p  7.58e+01  2.83e+02
300.00 -10.00   0.00  17.32   He  8.95e+01  2.83e+02
300.00 -10.00   0.00  17.32    C  1.06e+00  2.83e+02
300.00 -10.00   0.00  17.32    N  4.18e-02  2.83e+02
300.00 -10.00   0.00  17.32    O  4.02e+01  2.83e+02
300.00 -10.00   0.00  17.32    F  2.72e-06  2.83e+02
300.00 -10.00   0.00  17.32   Ne  5.03e+00  2.83e+02
300.00 -10.00   0.00  17.32   Mg  5.41e+00  2.83e+02
300.00 -10.00   0.00  17.32   Si  2.91e+01  2.83e+02
300.00 -10.00   0.00  17.32    S  1.68e+01  2.83e+02
300.00 -10.00   0.00  17.32   Fe  1.96e+01  2.83e+02
 50.00 -10.00   0.00  50.00    p  1.00e-10  1.00e-10
 50.00 -10.00   0.00  50.00   He  1.00e-10  1.00e-10
 50.00 -10.00   0.00  50.00    C  1.00e-10  1.00e-10
 50.00 -10.00   0.00  50.00    N  1.00e-10  1.00e-10
 50.00 -10.00   0.00  50.00    O  1.00e-10  1.00e-10
 50.00 -10.00   0.00  50.00    F  1.00e-10  1.00e-10
 50.00 -10.00   0.00  50.00   Ne  1.00e-10  1.00e-10
 50.00 -10.00   0.00  50.00   Mg  1.00e-10  1.00e-10
 50.00 -10.00   0.00  50.00   Si  1.00e-10  1.00e-10
 50.00 -10.00   0.00  50.00    S  1.00e-10  1.00e-10
 50.00 -10.00   0.00  50.00   Fe  1.00e-10  1.00e-10
