#---Details of Columns:
#    M0 (solMass)          (F6.2)  [1/6.5] Initial mass [ucd=phys.mass]
#    Z/Zsun                (F7.2)  Initial metallicity [ucd=phys.abund.Z]
#    vel (km/s)            (F7.2)  Initial rotation [ucd=phys.mass]
#    M1 (solMass)          (F7.2)  Final mass (1) [ucd=phys.mass]
#    El                    (a4)    Species i (2) [ucd=phys.atmol.element]
#    M(i)lost (solMass)    (D9.2)  Mass of species i lost in the wind [ucd=phys.mass]
#    M(i)lostall (solMass) (D9.2)  Total mass lost in the wind [ucd=phys.mass]
#----- ------ ------ ------ ---- --------- -----------
#M0                                                                 
#(sol         vel    M1 (so      M(i)lost  M(i)lostall
#Mass) Z0     (km/s) lMass) El   (solMass) (solMass)  
#----- ------ ------ ------ ---- --------- -----------
 13.00   0.17   0.00   1.89    p  6.15e+00  1.11e+01
 13.00   0.17   0.00   1.89   He  4.30e+00  1.11e+01
 13.00   0.17   0.00   1.89    C  1.08e-01  1.11e+01
 13.00   0.17   0.00   1.89    N  4.81e-02  1.11e+01
 13.00   0.17   0.00   1.89    O  2.23e-01  1.11e+01
 13.00   0.17   0.00   1.89    F  1.42e-05  1.11e+01
 13.00   0.17   0.00   1.89   Ne  3.95e-02  1.11e+01
 13.00   0.17   0.00   1.89   Mg  2.99e-02  1.11e+01
 13.00   0.17   0.00   1.89   Si  7.79e-02  1.11e+01
 13.00   0.17   0.00   1.89    S  3.92e-02  1.11e+01
 13.00   0.17   0.00   1.89   Fe  8.74e-02  1.11e+01
 15.00   0.17   0.00   2.38    p  6.79e+00  1.26e+01
 15.00   0.17   0.00   2.38   He  5.25e+00  1.26e+01
 15.00   0.17   0.00   2.38    C  6.62e-02  1.26e+01
 15.00   0.17   0.00   2.38    N  6.15e-02  1.26e+01
 15.00   0.17   0.00   2.38    O  1.65e-01  1.26e+01
 15.00   0.17   0.00   2.38    F  1.64e-05  1.26e+01
 15.00   0.17   0.00   2.38   Ne  3.58e-02  1.26e+01
 15.00   0.17   0.00   2.38   Mg  4.11e-02  1.26e+01
 15.00   0.17   0.00   2.38   Si  8.88e-02  1.26e+01
 15.00   0.17   0.00   2.38    S  3.65e-02  1.26e+01
 15.00   0.17   0.00   2.38   Fe  8.97e-02  1.26e+01
 18.00   0.17   0.00   2.85    p  7.53e+00  1.51e+01
 18.00   0.17   0.00   2.85   He  6.11e+00  1.51e+01
 18.00   0.17   0.00   2.85    C  1.37e-01  1.51e+01
 18.00   0.17   0.00   2.85    N  6.61e-02  1.51e+01
 18.00   0.17   0.00   2.85    O  7.83e-01  1.51e+01
 18.00   0.17   0.00   2.85    F  4.47e-06  1.51e+01
 18.00   0.17   0.00   2.85   Ne  1.56e-01  1.51e+01
 18.00   0.17   0.00   2.85   Mg  1.16e-01  1.51e+01
 18.00   0.17   0.00   2.85   Si  1.15e-01  1.51e+01
 18.00   0.17   0.00   2.85    S  3.95e-02  1.51e+01
 18.00   0.17   0.00   2.85   Fe  9.30e-02  1.51e+01
 20.00   0.17   0.00   3.23    p  7.93e+00  1.68e+01
 20.00   0.17   0.00   3.23   He  6.76e+00  1.68e+01
 20.00   0.17   0.00   3.23    C  2.46e-01  1.68e+01
 20.00   0.17   0.00   3.23    N  7.21e-02  1.68e+01
 20.00   0.17   0.00   3.23    O  1.06e+00  1.68e+01
 20.00   0.17   0.00   3.23    F  6.05e-05  1.68e+01
 20.00   0.17   0.00   3.23   Ne  4.04e-01  1.68e+01
 20.00   0.17   0.00   3.23   Mg  9.49e-02  1.68e+01
 20.00   0.17   0.00   3.23   Si  6.77e-02  1.68e+01
 20.00   0.17   0.00   3.23    S  3.00e-02  1.68e+01
 20.00   0.17   0.00   3.23   Fe  9.37e-02  1.68e+01
 25.00   0.17   0.00   9.21    p  5.32e+00  1.58e+01
 25.00   0.17   0.00   9.21   He  5.35e+00  1.58e+01
 25.00   0.17   0.00   9.21    C  1.53e-01  1.58e+01
 25.00   0.17   0.00   9.21    N  5.62e-02  1.58e+01
 25.00   0.17   0.00   9.21    O  3.01e+00  1.58e+01
 25.00   0.17   0.00   9.21    F  2.43e-04  1.58e+01
 25.00   0.17   0.00   9.21   Ne  1.02e+00  1.58e+01
 25.00   0.17   0.00   9.21   Mg  2.57e-01  1.58e+01
 25.00   0.17   0.00   9.21   Si  3.55e-01  1.58e+01
 25.00   0.17   0.00   9.21    S  1.86e-01  1.58e+01
 25.00   0.17   0.00   9.21   Fe  8.90e-02  1.58e+01
 30.00   0.17   0.00   7.63    p  8.75e+00  2.24e+01
 30.00   0.17   0.00   7.63   He  8.36e+00  2.24e+01
 30.00   0.17   0.00   7.63    C  2.52e-01  2.24e+01
 30.00   0.17   0.00   7.63    N  1.02e-01  2.24e+01
 30.00   0.17   0.00   7.63    O  3.22e+00  2.24e+01
 30.00   0.17   0.00   7.63    F  7.81e-06  2.24e+01
 30.00   0.17   0.00   7.63   Ne  9.58e-01  2.24e+01
 30.00   0.17   0.00   7.63   Mg  2.47e-01  2.24e+01
 30.00   0.17   0.00   7.63   Si  2.58e-01  2.24e+01
 30.00   0.17   0.00   7.63    S  1.13e-01  2.24e+01
 30.00   0.17   0.00   7.63   Fe  1.04e-01  2.24e+01
 40.00   0.17   0.00  20.60    p  3.55e+00  1.94e+01
 40.00   0.17   0.00  20.60   He  4.71e+00  1.94e+01
 40.00   0.17   0.00  20.60    C  5.96e-01  1.94e+01
 40.00   0.17   0.00  20.60    N  5.81e-02  1.94e+01
 40.00   0.17   0.00  20.60    O  7.35e+00  1.94e+01
 40.00   0.17   0.00  20.60    F  5.26e-06  1.94e+01
 40.00   0.17   0.00  20.60   Ne  2.22e+00  1.94e+01
 40.00   0.17   0.00  20.60   Mg  4.57e-01  1.94e+01
 40.00   0.17   0.00  20.60   Si  2.61e-01  1.94e+01
 40.00   0.17   0.00  20.60    S  1.13e-01  1.94e+01
 40.00   0.17   0.00  20.60   Fe  8.97e-02  1.94e+01
 50.00   0.17   0.00  50.00    p  1.00e-10  1.00e-10
 50.00   0.17   0.00  50.00   He  1.00e-10  1.00e-10
 50.00   0.17   0.00  50.00    C  1.00e-10  1.00e-10
 50.00   0.17   0.00  50.00    N  1.00e-10  1.00e-10
 50.00   0.17   0.00  50.00    O  1.00e-10  1.00e-10
 50.00   0.17   0.00  50.00    F  1.00e-10  1.00e-10
 50.00   0.17   0.00  50.00   Ne  1.00e-10  1.00e-10
 50.00   0.17   0.00  50.00   Mg  1.00e-10  1.00e-10
 50.00   0.17   0.00  50.00   Si  1.00e-10  1.00e-10
 50.00   0.17   0.00  50.00    S  1.00e-10  1.00e-10
 50.00   0.17   0.00  50.00   Fe  1.00e-10  1.00e-10
