#---Details of Columns:
#    M0 (solMass)          (F6.2)  [1/6.5] Initial mass [ucd=phys.mass]
#    Z/Zsun                (F7.2)  Initial metallicity [ucd=phys.abund.Z]
#    vel (km/s)            (F7.2)  Initial rotation [ucd=phys.mass]
#    M1 (solMass)          (F7.2)  Final mass (1) [ucd=phys.mass]
#    El                    (a4)    Species i (2) [ucd=phys.atmol.element]
#    M(i)lost (solMass)    (D9.2)  Mass of species i lost in the wind [ucd=phys.mass]
#    M(i)lostall (solMass) (D9.2)  Total mass lost in the wind [ucd=phys.mass]
#----- ------ ------ ------ ---- --------- -----------
#M0                                                                 
#(sol         vel    M1 (so      M(i)lost  M(i)lostall
#Mass) Z0     (km/s) lMass) El   (solMass) (solMass)  
#----- ------ ------ ------ ---- --------- -----------
 13.00   0.57   0.00   2.26    p  5.12e+00  1.07e+01
 13.00   0.57   0.00   2.26   He  4.69e+00  1.07e+01
 13.00   0.57   0.00   2.26    C  1.18e-01  1.07e+01
 13.00   0.57   0.00   2.26    N  1.05e-01  1.07e+01
 13.00   0.57   0.00   2.26    O  3.72e-01  1.07e+01
 13.00   0.57   0.00   2.26    F  3.31e-05  1.07e+01
 13.00   0.57   0.00   2.26   Ne  6.13e-02  1.07e+01
 13.00   0.57   0.00   2.26   Mg  4.07e-02  1.07e+01
 13.00   0.57   0.00   2.26   Si  8.34e-02  1.07e+01
 13.00   0.57   0.00   2.26    S  3.75e-02  1.07e+01
 13.00   0.57   0.00   2.26   Fe  1.07e-01  1.07e+01
 15.00   0.57   0.00   2.60    p  5.67e+00  1.24e+01
 15.00   0.57   0.00   2.60   He  5.23e+00  1.24e+01
 15.00   0.57   0.00   2.60    C  9.33e-02  1.24e+01
 15.00   0.57   0.00   2.60    N  1.59e-01  1.24e+01
 15.00   0.57   0.00   2.60    O  7.45e-01  1.24e+01
 15.00   0.57   0.00   2.60    F  1.26e-05  1.24e+01
 15.00   0.57   0.00   2.60   Ne  1.01e-01  1.24e+01
 15.00   0.57   0.00   2.60   Mg  1.00e-01  1.24e+01
 15.00   0.57   0.00   2.60   Si  1.45e-01  1.24e+01
 15.00   0.57   0.00   2.60    S  4.69e-02  1.24e+01
 15.00   0.57   0.00   2.60   Fe  1.15e-01  1.24e+01
 18.00   0.57   0.00   3.35    p  5.99e+00  1.47e+01
 18.00   0.57   0.00   3.35   He  5.72e+00  1.47e+01
 18.00   0.57   0.00   3.35    C  2.19e-01  1.47e+01
 18.00   0.57   0.00   3.35    N  1.20e-01  1.47e+01
 18.00   0.57   0.00   3.35    O  1.57e+00  1.47e+01
 18.00   0.57   0.00   3.35    F  1.33e-05  1.47e+01
 18.00   0.57   0.00   3.35   Ne  6.47e-01  1.47e+01
 18.00   0.57   0.00   3.35   Mg  1.90e-01  1.47e+01
 18.00   0.57   0.00   3.35   Si  5.65e-02  1.47e+01
 18.00   0.57   0.00   3.35    S  2.26e-02  1.47e+01
 18.00   0.57   0.00   3.35   Fe  1.16e-01  1.47e+01
 20.00   0.57   0.00   4.41    p  6.07e+00  1.56e+01
 20.00   0.57   0.00   4.41   He  5.93e+00  1.56e+01
 20.00   0.57   0.00   4.41    C  3.16e-01  1.56e+01
 20.00   0.57   0.00   4.41    N  1.28e-01  1.56e+01
 20.00   0.57   0.00   4.41    O  1.96e+00  1.56e+01
 20.00   0.57   0.00   4.41    F  1.88e-05  1.56e+01
 20.00   0.57   0.00   4.41   Ne  6.65e-01  1.56e+01
 20.00   0.57   0.00   4.41   Mg  2.09e-01  1.56e+01
 20.00   0.57   0.00   4.41   Si  1.32e-01  1.56e+01
 20.00   0.57   0.00   4.41    S  5.65e-02  1.56e+01
 20.00   0.57   0.00   4.41   Fe  1.21e-01  1.56e+01
 25.00   0.57   0.00   7.77    p  5.87e+00  1.72e+01
 25.00   0.57   0.00   7.77   He  6.08e+00  1.72e+01
 25.00   0.57   0.00   7.77    C  2.05e-01  1.72e+01
 25.00   0.57   0.00   7.77    N  1.37e-01  1.72e+01
 25.00   0.57   0.00   7.77    O  3.03e+00  1.72e+01
 25.00   0.57   0.00   7.77    F  1.92e-04  1.72e+01
 25.00   0.57   0.00   7.77   Ne  9.89e-01  1.72e+01
 25.00   0.57   0.00   7.77   Mg  3.25e-01  1.72e+01
 25.00   0.57   0.00   7.77   Si  3.41e-01  1.72e+01
 25.00   0.57   0.00   7.77    S  1.32e-01  1.72e+01
 25.00   0.57   0.00   7.77   Fe  1.21e-01  1.72e+01
 30.00   0.57   0.00   7.37    p  7.34e+00  2.26e+01
 30.00   0.57   0.00   7.37   He  7.67e+00  2.26e+01
 30.00   0.57   0.00   7.37    C  1.56e-01  2.26e+01
 30.00   0.57   0.00   7.37    N  1.92e-01  2.26e+01
 30.00   0.57   0.00   7.37    O  5.62e+00  2.26e+01
 30.00   0.57   0.00   7.37    F  2.58e-04  2.26e+01
 30.00   0.57   0.00   7.37   Ne  2.23e-01  2.26e+01
 30.00   0.57   0.00   7.37   Mg  3.09e-01  2.26e+01
 30.00   0.57   0.00   7.37   Si  7.69e-01  2.26e+01
 30.00   0.57   0.00   7.37    S  2.15e-01  2.26e+01
 30.00   0.57   0.00   7.37   Fe  1.38e-01  2.26e+01
 40.00   0.57   0.00  13.03    p  6.79e+00  2.70e+01
 40.00   0.57   0.00  13.03   He  9.17e+00  2.70e+01
 40.00   0.57   0.00  13.03    C  4.67e-01  2.70e+01
 40.00   0.57   0.00  13.03    N  2.92e-01  2.70e+01
 40.00   0.57   0.00  13.03    O  6.92e+00  2.70e+01
 40.00   0.57   0.00  13.03    F  4.17e-05  2.70e+01
 40.00   0.57   0.00  13.03   Ne  2.02e+00  2.70e+01
 40.00   0.57   0.00  13.03   Mg  6.92e-01  2.70e+01
 40.00   0.57   0.00  13.03   Si  3.46e-01  2.70e+01
 40.00   0.57   0.00  13.03    S  1.31e-01  2.70e+01
 40.00   0.57   0.00  13.03   Fe  1.42e-01  2.70e+01
 50.00   0.57   0.00  50.00    p  1.00e-10  1.00e-10
 50.00   0.57   0.00  50.00   He  1.00e-10  1.00e-10
 50.00   0.57   0.00  50.00    C  1.00e-10  1.00e-10
 50.00   0.57   0.00  50.00    N  1.00e-10  1.00e-10
 50.00   0.57   0.00  50.00    O  1.00e-10  1.00e-10
 50.00   0.57   0.00  50.00    F  1.00e-10  1.00e-10
 50.00   0.57   0.00  50.00   Ne  1.00e-10  1.00e-10
 50.00   0.57   0.00  50.00   Mg  1.00e-10  1.00e-10
 50.00   0.57   0.00  50.00   Si  1.00e-10  1.00e-10
 50.00   0.57   0.00  50.00    S  1.00e-10  1.00e-10
 50.00   0.57   0.00  50.00   Fe  1.00e-10  1.00e-10
