#---Details of Columns:
#    M0 (solMass)          (F6.2)  [1/6.5] Initial mass [ucd=phys.mass]
#    Z/Zsun                (F7.2)  Initial metallicity [ucd=phys.abund.Z]
#    vel (km/s)            (F7.2)  Initial rotation [ucd=phys.mass]
#    M1 (solMass)          (F7.2)  Final mass (1) [ucd=phys.mass]
#    El                    (a4)    Species i (2) [ucd=phys.atmol.element]
#    M(i)lost (solMass)    (D9.2)  Mass of species i lost in the wind [ucd=phys.mass]
#    M(i)lostall (solMass) (D9.2)  Total mass lost in the wind [ucd=phys.mass]
#----- ------ ------ ------ ---- --------- -----------
#M0                                                                 
#(sol         vel    M1 (so      M(i)lost  M(i)lostall
#Mass) Z0     (km/s) lMass) El   (solMass) (solMass)  
#----- ------ ------ ------ ---- --------- -----------
 20.00 -10.00   0.00   1.88    p  8.77e+00  1.81e+01
 20.00 -10.00   0.00   1.88   He  5.96e+00  1.81e+01
 20.00 -10.00   0.00   1.88    C  1.90e-01  1.81e+01
 20.00 -10.00   0.00   1.88    N  5.43e-05  1.81e+01
 20.00 -10.00   0.00   1.88    O  2.03e+00  1.81e+01
 20.00 -10.00   0.00   1.88    F  2.12e-09  1.81e+01
 20.00 -10.00   0.00   1.88   Ne  7.50e-01  1.81e+01
 20.00 -10.00   0.00   1.88   Mg  1.66e-01  1.81e+01
 20.00 -10.00   0.00   1.88   Si  1.03e-01  1.81e+01
 20.00 -10.00   0.00   1.88    S  4.30e-02  1.81e+01
 20.00 -10.00   0.00   1.88   Fe  8.49e-02  1.81e+01
 25.00 -10.00   0.00   2.80    p  1.06e+01  2.22e+01
 25.00 -10.00   0.00   2.80   He  8.03e+00  2.22e+01
 25.00 -10.00   0.00   2.80    C  2.67e-01  2.22e+01
 25.00 -10.00   0.00   2.80    N  5.96e-04  2.22e+01
 25.00 -10.00   0.00   2.80    O  2.38e+00  2.22e+01
 25.00 -10.00   0.00   2.80    F  1.67e-09  2.22e+01
 25.00 -10.00   0.00   2.80   Ne  2.85e-01  2.22e+01
 25.00 -10.00   0.00   2.80   Mg  1.53e-01  2.22e+01
 25.00 -10.00   0.00   2.80   Si  2.31e-01  2.22e+01
 25.00 -10.00   0.00   2.80    S  9.20e-02  2.22e+01
 25.00 -10.00   0.00   2.80   Fe  9.94e-02  2.22e+01
 30.00 -10.00   0.00   3.27    p  1.17e+01  2.67e+01
 30.00 -10.00   0.00   3.27   He  9.54e+00  2.67e+01
 30.00 -10.00   0.00   3.27    C  3.16e-01  2.67e+01
 30.00 -10.00   0.00   3.27    N  4.20e-05  2.67e+01
 30.00 -10.00   0.00   3.27    O  3.92e+00  2.67e+01
 30.00 -10.00   0.00   3.27    F  7.88e-09  2.67e+01
 30.00 -10.00   0.00   3.27   Ne  5.20e-01  2.67e+01
 30.00 -10.00   0.00   3.27   Mg  2.17e-01  2.67e+01
 30.00 -10.00   0.00   3.27   Si  2.48e-01  2.67e+01
 30.00 -10.00   0.00   3.27    S  8.55e-02  2.67e+01
 30.00 -10.00   0.00   3.27   Fe  1.64e-01  2.67e+01
 40.00 -10.00   0.00   5.53    p  1.40e+01  3.45e+01
 40.00 -10.00   0.00   5.53   He  1.18e+01  3.45e+01
 40.00 -10.00   0.00   5.53    C  3.72e-01  3.45e+01
 40.00 -10.00   0.00   5.53    N  4.04e-06  3.45e+01
 40.00 -10.00   0.00   5.53    O  6.32e+00  3.45e+01
 40.00 -10.00   0.00   5.53    F  1.16e-07  3.45e+01
 40.00 -10.00   0.00   5.53   Ne  2.64e-01  3.45e+01
 40.00 -10.00   0.00   5.53   Mg  3.38e-01  3.45e+01
 40.00 -10.00   0.00   5.53   Si  7.26e-01  3.45e+01
 40.00 -10.00   0.00   5.53    S  2.62e-01  3.45e+01
 40.00 -10.00   0.00   5.53   Fe  2.63e-01  3.45e+01
100.00 -10.00   0.00 100.00    p  2.68e+01  0.00e+00
100.00 -10.00   0.00 100.00   He  3.08e+01  0.00e+00
100.00 -10.00   0.00 100.00    C  8.78e-01  0.00e+00
100.00 -10.00   0.00 100.00    N  1.64e-04  0.00e+00
100.00 -10.00   0.00 100.00    O  1.89e+01  0.00e+00
100.00 -10.00   0.00 100.00    F  1.77e-06  0.00e+00
100.00 -10.00   0.00 100.00   Ne  1.45e+00  0.00e+00
100.00 -10.00   0.00 100.00   Mg  1.32e+00  0.00e+00
100.00 -10.00   0.00 100.00   Si  2.36e+00  0.00e+00
100.00 -10.00   0.00 100.00    S  1.02e+00  0.00e+00
100.00 -10.00   0.00 100.00   Fe  7.93e-01  0.00e+00
140.00 -10.00   0.00 140.00    p  3.15e+01  0.00e+00
140.00 -10.00   0.00 140.00   He  3.78e+01  0.00e+00
140.00 -10.00   0.00 140.00    C  1.06e+00  0.00e+00
140.00 -10.00   0.00 140.00    N  2.23e-04  0.00e+00
140.00 -10.00   0.00 140.00    O  2.36e+01  0.00e+00
140.00 -10.00   0.00 140.00    F  2.38e-06  0.00e+00
140.00 -10.00   0.00 140.00   Ne  1.89e+00  0.00e+00
140.00 -10.00   0.00 140.00   Mg  1.68e+00  0.00e+00
140.00 -10.00   0.00 140.00   Si  2.96e+00  0.00e+00
140.00 -10.00   0.00 140.00    S  1.30e+00  0.00e+00
140.00 -10.00   0.00 140.00   Fe  9.87e-01  0.00e+00
 50.00 -10.00   0.00  50.00    p  1.00e-10  1.00e-10
 50.00 -10.00   0.00  50.00   He  1.00e-10  1.00e-10
 50.00 -10.00   0.00  50.00    C  1.00e-10  1.00e-10
 50.00 -10.00   0.00  50.00    N  1.00e-10  1.00e-10
 50.00 -10.00   0.00  50.00    O  1.00e-10  1.00e-10
 50.00 -10.00   0.00  50.00    F  1.00e-10  1.00e-10
 50.00 -10.00   0.00  50.00   Ne  1.00e-10  1.00e-10
 50.00 -10.00   0.00  50.00   Mg  1.00e-10  1.00e-10
 50.00 -10.00   0.00  50.00   Si  1.00e-10  1.00e-10
 50.00 -10.00   0.00  50.00    S  1.00e-10  1.00e-10
 50.00 -10.00   0.00  50.00   Fe  1.00e-10  1.00e-10
