#---Details of Columns:
#    M0 (solMass)          (F6.2)  [1/6.5] Initial mass [ucd=phys.mass]
#    Z/Zsun                (F7.2)  Initial metallicity [ucd=phys.abund.Z]
#    vel (km/s)            (F7.2)  Initial rotation [ucd=phys.mass]
#    M1 (solMass)          (F7.2)  Final mass (1) [ucd=phys.mass]
#    El                    (a4)    Species i (2) [ucd=phys.atmol.element]
#    M(i)lost (solMass)    (D9.2)  Mass of species i lost in the wind [ucd=phys.mass]
#    M(i)lostall (solMass) (D9.2)  Total mass lost in the wind [ucd=phys.mass]
#----- ------ ------ ------ ---- --------- -----------
#M0                                                                 
#(sol         vel    M1 (so      M(i)lost  M(i)lostall
#Mass) Z0     (km/s) lMass) El   (solMass) (solMass)  
#----- ------ ------ ------ ---- --------- -----------
 13.00  -0.53   0.00   1.76    p  6.37e+00  1.12e+01
 13.00  -0.53   0.00   1.76   He  4.04e+00  1.12e+01
 13.00  -0.53   0.00   1.76    C  8.80e-02  1.12e+01
 13.00  -0.53   0.00   1.76    N  9.09e-03  1.12e+01
 13.00  -0.53   0.00   1.76    O  3.87e-01  1.12e+01
 13.00  -0.53   0.00   1.76    F  1.98e-06  1.12e+01
 13.00  -0.53   0.00   1.76   Ne  1.33e-01  1.12e+01
 13.00  -0.53   0.00   1.76   Mg  4.64e-02  1.12e+01
 13.00  -0.53   0.00   1.76   Si  6.23e-02  1.12e+01
 13.00  -0.53   0.00   1.76    S  2.73e-02  1.12e+01
 13.00  -0.53   0.00   1.76   Fe  7.49e-02  1.12e+01
 15.00  -0.53   0.00   2.12    p  7.11e+00  1.29e+01
 15.00  -0.53   0.00   2.12   He  4.95e+00  1.29e+01
 15.00  -0.53   0.00   2.12    C  8.83e-02  1.29e+01
 15.00  -0.53   0.00   2.12    N  1.30e-02  1.29e+01
 15.00  -0.53   0.00   2.12    O  2.93e-01  1.29e+01
 15.00  -0.53   0.00   2.12    F  2.13e-06  1.29e+01
 15.00  -0.53   0.00   2.12   Ne  1.25e-01  1.29e+01
 15.00  -0.53   0.00   2.12   Mg  7.84e-02  1.29e+01
 15.00  -0.53   0.00   2.12   Si  1.05e-01  1.29e+01
 15.00  -0.53   0.00   2.12    S  3.55e-02  1.29e+01
 15.00  -0.53   0.00   2.12   Fe  7.54e-02  1.29e+01
 18.00  -0.53   0.00   2.59    p  7.95e+00  1.54e+01
 18.00  -0.53   0.00   2.59   He  5.06e+00  1.54e+01
 18.00  -0.53   0.00   2.59    C  1.59e-01  1.54e+01
 18.00  -0.53   0.00   2.59    N  1.43e-02  1.54e+01
 18.00  -0.53   0.00   2.59    O  1.55e+00  1.54e+01
 18.00  -0.53   0.00   2.59    F  1.38e-05  1.54e+01
 18.00  -0.53   0.00   2.59   Ne  1.44e-01  1.54e+01
 18.00  -0.53   0.00   2.59   Mg  1.16e-01  1.54e+01
 18.00  -0.53   0.00   2.59   Si  2.20e-01  1.54e+01
 18.00  -0.53   0.00   2.59    S  1.19e-01  1.54e+01
 18.00  -0.53   0.00   2.59   Fe  7.90e-02  1.54e+01
 20.00  -0.53   0.00   2.27    p  8.95e+00  1.77e+01
 20.00  -0.53   0.00   2.27   He  7.03e+00  1.77e+01
 20.00  -0.53   0.00   2.27    C  9.77e-02  1.77e+01
 20.00  -0.53   0.00   2.27    N  1.85e-02  1.77e+01
 20.00  -0.53   0.00   2.27    O  9.95e-01  1.77e+01
 20.00  -0.53   0.00   2.27    F  5.36e-06  1.77e+01
 20.00  -0.53   0.00   2.27   Ne  2.80e-01  1.77e+01
 20.00  -0.53   0.00   2.27   Mg  1.01e-01  1.77e+01
 20.00  -0.53   0.00   2.27   Si  1.27e-01  1.77e+01
 20.00  -0.53   0.00   2.27    S  5.26e-02  1.77e+01
 20.00  -0.53   0.00   2.27   Fe  7.77e-02  1.77e+01
 25.00  -0.53   0.00   2.69    p  1.02e+01  2.23e+01
 25.00  -0.53   0.00   2.69   He  8.48e+00  2.23e+01
 25.00  -0.53   0.00   2.69    C  1.33e-01  2.23e+01
 25.00  -0.53   0.00   2.69    N  3.16e-02  2.23e+01
 25.00  -0.53   0.00   2.69    O  2.20e+00  2.23e+01
 25.00  -0.53   0.00   2.69    F  8.50e-05  2.23e+01
 25.00  -0.53   0.00   2.69   Ne  8.25e-01  2.23e+01
 25.00  -0.53   0.00   2.69   Mg  2.46e-01  2.23e+01
 25.00  -0.53   0.00   2.69   Si  1.22e-01  2.23e+01
 25.00  -0.53   0.00   2.69    S  3.57e-02  2.23e+01
 25.00  -0.53   0.00   2.69   Fe  7.73e-02  2.23e+01
 30.00  -0.53   0.00   5.10    p  1.01e+01  2.49e+01
 30.00  -0.53   0.00   5.10   He  7.92e+00  2.49e+01
 30.00  -0.53   0.00   5.10    C  1.82e-01  2.49e+01
 30.00  -0.53   0.00   5.10    N  2.01e-02  2.49e+01
 30.00  -0.53   0.00   5.10    O  4.79e+00  2.49e+01
 30.00  -0.53   0.00   5.10    F  1.16e-05  2.49e+01
 30.00  -0.53   0.00   5.10   Ne  9.44e-01  2.49e+01
 30.00  -0.53   0.00   5.10   Mg  2.32e-01  2.49e+01
 30.00  -0.53   0.00   5.10   Si  4.03e-01  2.49e+01
 30.00  -0.53   0.00   5.10    S  1.92e-01  2.49e+01
 30.00  -0.53   0.00   5.10   Fe  8.26e-02  2.49e+01
 40.00  -0.53   0.00  10.01    p  1.03e+01  3.00e+01
 40.00  -0.53   0.00  10.01   He  8.12e+00  3.00e+01
 40.00  -0.53   0.00  10.01    C  4.59e-01  3.00e+01
 40.00  -0.53   0.00  10.01    N  2.60e-02  3.00e+01
 40.00  -0.53   0.00  10.01    O  7.96e+00  3.00e+01
 40.00  -0.53   0.00  10.01    F  1.04e-06  3.00e+01
 40.00  -0.53   0.00  10.01   Ne  1.88e+00  3.00e+01
 40.00  -0.53   0.00  10.01   Mg  4.04e-01  3.00e+01
 40.00  -0.53   0.00  10.01   Si  5.34e-01  3.00e+01
 40.00  -0.53   0.00  10.01    S  2.29e-01  3.00e+01
 40.00  -0.53   0.00  10.01   Fe  8.53e-02  3.00e+01
 50.00  -0.53   0.00  50.00    p  1.00e-10  1.00e-10
 50.00  -0.53   0.00  50.00   He  1.00e-10  1.00e-10
 50.00  -0.53   0.00  50.00    C  1.00e-10  1.00e-10
 50.00  -0.53   0.00  50.00    N  1.00e-10  1.00e-10
 50.00  -0.53   0.00  50.00    O  1.00e-10  1.00e-10
 50.00  -0.53   0.00  50.00    F  1.00e-10  1.00e-10
 50.00  -0.53   0.00  50.00   Ne  1.00e-10  1.00e-10
 50.00  -0.53   0.00  50.00   Mg  1.00e-10  1.00e-10
 50.00  -0.53   0.00  50.00   Si  1.00e-10  1.00e-10
 50.00  -0.53   0.00  50.00    S  1.00e-10  1.00e-10
 50.00  -0.53   0.00  50.00   Fe  1.00e-10  1.00e-10
