#---Details of Columns:
#    M0 (solMass)          (F5.2)  [1/6.5] Initial mass [ucd=phys.mass]
#    Z0                    (F7.4)  Initial metallicity [ucd=phys.abund.Z]
#    M1 (solMass)          (F6.3)  Final mass (1) [ucd=phys.mass]
#    El                    (a4)    Species i (2) [ucd=phys.atmol.element]
#    Yield (solMass)       (D9.2)  Net yield [ucd=phys.composition.yield]
#    M(i)lost (solMass)    (D9.2)  Mass of species i lost in the wind [ucd=phys.mass]
#    M(i)0 (solMass)       (D9.2)  Mass of species i initially present in the wind [ucd=phys.mass]
#    M(i)lostall (solMass) (D9.2)  Total mass lost in the wind [ucd=phys.mass]
#----- ----- ----- ---- --------- --------- --------- -----------
#M0                                                                 
#(sol        M1 (so     Yield     M(i)lost  M(i)0     M(i)lostall
#Mass) Z0    lMass) El  (solMass) (solMass) (solMass) (solMass)  
#----- ----- ----- ---- --------- --------- --------- -----------
 1.00 0.0040 0.564    p -8.14e-03  3.00e-01  0.00e+00  4.36e-01
 1.00 0.0040 0.564   He  8.14e-03  1.28e-01  0.00e+00  4.36e-01
 1.00 0.0040 0.564    C -3.86e-05  1.31e-03  0.00e+00  4.36e-01
 1.00 0.0040 0.564    N  4.98e-05  5.34e-04  0.00e+00  4.36e-01
 1.00 0.0040 0.564    O -4.76e-06  4.19e-03  0.00e+00  4.36e-01
 1.00 0.0040 0.564    F -2.90e-10  2.12e-07  0.00e+00  4.36e-01
 1.00 0.0040 0.564   Ne -1.75e-07  7.65e-04  0.00e+00  4.36e-01
 1.00 0.0040 0.564   Mg -4.22e-10  2.85e-04  0.00e+00  4.36e-01
 1.00 0.0040 0.564   Si -2.25e-11  3.07e-04  0.00e+00  4.36e-01
 1.00 0.0040 0.564    S -7.55e-11  1.60e-04  0.00e+00  4.36e-01
 1.00 0.0040 0.564   Fe  3.90e-10  8.05e-04  0.00e+00  4.36e-01
 1.20 0.0040 0.574    p -1.48e-02  4.28e-01  0.00e+00  6.26e-01
 1.20 0.0040 0.574   He  1.46e-02  1.86e-01  0.00e+00  6.26e-01
 1.20 0.0040 0.574    C  2.46e-05  1.95e-03  0.00e+00  6.26e-01
 1.20 0.0040 0.574    N  1.20e-04  8.15e-04  0.00e+00  6.26e-01
 1.20 0.0040 0.574    O -4.16e-06  6.02e-03  0.00e+00  6.26e-01
 1.20 0.0040 0.574    F  1.96e-09  3.07e-07  0.00e+00  6.26e-01
 1.20 0.0040 0.574   Ne  1.45e-06  1.10e-03  0.00e+00  6.26e-01
 1.20 0.0040 0.574   Mg -9.18e-09  4.10e-04  0.00e+00  6.26e-01
 1.20 0.0040 0.574   Si  1.09e-09  4.41e-04  0.00e+00  6.26e-01
 1.20 0.0040 0.574    S -4.57e-10  2.30e-04  0.00e+00  6.26e-01
 1.20 0.0040 0.574   Fe -6.49e-10  1.16e-03  0.00e+00  6.26e-01
 1.50 0.0040 0.600    p -2.17e-02  6.14e-01  0.00e+00  9.00e-01
 1.50 0.0040 0.600   He  1.98e-02  2.67e-01  0.00e+00  9.00e-01
 1.50 0.0040 0.600    C  1.71e-03  4.49e-03  0.00e+00  9.00e-01
 1.50 0.0040 0.600    N  2.04e-04  1.20e-03  0.00e+00  9.00e-01
 1.50 0.0040 0.600    O  2.88e-05  8.69e-03  0.00e+00  9.00e-01
 1.50 0.0040 0.600    F  4.84e-08  4.87e-07  0.00e+00  9.00e-01
 1.50 0.0040 0.600   Ne  3.49e-05  1.61e-03  0.00e+00  9.00e-01
 1.50 0.0040 0.600   Mg -3.80e-08  5.89e-04  0.00e+00  9.00e-01
 1.50 0.0040 0.600   Si  1.30e-08  6.34e-04  0.00e+00  9.00e-01
 1.50 0.0040 0.600    S -4.95e-09  3.31e-04  0.00e+00  9.00e-01
 1.50 0.0040 0.600   Fe -1.39e-08  1.66e-03  0.00e+00  9.00e-01
 1.80 0.0040 0.615    p -3.78e-02  8.00e-01  0.00e+00  1.19e+00
 1.80 0.0040 0.615   He  3.20e-02  3.57e-01  0.00e+00  1.19e+00
 1.80 0.0040 0.615    C  5.29e-03  8.94e-03  0.00e+00  1.19e+00
 1.80 0.0040 0.615    N  3.07e-04  1.62e-03  0.00e+00  1.19e+00
 1.80 0.0040 0.615    O  1.07e-04  1.15e-02  0.00e+00  1.19e+00
 1.80 0.0040 0.615    F  2.37e-07  8.15e-07  0.00e+00  1.19e+00
 1.80 0.0040 0.615   Ne  1.40e-04  2.22e-03  0.00e+00  1.19e+00
 1.80 0.0040 0.615   Mg  1.27e-07  7.76e-04  0.00e+00  1.19e+00
 1.80 0.0040 0.615   Si  4.66e-08  8.35e-04  0.00e+00  1.19e+00
 1.80 0.0040 0.615    S -2.14e-08  4.36e-04  0.00e+00  1.19e+00
 1.80 0.0040 0.615   Fe -4.77e-08  2.19e-03  0.00e+00  1.19e+00
 1.90 0.0040 0.630    p -4.94e-02  8.48e-01  0.00e+00  1.27e+00
 1.90 0.0040 0.630   He  3.99e-02  3.88e-01  0.00e+00  1.27e+00
 1.90 0.0040 0.630    C  8.66e-03  1.26e-02  0.00e+00  1.27e+00
 1.90 0.0040 0.630    N  3.58e-04  1.77e-03  0.00e+00  1.27e+00
 1.90 0.0040 0.630    O  1.40e-04  1.24e-02  0.00e+00  1.27e+00
 1.90 0.0040 0.630    F  5.96e-07  1.22e-06  0.00e+00  1.27e+00
 1.90 0.0040 0.630   Ne  3.15e-04  2.54e-03  0.00e+00  1.27e+00
 1.90 0.0040 0.630   Mg  6.71e-07  8.32e-04  0.00e+00  1.27e+00
 1.90 0.0040 0.630   Si  9.21e-08  8.95e-04  0.00e+00  1.27e+00
 1.90 0.0040 0.630    S -4.63e-08  4.67e-04  0.00e+00  1.27e+00
 1.90 0.0040 0.630   Fe -9.18e-08  2.34e-03  0.00e+00  1.27e+00
 2.00 0.0040 0.640    p -5.18e-02  9.10e-01  0.00e+00  1.36e+00
 2.00 0.0040 0.640   He  4.07e-02  4.14e-01  0.00e+00  1.36e+00
 2.00 0.0040 0.640    C  1.01e-02  1.43e-02  0.00e+00  1.36e+00
 2.00 0.0040 0.640    N  3.61e-04  1.87e-03  0.00e+00  1.36e+00
 2.00 0.0040 0.640    O  1.47e-04  1.32e-02  0.00e+00  1.36e+00
 2.00 0.0040 0.640    F  8.16e-07  1.48e-06  0.00e+00  1.36e+00
 2.00 0.0040 0.640   Ne  4.16e-04  2.80e-03  0.00e+00  1.36e+00
 2.00 0.0040 0.640   Mg  1.20e-06  8.92e-04  0.00e+00  1.36e+00
 2.00 0.0040 0.640   Si  1.23e-07  9.58e-04  0.00e+00  1.36e+00
 2.00 0.0040 0.640    S -6.39e-08  5.00e-04  0.00e+00  1.36e+00
 2.00 0.0040 0.640   Fe -1.18e-07  2.51e-03  0.00e+00  1.36e+00
 2.20 0.0040 0.660    p -1.00e-01  9.88e-01  0.00e+00  1.54e+00
 2.20 0.0040 0.660   He  7.47e-02  4.97e-01  0.00e+00  1.54e+00
 2.20 0.0040 0.660    C  2.29e-02  2.76e-02  0.00e+00  1.54e+00
 2.20 0.0040 0.660    N  4.51e-04  2.16e-03  0.00e+00  1.54e+00
 2.20 0.0040 0.660    O  1.92e-04  1.50e-02  0.00e+00  1.54e+00
 2.20 0.0040 0.660    F  4.03e-06  4.78e-06  0.00e+00  1.54e+00
 2.20 0.0040 0.660   Ne  1.79e-03  4.49e-03  0.00e+00  1.54e+00
 2.20 0.0040 0.660   Mg  1.40e-05  1.02e-03  0.00e+00  1.54e+00
 2.20 0.0040 0.660   Si  5.24e-07  1.09e-03  0.00e+00  1.54e+00
 2.20 0.0040 0.660    S -3.38e-07  5.66e-04  0.00e+00  1.54e+00
 2.20 0.0040 0.660   Fe -5.14e-07  2.84e-03  0.00e+00  1.54e+00
 2.50 0.0040 0.663    p -1.50e-01  1.15e+00  0.00e+00  1.84e+00
 2.50 0.0040 0.663   He  1.12e-01  6.16e-01  0.00e+00  1.84e+00
 2.50 0.0040 0.663    C  3.38e-02  3.95e-02  0.00e+00  1.84e+00
 2.50 0.0040 0.663    N  5.83e-04  2.62e-03  0.00e+00  1.84e+00
 2.50 0.0040 0.663    O  8.48e-05  1.78e-02  0.00e+00  1.84e+00
 2.50 0.0040 0.663    F  8.73e-06  9.63e-06  0.00e+00  1.84e+00
 2.50 0.0040 0.663   Ne  3.58e-03  6.81e-03  0.00e+00  1.84e+00
 2.50 0.0040 0.663   Mg  4.58e-05  1.25e-03  0.00e+00  1.84e+00
 2.50 0.0040 0.663   Si  1.19e-06  1.30e-03  0.00e+00  1.84e+00
 2.50 0.0040 0.663    S -8.12e-07  6.74e-04  0.00e+00  1.84e+00
 2.50 0.0040 0.663   Fe -1.36e-06  3.39e-03  0.00e+00  1.84e+00
 3.00 0.0040 0.681    p -1.60e-01  1.48e+00  0.00e+00  2.32e+00
 3.00 0.0040 0.681   He  1.18e-01  7.54e-01  0.00e+00  2.32e+00
 3.00 0.0040 0.681    C  3.78e-02  4.50e-02  0.00e+00  2.32e+00
 3.00 0.0040 0.681    N  7.15e-04  3.29e-03  0.00e+00  2.32e+00
 3.00 0.0040 0.681    O  5.35e-06  2.23e-02  0.00e+00  2.32e+00
 3.00 0.0040 0.681    F  1.13e-05  1.24e-05  0.00e+00  2.32e+00
 3.00 0.0040 0.681   Ne  3.63e-03  7.69e-03  0.00e+00  2.32e+00
 3.00 0.0040 0.681   Mg  1.52e-04  1.67e-03  0.00e+00  2.32e+00
 3.00 0.0040 0.681   Si  4.37e-06  1.64e-03  0.00e+00  2.32e+00
 3.00 0.0040 0.681    S -2.45e-06  8.50e-04  0.00e+00  2.32e+00
 3.00 0.0040 0.681   Fe -6.95e-06  4.27e-03  0.00e+00  2.32e+00
 3.50 0.0040 0.717    p -9.48e-02  1.87e+00  0.00e+00  2.78e+00
 3.50 0.0040 0.717   He  6.92e-02  8.32e-01  0.00e+00  2.78e+00
 3.50 0.0040 0.717    C  2.32e-02  3.18e-02  0.00e+00  2.78e+00
 3.50 0.0040 0.717    N  1.08e-03  4.17e-03  0.00e+00  2.78e+00
 3.50 0.0040 0.717    O  9.32e-05  2.69e-02  0.00e+00  2.78e+00
 3.50 0.0040 0.717    F  3.07e-06  4.43e-06  0.00e+00  2.78e+00
 3.50 0.0040 0.717   Ne  1.10e-03  5.98e-03  0.00e+00  2.78e+00
 3.50 0.0040 0.717   Mg  1.39e-04  1.96e-03  0.00e+00  2.78e+00
 3.50 0.0040 0.717   Si  9.60e-06  1.97e-03  0.00e+00  2.78e+00
 3.50 0.0040 0.717    S -2.38e-06  1.02e-03  0.00e+00  2.78e+00
 3.50 0.0040 0.717   Fe -9.44e-06  5.13e-03  0.00e+00  2.78e+00
 4.00 0.0040 0.791    p -1.63e-01  2.10e+00  0.00e+00  3.21e+00
 4.00 0.0040 0.791   He  1.30e-01  1.01e+00  0.00e+00  3.21e+00
 4.00 0.0040 0.791    C  9.02e-03  1.89e-02  0.00e+00  3.21e+00
 4.00 0.0040 0.791    N  2.30e-02  2.66e-02  0.00e+00  3.21e+00
 4.00 0.0040 0.791    O  1.31e-05  3.09e-02  0.00e+00  3.21e+00
 4.00 0.0040 0.791    F  2.15e-06  3.72e-06  0.00e+00  3.21e+00
 4.00 0.0040 0.791   Ne  1.11e-03  6.74e-03  0.00e+00  3.21e+00
 4.00 0.0040 0.791   Mg  2.44e-04  2.34e-03  0.00e+00  3.21e+00
 4.00 0.0040 0.791   Si  1.62e-05  2.28e-03  0.00e+00  3.21e+00
 4.00 0.0040 0.791    S -3.31e-06  1.18e-03  0.00e+00  3.21e+00
 4.00 0.0040 0.791   Fe -1.45e-05  5.91e-03  0.00e+00  3.21e+00
 4.50 0.0040 0.851    p -2.67e-01  2.31e+00  0.00e+00  3.65e+00
 4.50 0.0040 0.851   He  2.16e-01  1.22e+00  0.00e+00  3.65e+00
 4.50 0.0040 0.851    C  3.88e-03  1.51e-02  0.00e+00  3.65e+00
 4.50 0.0040 0.851    N  4.51e-02  4.92e-02  0.00e+00  3.65e+00
 4.50 0.0040 0.851    O -8.85e-04  3.42e-02  0.00e+00  3.65e+00
 4.50 0.0040 0.851    F  5.43e-07  2.32e-06  0.00e+00  3.65e+00
 4.50 0.0040 0.851   Ne  1.99e-03  8.39e-03  0.00e+00  3.65e+00
 4.50 0.0040 0.851   Mg  4.28e-04  2.82e-03  0.00e+00  3.65e+00
 4.50 0.0040 0.851   Si  2.79e-05  2.60e-03  0.00e+00  3.65e+00
 4.50 0.0040 0.851    S -5.19e-06  1.34e-03  0.00e+00  3.65e+00
 4.50 0.0040 0.851   Fe -2.34e-05  6.71e-03  0.00e+00  3.65e+00
 5.00 0.0040 0.878    p -4.29e-01  2.48e+00  0.00e+00  4.12e+00
 5.00 0.0040 0.878   He  3.59e-01  1.49e+00  0.00e+00  4.12e+00
 5.00 0.0040 0.878    C  3.38e-03  1.61e-02  0.00e+00  4.12e+00
 5.00 0.0040 0.878    N  6.49e-02  6.95e-02  0.00e+00  4.12e+00
 5.00 0.0040 0.878    O -2.75e-03  3.69e-02  0.00e+00  4.12e+00
 5.00 0.0040 0.878    F  2.26e-07  2.24e-06  0.00e+00  4.12e+00
 5.00 0.0040 0.878   Ne  2.73e-03  9.97e-03  0.00e+00  4.12e+00
 5.00 0.0040 0.878   Mg  8.72e-04  3.57e-03  0.00e+00  4.12e+00
 5.00 0.0040 0.878   Si  5.00e-05  2.95e-03  0.00e+00  4.12e+00
 5.00 0.0040 0.878    S -7.63e-06  1.51e-03  0.00e+00  4.12e+00
 5.00 0.0040 0.878   Fe -3.60e-05  7.57e-03  0.00e+00  4.12e+00
 5.50 0.0040 0.899    p -4.30e-01  2.82e+00  0.00e+00  4.60e+00
 5.50 0.0040 0.899   He  3.80e-01  1.64e+00  0.00e+00  4.60e+00
 5.50 0.0040 0.899    C  3.28e-03  1.75e-02  0.00e+00  4.60e+00
 5.50 0.0040 0.899    N  4.78e-02  5.29e-02  0.00e+00  4.60e+00
 5.50 0.0040 0.899    O -3.20e-03  4.11e-02  0.00e+00  4.60e+00
 5.50 0.0040 0.899    F  7.75e-08  2.32e-06  0.00e+00  4.60e+00
 5.50 0.0040 0.899   Ne  1.40e-03  9.47e-03  0.00e+00  4.60e+00
 5.50 0.0040 0.899   Mg  4.79e-04  3.49e-03  0.00e+00  4.60e+00
 5.50 0.0040 0.899   Si  3.39e-05  3.27e-03  0.00e+00  4.60e+00
 5.50 0.0040 0.899    S -5.18e-06  1.69e-03  0.00e+00  4.60e+00
 5.50 0.0040 0.899   Fe -2.44e-05  8.47e-03  0.00e+00  4.60e+00
 6.00 0.0040 0.928    p -5.54e-01  3.03e+00  0.00e+00  5.07e+00
 6.00 0.0040 0.928   He  5.03e-01  1.89e+00  0.00e+00  5.07e+00
 6.00 0.0040 0.928    C  1.94e-03  1.76e-02  0.00e+00  5.07e+00
 6.00 0.0040 0.928    N  5.29e-02  5.85e-02  0.00e+00  5.07e+00
 6.00 0.0040 0.928    O -5.84e-03  4.30e-02  0.00e+00  5.07e+00
 6.00 0.0040 0.928    F -2.34e-07  2.24e-06  0.00e+00  5.07e+00
 6.00 0.0040 0.928   Ne  1.14e-03  1.00e-02  0.00e+00  5.07e+00
 6.00 0.0040 0.928   Mg  6.10e-04  3.93e-03  0.00e+00  5.07e+00
 6.00 0.0040 0.928   Si  4.01e-05  3.61e-03  0.00e+00  5.07e+00
 6.00 0.0040 0.928    S -5.35e-06  1.86e-03  0.00e+00  5.07e+00
 6.00 0.0040 0.928   Fe -2.60e-05  9.34e-03  0.00e+00  5.07e+00
