#---Details of Columns:
#    M0 (solMass)          (F5.2)  [1/6.5] Initial mass [ucd=phys.mass]
#    Z0                    (F7.4)  Initial metallicity [ucd=phys.abund.Z]
#    M1 (solMass)          (F6.3)  Final mass (1) [ucd=phys.mass]
#    El                    (a4)    Species i (2) [ucd=phys.atmol.element]
#    Yield (solMass)       (D9.2)  Net yield [ucd=phys.composition.yield]
#    M(i)lost (solMass)    (D9.2)  Mass of species i lost in the wind [ucd=phys.mass]
#    M(i)0 (solMass)       (D9.2)  Mass of species i initially present in the wind [ucd=phys.mass]
#    M(i)lostall (solMass) (D9.2)  Total mass lost in the wind [ucd=phys.mass]
#----- ----- ----- ---- --------- --------- --------- -----------
#M0                                                                 
#(sol        M1 (so     Yield     M(i)lost  M(i)0     M(i)lostall
#Mass) Z0    lMass) El  (solMass) (solMass) (solMass) (solMass)  
#----- ----- ----- ---- --------- --------- --------- -----------
 1.00 0.0000 0.643    p  1.04e-01  2.45e-01  0.00e+00  3.57e-01
 1.00 0.0000 0.643   He  5.18e-02  1.07e-01  0.00e+00  3.57e-01
 1.00 0.0000 0.643    C  3.46e-04  9.63e-04  0.00e+00  3.57e-01
 1.00 0.0000 0.643    N  6.15e-04  8.38e-04  0.00e+00  3.57e-01
 1.00 0.0000 0.643    O  6.90e-04  2.61e-03  0.00e+00  3.57e-01
 1.00 0.0000 0.643    F  9.77e-07  1.07e-06  0.00e+00  3.57e-01
 1.00 0.0000 0.643   Ne  6.93e-06  3.58e-04  0.00e+00  3.57e-01
 1.00 0.0000 0.643   Mg  2.70e-07  1.31e-04  0.00e+00  3.57e-01
 1.00 0.0000 0.643   Si  2.75e-12  1.41e-04  0.00e+00  3.57e-01
 1.00 0.0000 0.643    S  2.18e-13  7.35e-05  0.00e+00  3.57e-01
 1.00 0.0000 0.643   Fe  0.00e+00  3.69e-04  0.00e+00  3.57e-01
 1.20 0.0000 0.552    p  2.29e-01  4.41e-01  0.00e+00  6.48e-01
 1.20 0.0000 0.552   He  1.15e-01  1.98e-01  0.00e+00  6.48e-01
 1.20 0.0000 0.552    C  5.89e-04  1.51e-03  0.00e+00  6.48e-01
 1.20 0.0000 0.552    N  1.32e-03  1.65e-03  0.00e+00  6.48e-01
 1.20 0.0000 0.552    O  1.15e-03  4.04e-03  0.00e+00  6.48e-01
 1.20 0.0000 0.552    F  1.62e-06  1.77e-06  0.00e+00  6.48e-01
 1.20 0.0000 0.552   Ne  1.39e-05  5.40e-04  0.00e+00  6.48e-01
 1.20 0.0000 0.552   Mg  1.35e-06  1.98e-04  0.00e+00  6.48e-01
 1.20 0.0000 0.552   Si  6.76e-08  2.11e-04  0.00e+00  6.48e-01
 1.20 0.0000 0.552    S  1.75e-08  1.10e-04  0.00e+00  6.48e-01
 1.20 0.0000 0.552   Fe  0.00e+00  5.54e-04  0.00e+00  6.48e-01
 1.50 0.0000 0.461    p  3.55e-01  7.09e-01  0.00e+00  1.04e+00
 1.50 0.0000 0.461   He  1.79e-01  3.17e-01  0.00e+00  1.04e+00
 1.50 0.0000 0.461    C  6.37e-04  2.18e-03  0.00e+00  1.04e+00
 1.50 0.0000 0.461    N  1.98e-03  2.53e-03  0.00e+00  1.04e+00
 1.50 0.0000 0.461    O  1.20e-03  6.01e-03  0.00e+00  1.04e+00
 1.50 0.0000 0.461    F  1.68e-06  1.92e-06  0.00e+00  1.04e+00
 1.50 0.0000 0.461   Ne  1.94e-05  8.97e-04  0.00e+00  1.04e+00
 1.50 0.0000 0.461   Mg  3.27e-06  3.31e-04  0.00e+00  1.04e+00
 1.50 0.0000 0.461   Si  2.09e-07  3.52e-04  0.00e+00  1.04e+00
 1.50 0.0000 0.461    S  5.43e-08  1.84e-04  0.00e+00  1.04e+00
 1.50 0.0000 0.461   Fe  0.00e+00  9.23e-04  0.00e+00  1.04e+00
 1.80 0.0000 0.271    p  4.81e-01  1.05e+00  0.00e+00  1.53e+00
 1.80 0.0000 0.271   He  2.44e-01  4.64e-01  0.00e+00  1.53e+00
 1.80 0.0000 0.271    C  4.90e-04  2.96e-03  0.00e+00  1.53e+00
 1.80 0.0000 0.271    N  2.59e-03  3.48e-03  0.00e+00  1.53e+00
 1.80 0.0000 0.271    O  8.28e-04  8.53e-03  0.00e+00  1.53e+00
 1.80 0.0000 0.271    F  1.14e-06  1.53e-06  0.00e+00  1.53e+00
 1.80 0.0000 0.271   Ne  2.33e-05  1.43e-03  0.00e+00  1.53e+00
 1.80 0.0000 0.271   Mg  6.01e-06  5.30e-04  0.00e+00  1.53e+00
 1.80 0.0000 0.271   Si  4.25e-07  5.64e-04  0.00e+00  1.53e+00
 1.80 0.0000 0.271    S  1.10e-07  2.94e-04  0.00e+00  1.53e+00
 1.80 0.0000 0.271   Fe  0.00e+00  1.48e-03  0.00e+00  1.53e+00
 1.90 0.0000 0.256    p  5.57e-01  1.12e+00  0.00e+00  1.64e+00
 1.90 0.0000 0.256   He  2.83e-01  5.03e-01  0.00e+00  1.64e+00
 1.90 0.0000 0.256    C  3.08e-04  2.77e-03  0.00e+00  1.64e+00
 1.90 0.0000 0.256    N  2.94e-03  3.83e-03  0.00e+00  1.64e+00
 1.90 0.0000 0.256    O  4.08e-04  8.11e-03  0.00e+00  1.64e+00
 1.90 0.0000 0.256    F  5.25e-07  9.15e-07  0.00e+00  1.64e+00
 1.90 0.0000 0.256   Ne  2.49e-05  1.43e-03  0.00e+00  1.64e+00
 1.90 0.0000 0.256   Mg  8.05e-06  5.32e-04  0.00e+00  1.64e+00
 1.90 0.0000 0.256   Si  5.90e-07  5.64e-04  0.00e+00  1.64e+00
 1.90 0.0000 0.256    S  1.53e-07  2.94e-04  0.00e+00  1.64e+00
 1.90 0.0000 0.256   Fe  0.00e+00  1.48e-03  0.00e+00  1.64e+00
 2.00 0.0000 0.180    p  6.07e-01  1.24e+00  0.00e+00  1.82e+00
 2.00 0.0000 0.180   He  3.10e-01  5.57e-01  0.00e+00  1.82e+00
 2.00 0.0000 0.180    C  1.48e-04  2.92e-03  0.00e+00  1.82e+00
 2.00 0.0000 0.180    N  3.16e-03  4.16e-03  0.00e+00  1.82e+00
 2.00 0.0000 0.180    O  4.51e-05  8.71e-03  0.00e+00  1.82e+00
 2.00 0.0000 0.180    F  2.65e-10  4.39e-07  0.00e+00  1.82e+00
 2.00 0.0000 0.180   Ne  2.56e-05  1.60e-03  0.00e+00  1.82e+00
 2.00 0.0000 0.180   Mg  9.58e-06  5.99e-04  0.00e+00  1.82e+00
 2.00 0.0000 0.180   Si  7.15e-07  6.35e-04  0.00e+00  1.82e+00
 2.00 0.0000 0.180    S  1.86e-07  3.31e-04  0.00e+00  1.82e+00
 2.00 0.0000 0.180   Fe  0.00e+00  1.66e-03  0.00e+00  1.82e+00
 2.20 0.0000-0.065    p  7.45e-01  1.52e+00  0.00e+00  2.27e+00
 2.20 0.0000-0.065   He  4.13e-01  7.14e-01  0.00e+00  2.27e+00
 2.20 0.0000-0.065    C  3.17e-04  3.71e-03  0.00e+00  2.27e+00
 2.20 0.0000-0.065    N  6.39e-03  7.62e-03  0.00e+00  2.27e+00
 2.20 0.0000-0.065    O  8.71e-05  1.07e-02  0.00e+00  2.27e+00
 2.20 0.0000-0.065    F  5.97e-10  5.37e-07  0.00e+00  2.27e+00
 2.20 0.0000-0.065   Ne  6.62e-05  2.00e-03  0.00e+00  2.27e+00
 2.20 0.0000-0.065   Mg  3.42e-05  7.54e-04  0.00e+00  2.27e+00
 2.20 0.0000-0.065   Si  1.17e-06  7.76e-04  0.00e+00  2.27e+00
 2.20 0.0000-0.065    S  2.62e-07  4.05e-04  0.00e+00  2.27e+00
 2.20 0.0000-0.065   Fe  0.00e+00  2.03e-03  0.00e+00  2.27e+00
 2.50 0.0000-0.310    p  8.74e-01  1.86e+00  0.00e+00  2.81e+00
 2.50 0.0000-0.310   He  5.24e-01  9.08e-01  0.00e+00  2.81e+00
 2.50 0.0000-0.310    C  5.39e-04  4.85e-03  0.00e+00  2.81e+00
 2.50 0.0000-0.310    N  1.06e-02  1.22e-02  0.00e+00  2.81e+00
 2.50 0.0000-0.310    O  1.42e-04  1.36e-02  0.00e+00  2.81e+00
 2.50 0.0000-0.310    F  1.04e-09  6.84e-07  0.00e+00  2.81e+00
 2.50 0.0000-0.310   Ne  1.21e-04  2.58e-03  0.00e+00  2.81e+00
 2.50 0.0000-0.310   Mg  6.81e-05  9.85e-04  0.00e+00  2.81e+00
 2.50 0.0000-0.310   Si  1.74e-06  9.88e-04  0.00e+00  2.81e+00
 2.50 0.0000-0.310    S  3.51e-07  5.15e-04  0.00e+00  2.81e+00
 2.50 0.0000-0.310   Fe  0.00e+00  2.58e-03  0.00e+00  2.81e+00
 3.00 0.0000-0.799    p  1.10e+00  2.45e+00  0.00e+00  3.80e+00
 3.00 0.0000-0.799   He  7.72e-01  1.29e+00  0.00e+00  3.80e+00
 3.00 0.0000-0.799    C  1.15e-03  7.00e-03  0.00e+00  3.80e+00
 3.00 0.0000-0.799    N  2.21e-02  2.43e-02  0.00e+00  3.80e+00
 3.00 0.0000-0.799    O  2.89e-04  1.86e-02  0.00e+00  3.80e+00
 3.00 0.0000-0.799    F  2.26e-09  9.29e-07  0.00e+00  3.80e+00
 3.00 0.0000-0.799   Ne  2.73e-04  3.61e-03  0.00e+00  3.80e+00
 3.00 0.0000-0.799   Mg  1.64e-04  1.41e-03  0.00e+00  3.80e+00
 3.00 0.0000-0.799   Si  3.22e-06  1.34e-03  0.00e+00  3.80e+00
 3.00 0.0000-0.799    S  5.62e-07  6.99e-04  0.00e+00  3.80e+00
 3.00 0.0000-0.799   Fe  0.00e+00  3.51e-03  0.00e+00  3.80e+00
 3.50 0.0000 1.099    p  0.00e+00  1.70e+00  0.00e+00  2.40e+00
 3.50 0.0000 1.099   He  0.00e+00  6.58e-01  0.00e+00  2.40e+00
 3.50 0.0000 1.099    C  0.00e+00  7.40e-03  0.00e+00  2.40e+00
 3.50 0.0000 1.099    N  0.00e+00  2.67e-03  0.00e+00  2.40e+00
 3.50 0.0000 1.099    O  0.00e+00  2.31e-02  0.00e+00  2.40e+00
 3.50 0.0000 1.099    F  0.00e+00  1.17e-06  0.00e+00  2.40e+00
 3.50 0.0000 1.099   Ne  0.00e+00  4.21e-03  0.00e+00  2.40e+00
 3.50 0.0000 1.099   Mg  0.00e+00  1.57e-03  0.00e+00  2.40e+00
 3.50 0.0000 1.099   Si  0.00e+00  1.69e-03  0.00e+00  2.40e+00
 3.50 0.0000 1.099    S  0.00e+00  8.82e-04  0.00e+00  2.40e+00
 3.50 0.0000 1.099   Fe  0.00e+00  4.43e-03  0.00e+00  2.40e+00
 4.00 0.0000 1.099    p  0.00e+00  2.05e+00  0.00e+00  2.90e+00
 4.00 0.0000 1.099   He  0.00e+00  7.96e-01  0.00e+00  2.90e+00
 4.00 0.0000 1.099    C  0.00e+00  8.94e-03  0.00e+00  2.90e+00
 4.00 0.0000 1.099    N  0.00e+00  3.22e-03  0.00e+00  2.90e+00
 4.00 0.0000 1.099    O  0.00e+00  2.79e-02  0.00e+00  2.90e+00
 4.00 0.0000 1.099    F  0.00e+00  1.41e-06  0.00e+00  2.90e+00
 4.00 0.0000 1.099   Ne  0.00e+00  5.09e-03  0.00e+00  2.90e+00
 4.00 0.0000 1.099   Mg  0.00e+00  1.90e-03  0.00e+00  2.90e+00
 4.00 0.0000 1.099   Si  0.00e+00  2.04e-03  0.00e+00  2.90e+00
 4.00 0.0000 1.099    S  0.00e+00  1.07e-03  0.00e+00  2.90e+00
 4.00 0.0000 1.099   Fe  0.00e+00  5.35e-03  0.00e+00  2.90e+00
 4.50 0.0000 1.099    p  0.00e+00  2.40e+00  0.00e+00  3.40e+00
 4.50 0.0000 1.099   He  0.00e+00  9.33e-01  0.00e+00  3.40e+00
 4.50 0.0000 1.099    C  0.00e+00  1.05e-02  0.00e+00  3.40e+00
 4.50 0.0000 1.099    N  0.00e+00  3.78e-03  0.00e+00  3.40e+00
 4.50 0.0000 1.099    O  0.00e+00  3.27e-02  0.00e+00  3.40e+00
 4.50 0.0000 1.099    F  0.00e+00  1.66e-06  0.00e+00  3.40e+00
 4.50 0.0000 1.099   Ne  0.00e+00  5.97e-03  0.00e+00  3.40e+00
 4.50 0.0000 1.099   Mg  0.00e+00  2.23e-03  0.00e+00  3.40e+00
 4.50 0.0000 1.099   Si  0.00e+00  2.39e-03  0.00e+00  3.40e+00
 4.50 0.0000 1.099    S  0.00e+00  1.25e-03  0.00e+00  3.40e+00
 4.50 0.0000 1.099   Fe  0.00e+00  6.28e-03  0.00e+00  3.40e+00
 5.00 0.0000 1.099    p  0.00e+00  2.76e+00  0.00e+00  3.90e+00
 5.00 0.0000 1.099   He  0.00e+00  1.07e+00  0.00e+00  3.90e+00
 5.00 0.0000 1.099    C  0.00e+00  1.20e-02  0.00e+00  3.90e+00
 5.00 0.0000 1.099    N  0.00e+00  4.33e-03  0.00e+00  3.90e+00
 5.00 0.0000 1.099    O  0.00e+00  3.75e-02  0.00e+00  3.90e+00
 5.00 0.0000 1.099    F  0.00e+00  1.90e-06  0.00e+00  3.90e+00
 5.00 0.0000 1.099   Ne  0.00e+00  6.84e-03  0.00e+00  3.90e+00
 5.00 0.0000 1.099   Mg  0.00e+00  2.55e-03  0.00e+00  3.90e+00
 5.00 0.0000 1.099   Si  0.00e+00  2.75e-03  0.00e+00  3.90e+00
 5.00 0.0000 1.099    S  0.00e+00  1.43e-03  0.00e+00  3.90e+00
 5.00 0.0000 1.099   Fe  0.00e+00  7.20e-03  0.00e+00  3.90e+00
 5.50 0.0000 1.099    p  0.00e+00  3.11e+00  0.00e+00  4.40e+00
 5.50 0.0000 1.099   He  0.00e+00  1.21e+00  0.00e+00  4.40e+00
 5.50 0.0000 1.099    C  0.00e+00  1.36e-02  0.00e+00  4.40e+00
 5.50 0.0000 1.099    N  0.00e+00  4.89e-03  0.00e+00  4.40e+00
 5.50 0.0000 1.099    O  0.00e+00  4.24e-02  0.00e+00  4.40e+00
 5.50 0.0000 1.099    F  0.00e+00  2.15e-06  0.00e+00  4.40e+00
 5.50 0.0000 1.099   Ne  0.00e+00  7.72e-03  0.00e+00  4.40e+00
 5.50 0.0000 1.099   Mg  0.00e+00  2.88e-03  0.00e+00  4.40e+00
 5.50 0.0000 1.099   Si  0.00e+00  3.10e-03  0.00e+00  4.40e+00
 5.50 0.0000 1.099    S  0.00e+00  1.62e-03  0.00e+00  4.40e+00
 5.50 0.0000 1.099   Fe  0.00e+00  8.12e-03  0.00e+00  4.40e+00
 6.00 0.0000 1.099    p  0.00e+00  3.46e+00  0.00e+00  4.90e+00
 6.00 0.0000 1.099   He  0.00e+00  1.34e+00  0.00e+00  4.90e+00
 6.00 0.0000 1.099    C  0.00e+00  1.51e-02  0.00e+00  4.90e+00
 6.00 0.0000 1.099    N  0.00e+00  5.44e-03  0.00e+00  4.90e+00
 6.00 0.0000 1.099    O  0.00e+00  4.72e-02  0.00e+00  4.90e+00
 6.00 0.0000 1.099    F  0.00e+00  2.39e-06  0.00e+00  4.90e+00
 6.00 0.0000 1.099   Ne  0.00e+00  8.60e-03  0.00e+00  4.90e+00
 6.00 0.0000 1.099   Mg  0.00e+00  3.21e-03  0.00e+00  4.90e+00
 6.00 0.0000 1.099   Si  0.00e+00  3.45e-03  0.00e+00  4.90e+00
 6.00 0.0000 1.099    S  0.00e+00  1.80e-03  0.00e+00  4.90e+00
 6.00 0.0000 1.099   Fe  0.00e+00  9.05e-03  0.00e+00  4.90e+00
