#---Details of Columns:
#    M0 (solMass)          (F6.2)  [1/6.5] Initial mass [ucd=phys.mass]
#    [Fe/H]                (F7.2)  Initial metallicity [ucd=phys.abund.Z]
#    vel (km/s)            (F7.2)  Initial rotation [ucd=phys.mass]
#    M1 (solMass)          (F7.2)  Final mass (1) [ucd=phys.mass]
#    El                    (a4)    Species i (2) [ucd=phys.atmol.element]
#    M(i)lost (solMass)    (D9.2)  Mass of species i lost in the wind [ucd=phys.mass]
#    M(i)lostall (solMass) (D9.2)  Total mass lost in the wind [ucd=phys.mass]
#----- ------ ------ ------ ---- --------- -----------
#M0                                                                 
#(sol         vel    M1 (so      M(i)lost  M(i)lostall
#Mass) Z0     (km/s) lMass) El   (solMass) (solMass)  
#----- ------ ------ ------ ---- --------- -----------
 13.00  -0.00 100.00   2.03    p  5.21e+00  1.10e+01
 13.00  -0.00 100.00   2.03   He  4.16e+00  1.10e+01
 13.00  -0.00 100.00   2.03    C  2.83e-01  1.10e+01
 13.00  -0.00 100.00   2.03    N  3.72e-02  1.10e+01
 13.00  -0.00 100.00   2.03    O  9.54e-01  1.10e+01
 13.00  -0.00 100.00   2.03    F  1.08e-05  1.10e+01
 13.00  -0.00 100.00   2.03   Ne  5.33e-02  1.10e+01
 13.00  -0.00 100.00   2.03   Mg  2.22e-02  1.10e+01
 13.00  -0.00 100.00   2.03   Si  9.39e-02  1.10e+01
 13.00  -0.00 100.00   2.03    S  4.33e-02  1.10e+01
 13.00  -0.00 100.00   2.03   Fe  8.63e-02  1.10e+01
 15.00  -0.00 100.00   2.17    p  5.71e+00  1.28e+01
 15.00  -0.00 100.00   2.17   He  4.69e+00  1.28e+01
 15.00  -0.00 100.00   2.17    C  3.17e-01  1.28e+01
 15.00  -0.00 100.00   2.17    N  3.95e-02  1.28e+01
 15.00  -0.00 100.00   2.17    O  1.48e+00  1.28e+01
 15.00  -0.00 100.00   2.17    F  4.35e-04  1.28e+01
 15.00  -0.00 100.00   2.17   Ne  1.09e-01  1.28e+01
 15.00  -0.00 100.00   2.17   Mg  4.22e-02  1.28e+01
 15.00  -0.00 100.00   2.17   Si  1.15e-01  1.28e+01
 15.00  -0.00 100.00   2.17    S  5.18e-02  1.28e+01
 15.00  -0.00 100.00   2.17   Fe  2.42e-01  1.28e+01
 20.00  -0.00 100.00   2.50    p  7.00e+00  1.75e+01
 20.00  -0.00 100.00   2.50   He  6.63e+00  1.75e+01
 20.00  -0.00 100.00   2.50    C  8.76e-01  1.75e+01
 20.00  -0.00 100.00   2.50    N  5.99e-02  1.75e+01
 20.00  -0.00 100.00   2.50    O  2.16e+00  1.75e+01
 20.00  -0.00 100.00   2.50    F  7.78e-05  1.75e+01
 20.00  -0.00 100.00   2.50   Ne  2.31e-01  1.75e+01
 20.00  -0.00 100.00   2.50   Mg  8.49e-02  1.75e+01
 20.00  -0.00 100.00   2.50   Si  2.05e-01  1.75e+01
 20.00  -0.00 100.00   2.50    S  8.09e-02  1.75e+01
 20.00  -0.00 100.00   2.50   Fe  9.47e-02  1.75e+01
 25.00  -0.00 100.00   2.53    p  8.43e+00  2.25e+01
 25.00  -0.00 100.00   2.53   He  8.30e+00  2.25e+01
 25.00  -0.00 100.00   2.53    C  1.17e+00  2.25e+01
 25.00  -0.00 100.00   2.53    N  7.72e-02  2.25e+01
 25.00  -0.00 100.00   2.53    O  3.25e+00  2.25e+01
 25.00  -0.00 100.00   2.53    F  1.27e-05  2.25e+01
 25.00  -0.00 100.00   2.53   Ne  5.64e-01  2.25e+01
 25.00  -0.00 100.00   2.53   Mg  1.43e-01  2.25e+01
 25.00  -0.00 100.00   2.53   Si  2.49e-01  2.25e+01
 25.00  -0.00 100.00   2.53    S  8.92e-02  2.25e+01
 25.00  -0.00 100.00   2.53   Fe  9.95e-02  2.25e+01
 30.00  -0.00 100.00  11.07    p  9.61e+00  1.89e+01
 30.00  -0.00 100.00  11.07   He  8.81e+00  1.89e+01
 30.00  -0.00 100.00  11.07    C  2.12e-01  1.89e+01
 30.00  -0.00 100.00  11.07    N  9.39e-02  1.89e+01
 30.00  -0.00 100.00  11.07    O  9.39e-02  1.89e+01
 30.00  -0.00 100.00  11.07    F  5.17e-06  1.89e+01
 30.00  -0.00 100.00  11.07   Ne  2.84e-02  1.89e+01
 30.00  -0.00 100.00  11.07   Mg  1.33e-02  1.89e+01
 30.00  -0.00 100.00  11.07   Si  1.27e-02  1.89e+01
 30.00  -0.00 100.00  11.07    S  5.88e-03  1.89e+01
 30.00  -0.00 100.00  11.07   Fe  2.46e-02  1.89e+01
 40.00  -0.00 100.00  13.83    p  1.24e+01  2.62e+01
 40.00  -0.00 100.00  13.83   He  1.29e+01  2.62e+01
 40.00  -0.00 100.00  13.83    C  3.46e-01  2.62e+01
 40.00  -0.00 100.00  13.83    N  1.42e-01  2.62e+01
 40.00  -0.00 100.00  13.83    O  1.21e-01  2.62e+01
 40.00  -0.00 100.00  13.83    F  7.00e-06  2.62e+01
 40.00  -0.00 100.00  13.83   Ne  4.18e-02  2.62e+01
 40.00  -0.00 100.00  13.83   Mg  1.84e-02  2.62e+01
 40.00  -0.00 100.00  13.83   Si  1.75e-02  2.62e+01
 40.00  -0.00 100.00  13.83    S  8.14e-03  2.62e+01
 40.00  -0.00 100.00  13.83   Fe  3.40e-02  2.62e+01
 60.00  -0.00 100.00  18.53    p  1.80e+01  4.15e+01
 60.00  -0.00 100.00  18.53   He  2.20e+01  4.15e+01
 60.00  -0.00 100.00  18.53    C  8.79e-01  4.15e+01
 60.00  -0.00 100.00  18.53    N  2.31e-01  4.15e+01
 60.00  -0.00 100.00  18.53    O  2.02e-01  4.15e+01
 60.00  -0.00 100.00  18.53    F  1.76e-05  4.15e+01
 60.00  -0.00 100.00  18.53   Ne  8.42e-02  4.15e+01
 60.00  -0.00 100.00  18.53   Mg  2.91e-02  4.15e+01
 60.00  -0.00 100.00  18.53   Si  2.78e-02  4.15e+01
 60.00  -0.00 100.00  18.53    S  1.29e-02  4.15e+01
 60.00  -0.00 100.00  18.53   Fe  5.40e-02  4.15e+01
 80.00  -0.00 100.00  24.10    p  2.30e+01  5.59e+01
 80.00  -0.00 100.00  24.10   He  3.04e+01  5.59e+01
 80.00  -0.00 100.00  24.10    C  1.52e+00  5.59e+01
 80.00  -0.00 100.00  24.10    N  3.19e-01  5.59e+01
 80.00  -0.00 100.00  24.10    O  3.14e-01  5.59e+01
 80.00  -0.00 100.00  24.10    F  1.42e-05  5.59e+01
 80.00  -0.00 100.00  24.10   Ne  1.31e-01  5.59e+01
 80.00  -0.00 100.00  24.10   Mg  3.91e-02  5.59e+01
 80.00  -0.00 100.00  24.10   Si  3.75e-02  5.59e+01
 80.00  -0.00 100.00  24.10    S  1.74e-02  5.59e+01
 80.00  -0.00 100.00  24.10   Fe  7.27e-02  5.59e+01
120.00  -0.00 100.00  26.97    p  3.38e+01  9.30e+01
120.00  -0.00 100.00  26.97   He  5.58e+01  9.30e+01
120.00  -0.00 100.00  26.97    C  2.03e+00  9.30e+01
120.00  -0.00 100.00  26.97    N  5.47e-01  9.30e+01
120.00  -0.00 100.00  26.97    O  3.53e-01  9.30e+01
120.00  -0.00 100.00  26.97    F  2.61e-05  9.30e+01
120.00  -0.00 100.00  26.97   Ne  2.19e-01  9.30e+01
120.00  -0.00 100.00  26.97   Mg  6.42e-02  9.30e+01
120.00  -0.00 100.00  26.97   Si  6.23e-02  9.30e+01
120.00  -0.00 100.00  26.97    S  2.90e-02  9.30e+01
120.00  -0.00 100.00  26.97   Fe  1.21e-01  9.30e+01
