#---Details of Columns:
#    M0 (solMass)          (F6.2)  [1/6.5] Initial mass [ucd=phys.mass]
#    [Fe/H]                (F7.2)  Initial metallicity [ucd=phys.abund.Z]
#    vel (km/s)            (F7.2)  Initial rotation [ucd=phys.mass]
#    M1 (solMass)          (F7.2)  Final mass (1) [ucd=phys.mass]
#    El                    (a4)    Species i (2) [ucd=phys.atmol.element]
#    M(i)lost (solMass)    (D9.2)  Mass of species i lost in the wind [ucd=phys.mass]
#    M(i)lostall (solMass) (D9.2)  Total mass lost in the wind [ucd=phys.mass]
#----- ------ ------ ------ ---- --------- -----------
#M0                                                                 
#(sol         vel    M1 (so      M(i)lost  M(i)lostall
#Mass) Z0     (km/s) lMass) El   (solMass) (solMass)  
#----- ------ ------ ------ ---- --------- -----------
 13.00  -0.60  25.00   1.70    p  5.97e+00  1.13e+01
 13.00  -0.60  25.00   1.70   He  4.46e+00  1.13e+01
 13.00  -0.60  25.00   1.70    C  1.64e-01  1.13e+01
 13.00  -0.60  25.00   1.70    N  1.84e-02  1.13e+01
 13.00  -0.60  25.00   1.70    O  4.43e-01  1.13e+01
 13.00  -0.60  25.00   1.70    F  3.83e-06  1.13e+01
 13.00  -0.60  25.00   1.70   Ne  5.80e-02  1.13e+01
 13.00  -0.60  25.00   1.70   Mg  2.17e-02  1.13e+01
 13.00  -0.60  25.00   1.70   Si  6.83e-02  1.13e+01
 13.00  -0.60  25.00   1.70    S  3.69e-02  1.13e+01
 13.00  -0.60  25.00   1.70   Fe  7.53e-02  1.13e+01
 15.00  -0.60  25.00   1.90    p  6.65e+00  1.31e+01
 15.00  -0.60  25.00   1.90   He  4.71e+00  1.31e+01
 15.00  -0.60  25.00   1.90    C  2.83e-01  1.31e+01
 15.00  -0.60  25.00   1.90    N  2.29e-02  1.31e+01
 15.00  -0.60  25.00   1.90    O  1.03e+00  1.31e+01
 15.00  -0.60  25.00   1.90    F  1.51e-05  1.31e+01
 15.00  -0.60  25.00   1.90   Ne  1.03e-01  1.31e+01
 15.00  -0.60  25.00   1.90   Mg  3.41e-02  1.31e+01
 15.00  -0.60  25.00   1.90   Si  1.09e-01  1.31e+01
 15.00  -0.60  25.00   1.90    S  4.23e-02  1.31e+01
 15.00  -0.60  25.00   1.90   Fe  7.69e-02  1.31e+01
 20.00  -0.60  25.00   2.08    p  8.26e+00  1.79e+01
 20.00  -0.60  25.00   2.08   He  6.76e+00  1.79e+01
 20.00  -0.60  25.00   2.08    C  4.38e-01  1.79e+01
 20.00  -0.60  25.00   2.08    N  3.21e-02  1.79e+01
 20.00  -0.60  25.00   2.08    O  1.67e+00  1.79e+01
 20.00  -0.60  25.00   2.08    F  7.09e-05  1.79e+01
 20.00  -0.60  25.00   2.08   Ne  4.32e-01  1.79e+01
 20.00  -0.60  25.00   2.08   Mg  1.11e-01  1.79e+01
 20.00  -0.60  25.00   2.08   Si  1.34e-01  1.79e+01
 20.00  -0.60  25.00   2.08    S  3.96e-02  1.79e+01
 20.00  -0.60  25.00   2.08   Fe  7.65e-02  1.79e+01
 25.00  -0.60  25.00   2.79    p  9.72e+00  2.22e+01
 25.00  -0.60  25.00   2.79   He  7.70e+00  2.22e+01
 25.00  -0.60  25.00   2.79    C  6.91e-01  2.22e+01
 25.00  -0.60  25.00   2.79    N  2.52e-02  2.22e+01
 25.00  -0.60  25.00   2.79    O  3.06e+00  2.22e+01
 25.00  -0.60  25.00   2.79    F  8.65e-05  2.22e+01
 25.00  -0.60  25.00   2.79   Ne  5.13e-01  2.22e+01
 25.00  -0.60  25.00   2.79   Mg  1.02e-01  2.22e+01
 25.00  -0.60  25.00   2.79   Si  1.87e-01  2.22e+01
 25.00  -0.60  25.00   2.79    S  5.88e-02  2.22e+01
 25.00  -0.60  25.00   2.79   Fe  7.61e-02  2.22e+01
 30.00  -0.60  25.00   3.03    p  1.11e+01  2.70e+01
 30.00  -0.60  25.00   3.03   He  1.06e+01  2.70e+01
 30.00  -0.60  25.00   3.03    C  9.13e-01  2.70e+01
 30.00  -0.60  25.00   3.03    N  2.46e-02  2.70e+01
 30.00  -0.60  25.00   3.03    O  3.42e+00  2.70e+01
 30.00  -0.60  25.00   3.03    F  4.35e-05  2.70e+01
 30.00  -0.60  25.00   3.03   Ne  4.86e-01  2.70e+01
 30.00  -0.60  25.00   3.03   Mg  1.04e-01  2.70e+01
 30.00  -0.60  25.00   3.03   Si  2.05e-01  2.70e+01
 30.00  -0.60  25.00   3.03    S  6.71e-02  2.70e+01
 30.00  -0.60  25.00   3.03   Fe  7.66e-02  2.70e+01
 40.00  -0.60  25.00   3.31    p  1.35e+01  3.67e+01
 40.00  -0.60  25.00   3.31   He  1.36e+01  3.67e+01
 40.00  -0.60  25.00   3.31    C  1.34e+00  3.67e+01
 40.00  -0.60  25.00   3.31    N  3.64e-02  3.67e+01
 40.00  -0.60  25.00   3.31    O  6.43e+00  3.67e+01
 40.00  -0.60  25.00   3.31    F  1.33e-05  3.67e+01
 40.00  -0.60  25.00   3.31   Ne  1.10e+00  3.67e+01
 40.00  -0.60  25.00   3.31   Mg  2.22e-01  3.67e+01
 40.00  -0.60  25.00   3.31   Si  2.80e-01  3.67e+01
 40.00  -0.60  25.00   3.31    S  9.21e-02  3.67e+01
 40.00  -0.60  25.00   3.31   Fe  7.79e-02  3.67e+01
 60.00  -0.60  25.00   5.23    p  1.83e+01  5.48e+01
 60.00  -0.60  25.00   5.23   He  2.02e+01  5.48e+01
 60.00  -0.60  25.00   5.23    C  2.42e+00  5.48e+01
 60.00  -0.60  25.00   5.23    N  5.09e-02  5.48e+01
 60.00  -0.60  25.00   5.23    O  1.17e+01  5.48e+01
 60.00  -0.60  25.00   5.23    F  6.95e-05  5.48e+01
 60.00  -0.60  25.00   5.23   Ne  8.70e-01  5.48e+01
 60.00  -0.60  25.00   5.23   Mg  2.60e-01  5.48e+01
 60.00  -0.60  25.00   5.23   Si  5.65e-01  5.48e+01
 60.00  -0.60  25.00   5.23    S  1.99e-01  5.48e+01
 60.00  -0.60  25.00   5.23   Fe  8.12e-02  5.48e+01
 80.00  -0.60  25.00   8.11    p  2.25e+01  7.19e+01
 80.00  -0.60  25.00   8.11   He  2.45e+01  7.19e+01
 80.00  -0.60  25.00   8.11    C  2.95e+00  7.19e+01
 80.00  -0.60  25.00   8.11    N  5.66e-02  7.19e+01
 80.00  -0.60  25.00   8.11    O  1.90e+01  7.19e+01
 80.00  -0.60  25.00   8.11    F  3.05e-05  7.19e+01
 80.00  -0.60  25.00   8.11   Ne  1.04e+00  7.19e+01
 80.00  -0.60  25.00   8.11   Mg  4.53e-01  7.19e+01
 80.00  -0.60  25.00   8.11   Si  9.57e-01  7.19e+01
 80.00  -0.60  25.00   8.11    S  3.19e-01  7.19e+01
 80.00  -0.60  25.00   8.11   Fe  8.49e-02  7.19e+01
120.00  -0.60  25.00   7.32    p  3.06e+01  1.13e+02
120.00  -0.60  25.00   7.32   He  4.01e+01  1.13e+02
120.00  -0.60  25.00   7.32    C  5.48e+00  1.13e+02
120.00  -0.60  25.00   7.32    N  1.14e-01  1.13e+02
120.00  -0.60  25.00   7.32    O  2.99e+01  1.13e+02
120.00  -0.60  25.00   7.32    F  2.50e-06  1.13e+02
120.00  -0.60  25.00   7.32   Ne  3.04e+00  1.13e+02
120.00  -0.60  25.00   7.32   Mg  1.57e+00  1.13e+02
120.00  -0.60  25.00   7.32   Si  1.33e+00  1.13e+02
120.00  -0.60  25.00   7.32    S  4.19e-01  1.13e+02
120.00  -0.60  25.00   7.32   Fe  9.27e-02  1.13e+02
