#---Details of Columns:
#    M0 (solMass)          (F6.2)  [1/6.5] Initial mass [ucd=phys.mass]
#    [Fe/H]                (F7.2)  Initial metallicity [ucd=phys.abund.Z]
#    vel (km/s)            (F7.2)  Initial rotation [ucd=phys.mass]
#    M1 (solMass)          (F7.2)  Final mass (1) [ucd=phys.mass]
#    El                    (a4)    Species i (2) [ucd=phys.atmol.element]
#    M(i)lost (solMass)    (D9.2)  Mass of species i lost in the wind [ucd=phys.mass]
#    M(i)lostall (solMass) (D9.2)  Total mass lost in the wind [ucd=phys.mass]
#----- ------ ------ ------ ---- --------- -----------
#M0                                                                 
#(sol         vel    M1 (so      M(i)lost  M(i)lostall
#Mass) Z0     (km/s) lMass) El   (solMass) (solMass)  
#----- ------ ------ ------ ---- --------- -----------
 13.00  -3.00 150.00   2.20    p  4.88e+00  1.08e+01
 13.00  -3.00 150.00   2.20   He  3.82e+00  1.08e+01
 13.00  -3.00 150.00   2.20    C  2.74e-01  1.08e+01
 13.00  -3.00 150.00   2.20    N  3.12e-02  1.08e+01
 13.00  -3.00 150.00   2.20    O  1.45e+00  1.08e+01
 13.00  -3.00 150.00   2.20    F  1.00e-04  1.08e+01
 13.00  -3.00 150.00   2.20   Ne  6.67e-02  1.08e+01
 13.00  -3.00 150.00   2.20   Mg  2.04e-02  1.08e+01
 13.00  -3.00 150.00   2.20   Si  7.78e-02  1.08e+01
 13.00  -3.00 150.00   2.20    S  3.36e-02  1.08e+01
 13.00  -3.00 150.00   2.20   Fe  7.04e-02  1.08e+01
 15.00  -3.00 150.00   2.20    p  5.45e+00  1.28e+01
 15.00  -3.00 150.00   2.20   He  4.43e+00  1.28e+01
 15.00  -3.00 150.00   2.20    C  3.75e-01  1.28e+01
 15.00  -3.00 150.00   2.20    N  1.67e-02  1.28e+01
 15.00  -3.00 150.00   2.20    O  2.01e+00  1.28e+01
 15.00  -3.00 150.00   2.20    F  1.53e-03  1.28e+01
 15.00  -3.00 150.00   2.20   Ne  8.69e-02  1.28e+01
 15.00  -3.00 150.00   2.20   Mg  1.37e-02  1.28e+01
 15.00  -3.00 150.00   2.20   Si  1.82e-01  1.28e+01
 15.00  -3.00 150.00   2.20    S  1.35e-01  1.28e+01
 15.00  -3.00 150.00   2.20   Fe  7.11e-02  1.28e+01
 20.00  -3.00 150.00   2.90    p  7.16e+00  1.71e+01
 20.00  -3.00 150.00   2.90   He  5.64e+00  1.71e+01
 20.00  -3.00 150.00   2.90    C  5.49e-01  1.71e+01
 20.00  -3.00 150.00   2.90    N  4.90e-02  1.71e+01
 20.00  -3.00 150.00   2.90    O  3.12e+00  1.71e+01
 20.00  -3.00 150.00   2.90    F  1.02e-03  1.71e+01
 20.00  -3.00 150.00   2.90   Ne  1.66e-01  1.71e+01
 20.00  -3.00 150.00   2.90   Mg  6.21e-02  1.71e+01
 20.00  -3.00 150.00   2.90   Si  1.64e-01  1.71e+01
 20.00  -3.00 150.00   2.90    S  5.76e-02  1.71e+01
 20.00  -3.00 150.00   2.90   Fe  7.03e-02  1.71e+01
 25.00  -3.00 150.00   3.10    p  8.61e+00  2.19e+01
 25.00  -3.00 150.00   3.10   He  6.82e+00  2.19e+01
 25.00  -3.00 150.00   3.10    C  6.23e-01  2.19e+01
 25.00  -3.00 150.00   3.10    N  7.90e-02  2.19e+01
 25.00  -3.00 150.00   3.10    O  4.60e+00  2.19e+01
 25.00  -3.00 150.00   3.10    F  2.10e-04  2.19e+01
 25.00  -3.00 150.00   3.10   Ne  5.41e-01  2.19e+01
 25.00  -3.00 150.00   3.10   Mg  1.17e-01  2.19e+01
 25.00  -3.00 150.00   3.10   Si  2.06e-01  2.19e+01
 25.00  -3.00 150.00   3.10    S  6.60e-02  2.19e+01
 25.00  -3.00 150.00   3.10   Fe  7.05e-02  2.19e+01
 30.00  -3.00 150.00  27.69    p  1.59e+00  2.31e+00
 30.00  -3.00 150.00  27.69   He  7.21e-01  2.31e+00
 30.00  -3.00 150.00  27.69    C  8.48e-06  2.31e+00
 30.00  -3.00 150.00  27.69    N  9.51e-05  2.31e+00
 30.00  -3.00 150.00  27.69    O  4.41e-05  2.31e+00
 30.00  -3.00 150.00  27.69    F  5.37e-10  2.31e+00
 30.00  -3.00 150.00  27.69   Ne  2.35e-06  2.31e+00
 30.00  -3.00 150.00  27.69   Mg  3.07e-06  2.31e+00
 30.00  -3.00 150.00  27.69   Si  4.17e-06  2.31e+00
 30.00  -3.00 150.00  27.69    S  1.61e-06  2.31e+00
 30.00  -3.00 150.00  27.69   Fe  3.01e-06  2.31e+00
 40.00  -3.00 150.00  24.60    p  1.11e+01  1.54e+01
 40.00  -3.00 150.00  24.60   He  4.33e+00  1.54e+01
 40.00  -3.00 150.00  24.60    C  7.03e-06  1.54e+01
 40.00  -3.00 150.00  24.60    N  1.70e-04  1.54e+01
 40.00  -3.00 150.00  24.60    O  2.11e-04  1.54e+01
 40.00  -3.00 150.00  24.60    F  4.89e-09  1.54e+01
 40.00  -3.00 150.00  24.60   Ne  1.62e-05  1.54e+01
 40.00  -3.00 150.00  24.60   Mg  2.04e-05  1.54e+01
 40.00  -3.00 150.00  24.60   Si  2.72e-05  1.54e+01
 40.00  -3.00 150.00  24.60    S  1.07e-05  1.54e+01
 40.00  -3.00 150.00  24.60   Fe  2.00e-05  1.54e+01
 60.00  -3.00 150.00  41.90    p  1.31e+01  1.81e+01
 60.00  -3.00 150.00  41.90   He  4.98e+00  1.81e+01
 60.00  -3.00 150.00  41.90    C  1.12e-05  1.81e+01
 60.00  -3.00 150.00  41.90    N  2.01e-04  1.81e+01
 60.00  -3.00 150.00  41.90    O  2.43e-04  1.81e+01
 60.00  -3.00 150.00  41.90    F  5.95e-09  1.81e+01
 60.00  -3.00 150.00  41.90   Ne  1.90e-05  1.81e+01
 60.00  -3.00 150.00  41.90   Mg  2.31e-05  1.81e+01
 60.00  -3.00 150.00  41.90   Si  3.25e-05  1.81e+01
 60.00  -3.00 150.00  41.90    S  1.26e-05  1.81e+01
 60.00  -3.00 150.00  41.90   Fe  2.35e-05  1.81e+01
 80.00  -3.00 150.00  53.70    p  1.88e+01  2.63e+01
 80.00  -3.00 150.00  53.70   He  7.54e+00  2.63e+01
 80.00  -3.00 150.00  53.70    C  1.80e-05  2.63e+01
 80.00  -3.00 150.00  53.70    N  3.36e-04  2.63e+01
 80.00  -3.00 150.00  53.70    O  3.00e-04  2.63e+01
 80.00  -3.00 150.00  53.70    F  7.22e-09  2.63e+01
 80.00  -3.00 150.00  53.70   Ne  2.58e-05  2.63e+01
 80.00  -3.00 150.00  53.70   Mg  3.29e-05  2.63e+01
 80.00  -3.00 150.00  53.70   Si  4.93e-05  2.63e+01
 80.00  -3.00 150.00  53.70    S  1.83e-05  2.63e+01
 80.00  -3.00 150.00  53.70   Fe  3.42e-05  2.63e+01
120.00  -3.00 150.00  74.80    p  2.52e+01  4.52e+01
120.00  -3.00 150.00  74.80   He  2.00e+01  4.52e+01
120.00  -3.00 150.00  74.80    C  4.38e-05  4.52e+01
120.00  -3.00 150.00  74.80    N  1.40e-03  4.52e+01
120.00  -3.00 150.00  74.80    O  3.29e-04  4.52e+01
120.00  -3.00 150.00  74.80    F  6.20e-09  4.52e+01
120.00  -3.00 150.00  74.80   Ne  2.72e-05  4.52e+01
120.00  -3.00 150.00  74.80   Mg  3.30e-05  4.52e+01
120.00  -3.00 150.00  74.80   Si  1.33e-04  4.52e+01
120.00  -3.00 150.00  74.80    S  3.15e-05  4.52e+01
120.00  -3.00 150.00  74.80   Fe  5.88e-05  4.52e+01
