#---Details of Columns:
#    M0 (solMass)          (F6.2)  [1/6.5] Initial mass [ucd=phys.mass]
#    [Fe/H]                (F7.2)  Initial metallicity [ucd=phys.abund.Z]
#    vel (km/s)            (F7.2)  Initial rotation [ucd=phys.mass]
#    M1 (solMass)          (F7.2)  Final mass (1) [ucd=phys.mass]
#    El                    (a4)    Species i (2) [ucd=phys.atmol.element]
#    M(i)lost (solMass)    (D9.2)  Mass of species i lost in the wind [ucd=phys.mass]
#    M(i)lostall (solMass) (D9.2)  Total mass lost in the wind [ucd=phys.mass]
#----- ------ ------ ------ ---- --------- -----------
#M0                                                                 
#(sol         vel    M1 (so      M(i)lost  M(i)lostall
#Mass) Z0     (km/s) lMass) El   (solMass) (solMass)  
#----- ------ ------ ------ ---- --------- -----------
 13.00  -0.00 300.00   2.30    p  4.05e+00  1.07e+01
 13.00  -0.00 300.00   2.30   He  4.10e+00  1.07e+01
 13.00  -0.00 300.00   2.30    C  5.36e-01  1.07e+01
 13.00  -0.00 300.00   2.30    N  5.24e-02  1.07e+01
 13.00  -0.00 300.00   2.30    O  1.49e+00  1.07e+01
 13.00  -0.00 300.00   2.30    F  5.17e-04  1.07e+01
 13.00  -0.00 300.00   2.30   Ne  1.17e-01  1.07e+01
 13.00  -0.00 300.00   2.30   Mg  3.79e-02  1.07e+01
 13.00  -0.00 300.00   2.30   Si  1.17e-01  1.07e+01
 13.00  -0.00 300.00   2.30    S  8.26e-02  1.07e+01
 13.00  -0.00 300.00   2.30   Fe  9.27e-02  1.07e+01
 15.00  -0.00 300.00   2.40    p  4.59e+00  1.26e+01
 15.00  -0.00 300.00   2.40   He  4.60e+00  1.26e+01
 15.00  -0.00 300.00   2.40    C  5.42e-01  1.26e+01
 15.00  -0.00 300.00   2.40    N  7.35e-02  1.26e+01
 15.00  -0.00 300.00   2.40    O  1.92e+00  1.26e+01
 15.00  -0.00 300.00   2.40    F  1.12e-04  1.26e+01
 15.00  -0.00 300.00   2.40   Ne  1.52e-01  1.26e+01
 15.00  -0.00 300.00   2.40   Mg  4.76e-02  1.26e+01
 15.00  -0.00 300.00   2.40   Si  2.69e-01  1.26e+01
 15.00  -0.00 300.00   2.40    S  1.34e-01  1.26e+01
 15.00  -0.00 300.00   2.40   Fe  2.81e-01  1.26e+01
 20.00  -0.00 300.00   3.20    p  5.81e+00  1.68e+01
 20.00  -0.00 300.00   3.20   He  6.18e+00  1.68e+01
 20.00  -0.00 300.00   3.20    C  1.03e+00  1.68e+01
 20.00  -0.00 300.00   3.20    N  1.32e-01  1.68e+01
 20.00  -0.00 300.00   3.20    O  2.95e+00  1.68e+01
 20.00  -0.00 300.00   3.20    F  1.30e-04  1.68e+01
 20.00  -0.00 300.00   3.20   Ne  1.95e-01  1.68e+01
 20.00  -0.00 300.00   3.20   Mg  6.83e-02  1.68e+01
 20.00  -0.00 300.00   3.20   Si  2.60e-01  1.68e+01
 20.00  -0.00 300.00   3.20    S  1.09e-01  1.68e+01
 20.00  -0.00 300.00   3.20   Fe  9.64e-02  1.68e+01
 25.00  -0.00 300.00   2.80    p  6.45e+00  2.22e+01
 25.00  -0.00 300.00   2.80   He  8.99e+00  2.22e+01
 25.00  -0.00 300.00   2.80    C  1.53e+00  2.22e+01
 25.00  -0.00 300.00   2.80    N  1.05e-01  2.22e+01
 25.00  -0.00 300.00   2.80    O  3.90e+00  2.22e+01
 25.00  -0.00 300.00   2.80    F  1.03e-05  2.22e+01
 25.00  -0.00 300.00   2.80   Ne  5.44e-01  2.22e+01
 25.00  -0.00 300.00   2.80   Mg  1.52e-01  2.22e+01
 25.00  -0.00 300.00   2.80   Si  2.94e-01  2.22e+01
 25.00  -0.00 300.00   2.80    S  1.08e-01  2.22e+01
 25.00  -0.00 300.00   2.80   Fe  1.02e-01  2.22e+01
 30.00  -0.00 300.00   2.60    p  7.12e+00  2.74e+01
 30.00  -0.00 300.00   2.60   He  1.15e+01  2.74e+01
 30.00  -0.00 300.00   2.60    C  1.70e+00  2.74e+01
 30.00  -0.00 300.00   2.60    N  1.32e-01  2.74e+01
 30.00  -0.00 300.00   2.60    O  5.13e+00  2.74e+01
 30.00  -0.00 300.00   2.60    F  9.61e-06  2.74e+01
 30.00  -0.00 300.00   2.60   Ne  1.08e+00  2.74e+01
 30.00  -0.00 300.00   2.60   Mg  2.63e-01  2.74e+01
 30.00  -0.00 300.00   2.60   Si  2.79e-01  2.74e+01
 30.00  -0.00 300.00   2.60    S  9.41e-02  2.74e+01
 30.00  -0.00 300.00   2.60   Fe  1.06e-01  2.74e+01
 40.00  -0.00 300.00   3.40    p  9.56e+00  3.66e+01
 40.00  -0.00 300.00   3.40   He  1.60e+01  3.66e+01
 40.00  -0.00 300.00   3.40    C  2.36e+00  3.66e+01
 40.00  -0.00 300.00   3.40    N  1.75e-01  3.66e+01
 40.00  -0.00 300.00   3.40    O  6.58e+00  3.66e+01
 40.00  -0.00 300.00   3.40    F  1.21e-05  3.66e+01
 40.00  -0.00 300.00   3.40   Ne  1.12e+00  3.66e+01
 40.00  -0.00 300.00   3.40   Mg  2.65e-01  3.66e+01
 40.00  -0.00 300.00   3.40   Si  3.17e-01  3.66e+01
 40.00  -0.00 300.00   3.40    S  1.22e-01  3.66e+01
 40.00  -0.00 300.00   3.40   Fe  1.15e-01  3.66e+01
 60.00  -0.00 300.00   3.90    p  1.29e+01  5.61e+01
 60.00  -0.00 300.00   3.90   He  2.96e+01  5.61e+01
 60.00  -0.00 300.00   3.90    C  3.03e+00  5.61e+01
 60.00  -0.00 300.00   3.90    N  2.84e-01  5.61e+01
 60.00  -0.00 300.00   3.90    O  8.03e+00  5.61e+01
 60.00  -0.00 300.00   3.90    F  2.07e-05  5.61e+01
 60.00  -0.00 300.00   3.90   Ne  1.30e+00  5.61e+01
 60.00  -0.00 300.00   3.90   Mg  3.20e-01  5.61e+01
 60.00  -0.00 300.00   3.90   Si  4.03e-01  5.61e+01
 60.00  -0.00 300.00   3.90    S  1.66e-01  5.61e+01
 60.00  -0.00 300.00   3.90   Fe  1.38e-01  5.61e+01
 80.00  -0.00 300.00   4.10    p  1.86e+01  7.59e+01
 80.00  -0.00 300.00   4.10   He  4.28e+01  7.59e+01
 80.00  -0.00 300.00   4.10    C  3.31e+00  7.59e+01
 80.00  -0.00 300.00   4.10    N  4.34e-01  7.59e+01
 80.00  -0.00 300.00   4.10    O  8.43e+00  7.59e+01
 80.00  -0.00 300.00   4.10    F  1.19e-05  7.59e+01
 80.00  -0.00 300.00   4.10   Ne  1.18e+00  7.59e+01
 80.00  -0.00 300.00   4.10   Mg  3.18e-01  7.59e+01
 80.00  -0.00 300.00   4.10   Si  4.51e-01  7.59e+01
 80.00  -0.00 300.00   4.10    S  1.93e-01  7.59e+01
 80.00  -0.00 300.00   4.10   Fe  1.64e-01  7.59e+01
120.00  -0.00 300.00   4.00    p  3.10e+01  1.16e+02
120.00  -0.00 300.00   4.00   He  6.85e+01  1.16e+02
120.00  -0.00 300.00   4.00    C  3.73e+00  1.16e+02
120.00  -0.00 300.00   4.00    N  7.45e-01  1.16e+02
120.00  -0.00 300.00   4.00    O  9.37e+00  1.16e+02
120.00  -0.00 300.00   4.00    F  1.34e-05  1.16e+02
120.00  -0.00 300.00   4.00   Ne  1.04e+00  1.16e+02
120.00  -0.00 300.00   4.00   Mg  3.60e-01  1.16e+02
120.00  -0.00 300.00   4.00   Si  5.49e-01  1.16e+02
120.00  -0.00 300.00   4.00    S  2.09e-01  1.16e+02
120.00  -0.00 300.00   4.00   Fe  2.17e-01  1.16e+02
