#---Details of Columns:
#    M0 (solMass)          (F6.2)  [1/6.5] Initial mass [ucd=phys.mass]
#    [Fe/H]                (F7.2)  Initial metallicity [ucd=phys.abund.Z]
#    vel (km/s)            (F7.2)  Initial rotation [ucd=phys.mass]
#    M1 (solMass)          (F7.2)  Final mass (1) [ucd=phys.mass]
#    El                    (a4)    Species i (2) [ucd=phys.atmol.element]
#    M(i)lost (solMass)    (D9.2)  Mass of species i lost in the wind [ucd=phys.mass]
#    M(i)lostall (solMass) (D9.2)  Total mass lost in the wind [ucd=phys.mass]
#----- ------ ------ ------ ---- --------- -----------
#M0                                                                 
#(sol         vel    M1 (so      M(i)lost  M(i)lostall
#Mass) Z0     (km/s) lMass) El   (solMass) (solMass)  
#----- ------ ------ ------ ---- --------- -----------
 13.00  -2.00   0.00   1.69    p  6.25e+00  1.13e+01
 13.00  -2.00   0.00   1.69   He  4.45e+00  1.13e+01
 13.00  -2.00   0.00   1.69    C  1.57e-01  1.13e+01
 13.00  -2.00   0.00   1.69    N  8.52e-04  1.13e+01
 13.00  -2.00   0.00   1.69    O  2.73e-01  1.13e+01
 13.00  -2.00   0.00   1.69    F  3.67e-08  1.13e+01
 13.00  -2.00   0.00   1.69   Ne  1.25e-02  1.13e+01
 13.00  -2.00   0.00   1.69   Mg  1.15e-02  1.13e+01
 13.00  -2.00   0.00   1.69   Si  6.22e-02  1.13e+01
 13.00  -2.00   0.00   1.69    S  2.21e-02  1.13e+01
 13.00  -2.00   0.00   1.69   Fe  7.32e-02  1.13e+01
 15.00  -2.00   0.00   1.75    p  7.01e+00  1.32e+01
 15.00  -2.00   0.00   1.75   He  5.14e+00  1.32e+01
 15.00  -2.00   0.00   1.75    C  2.63e-01  1.32e+01
 15.00  -2.00   0.00   1.75    N  9.74e-04  1.32e+01
 15.00  -2.00   0.00   1.75    O  5.59e-01  1.32e+01
 15.00  -2.00   0.00   1.75    F  4.16e-08  1.32e+01
 15.00  -2.00   0.00   1.75   Ne  4.70e-02  1.32e+01
 15.00  -2.00   0.00   1.75   Mg  2.64e-02  1.32e+01
 15.00  -2.00   0.00   1.75   Si  9.25e-02  1.32e+01
 15.00  -2.00   0.00   1.75    S  3.01e-02  1.32e+01
 15.00  -2.00   0.00   1.75   Fe  7.34e-02  1.32e+01
 20.00  -2.00   0.00   1.87    p  8.80e+00  1.81e+01
 20.00  -2.00   0.00   1.87   He  6.77e+00  1.81e+01
 20.00  -2.00   0.00   1.87    C  4.05e-01  1.81e+01
 20.00  -2.00   0.00   1.87    N  1.19e-03  1.81e+01
 20.00  -2.00   0.00   1.87    O  1.36e+00  1.81e+01
 20.00  -2.00   0.00   1.87    F  6.87e-08  1.81e+01
 20.00  -2.00   0.00   1.87   Ne  4.70e-01  1.81e+01
 20.00  -2.00   0.00   1.87   Mg  1.11e-01  1.81e+01
 20.00  -2.00   0.00   1.87   Si  1.09e-01  1.81e+01
 20.00  -2.00   0.00   1.87    S  3.00e-02  1.81e+01
 20.00  -2.00   0.00   1.87   Fe  7.38e-02  1.81e+01
 25.00  -2.00   0.00   2.12    p  1.04e+01  2.29e+01
 25.00  -2.00   0.00   2.12   He  8.33e+00  2.29e+01
 25.00  -2.00   0.00   2.12    C  6.45e-01  2.29e+01
 25.00  -2.00   0.00   2.12    N  1.64e-03  2.29e+01
 25.00  -2.00   0.00   2.12    O  2.38e+00  2.29e+01
 25.00  -2.00   0.00   2.12    F  1.25e-07  2.29e+01
 25.00  -2.00   0.00   2.12   Ne  7.64e-01  2.29e+01
 25.00  -2.00   0.00   2.12   Mg  1.16e-01  2.29e+01
 25.00  -2.00   0.00   2.12   Si  1.05e-01  2.29e+01
 25.00  -2.00   0.00   2.12    S  3.05e-02  2.29e+01
 25.00  -2.00   0.00   2.12   Fe  7.31e-02  2.29e+01
 30.00  -2.00   0.00   2.55    p  1.18e+01  2.75e+01
 30.00  -2.00   0.00   2.55   He  1.08e+01  2.75e+01
 30.00  -2.00   0.00   2.55    C  8.62e-01  2.75e+01
 30.00  -2.00   0.00   2.55    N  2.50e-03  2.75e+01
 30.00  -2.00   0.00   2.55    O  2.94e+00  2.75e+01
 30.00  -2.00   0.00   2.55    F  2.47e-07  2.75e+01
 30.00  -2.00   0.00   2.55   Ne  6.62e-01  2.75e+01
 30.00  -2.00   0.00   2.55   Mg  1.12e-01  2.75e+01
 30.00  -2.00   0.00   2.55   Si  1.53e-01  2.75e+01
 30.00  -2.00   0.00   2.55    S  4.13e-02  2.75e+01
 30.00  -2.00   0.00   2.55   Fe  7.29e-02  2.75e+01
 40.00  -2.00   0.00   3.09    p  1.45e+01  3.69e+01
 40.00  -2.00   0.00   3.09   He  1.38e+01  3.69e+01
 40.00  -2.00   0.00   3.09    C  1.16e+00  3.69e+01
 40.00  -2.00   0.00   3.09    N  3.36e-03  3.69e+01
 40.00  -2.00   0.00   3.09    O  5.80e+00  3.69e+01
 40.00  -2.00   0.00   3.09    F  5.84e-07  3.69e+01
 40.00  -2.00   0.00   3.09   Ne  1.03e+00  3.69e+01
 40.00  -2.00   0.00   3.09   Mg  1.90e-01  3.69e+01
 40.00  -2.00   0.00   3.09   Si  2.52e-01  3.69e+01
 40.00  -2.00   0.00   3.09    S  7.64e-02  3.69e+01
 40.00  -2.00   0.00   3.09   Fe  7.30e-02  3.69e+01
 60.00  -2.00   0.00   5.13    p  1.88e+01  5.49e+01
 60.00  -2.00   0.00   5.13   He  2.05e+01  5.49e+01
 60.00  -2.00   0.00   5.13    C  2.16e+00  5.49e+01
 60.00  -2.00   0.00   5.13    N  5.39e-03  5.49e+01
 60.00  -2.00   0.00   5.13    O  1.17e+01  5.49e+01
 60.00  -2.00   0.00   5.13    F  6.28e-06  5.49e+01
 60.00  -2.00   0.00   5.13   Ne  7.49e-01  5.49e+01
 60.00  -2.00   0.00   5.13   Mg  2.04e-01  5.49e+01
 60.00  -2.00   0.00   5.13   Si  4.99e-01  5.49e+01
 60.00  -2.00   0.00   5.13    S  1.45e-01  5.49e+01
 60.00  -2.00   0.00   5.13   Fe  7.33e-02  5.49e+01
 80.00  -2.00   0.00   6.67    p  2.33e+01  7.33e+01
 80.00  -2.00   0.00   6.67   He  2.68e+01  7.33e+01
 80.00  -2.00   0.00   6.67    C  2.87e+00  7.33e+01
 80.00  -2.00   0.00   6.67    N  7.12e-03  7.33e+01
 80.00  -2.00   0.00   6.67    O  1.83e+01  7.33e+01
 80.00  -2.00   0.00   6.67    F  8.35e-06  7.33e+01
 80.00  -2.00   0.00   6.67   Ne  7.48e-01  7.33e+01
 80.00  -2.00   0.00   6.67   Mg  2.91e-01  7.33e+01
 80.00  -2.00   0.00   6.67   Si  7.55e-01  7.33e+01
 80.00  -2.00   0.00   6.67    S  2.34e-01  7.33e+01
 80.00  -2.00   0.00   6.67   Fe  7.47e-02  7.33e+01
120.00  -2.00   0.00   5.21    p  3.11e+01  1.15e+02
120.00  -2.00   0.00   5.21   He  3.76e+01  1.15e+02
120.00  -2.00   0.00   5.21    C  3.46e+00  1.15e+02
120.00  -2.00   0.00   5.21    N  1.07e-02  1.15e+02
120.00  -2.00   0.00   5.21    O  3.77e+01  1.15e+02
120.00  -2.00   0.00   5.21    F  4.96e-06  1.15e+02
120.00  -2.00   0.00   5.21   Ne  2.45e+00  1.15e+02
120.00  -2.00   0.00   5.21   Mg  9.30e-01  1.15e+02
120.00  -2.00   0.00   5.21   Si  1.11e+00  1.15e+02
120.00  -2.00   0.00   5.21    S  3.26e-01  1.15e+02
120.00  -2.00   0.00   5.21   Fe  7.63e-02  1.15e+02
