#---Details of Columns:
#    M0 (solMass)          (F6.2)  [1/6.5] Initial mass [ucd=phys.mass]
#    [Fe/H]                (F7.2)  Initial metallicity [ucd=phys.abund.Z]
#    vel (km/s)            (F7.2)  Initial rotation [ucd=phys.mass]
#    M1 (solMass)          (F7.2)  Final mass (1) [ucd=phys.mass]
#    El                    (a4)    Species i (2) [ucd=phys.atmol.element]
#    M(i)lost (solMass)    (D9.2)  Mass of species i lost in the wind [ucd=phys.mass]
#    M(i)lostall (solMass) (D9.2)  Total mass lost in the wind [ucd=phys.mass]
#----- ------ ------ ------ ---- --------- -----------
#M0                                                                 
#(sol         vel    M1 (so      M(i)lost  M(i)lostall
#Mass) Z0     (km/s) lMass) El   (solMass) (solMass)  
#----- ------ ------ ------ ---- --------- -----------
 13.00  -0.60 250.00   2.40    p  4.49e+00  1.06e+01
 13.00  -0.60 250.00   2.40   He  3.73e+00  1.06e+01
 13.00  -0.60 250.00   2.40    C  2.10e-01  1.06e+01
 13.00  -0.60 250.00   2.40    N  5.87e-02  1.06e+01
 13.00  -0.60 250.00   2.40    O  1.32e+00  1.06e+01
 13.00  -0.60 250.00   2.40    F  2.57e-05  1.06e+01
 13.00  -0.60 250.00   2.40   Ne  1.06e-01  1.06e+01
 13.00  -0.60 250.00   2.40   Mg  4.21e-02  1.06e+01
 13.00  -0.60 250.00   2.40   Si  2.92e-01  1.06e+01
 13.00  -0.60 250.00   2.40    S  2.48e-01  1.06e+01
 13.00  -0.60 250.00   2.40   Fe  9.61e-02  1.06e+01
 15.00  -0.60 250.00   2.53    p  4.97e+00  1.25e+01
 15.00  -0.60 250.00   2.53   He  4.36e+00  1.25e+01
 15.00  -0.60 250.00   2.53    C  2.79e-01  1.25e+01
 15.00  -0.60 250.00   2.53    N  7.81e-02  1.25e+01
 15.00  -0.60 250.00   2.53    O  1.82e+00  1.25e+01
 15.00  -0.60 250.00   2.53    F  1.06e-04  1.25e+01
 15.00  -0.60 250.00   2.53   Ne  1.31e-01  1.25e+01
 15.00  -0.60 250.00   2.53   Mg  4.91e-02  1.25e+01
 15.00  -0.60 250.00   2.53   Si  3.52e-01  1.25e+01
 15.00  -0.60 250.00   2.53    S  3.03e-01  1.25e+01
 15.00  -0.60 250.00   2.53   Fe  9.06e-02  1.25e+01
 20.00  -0.60 250.00   3.00    p  6.19e+00  1.70e+01
 20.00  -0.60 250.00   3.00   He  6.13e+00  1.70e+01
 20.00  -0.60 250.00   3.00    C  6.46e-01  1.70e+01
 20.00  -0.60 250.00   3.00    N  8.57e-02  1.70e+01
 20.00  -0.60 250.00   3.00    O  3.29e+00  1.70e+01
 20.00  -0.60 250.00   3.00    F  3.17e-04  1.70e+01
 20.00  -0.60 250.00   3.00   Ne  2.08e-01  1.70e+01
 20.00  -0.60 250.00   3.00   Mg  7.02e-02  1.70e+01
 20.00  -0.60 250.00   3.00   Si  2.05e-01  1.70e+01
 20.00  -0.60 250.00   3.00    S  8.60e-02  1.70e+01
 20.00  -0.60 250.00   3.00   Fe  7.83e-02  1.70e+01
 25.00  -0.60 250.00   3.13    p  7.62e+00  2.19e+01
 25.00  -0.60 250.00   3.13   He  6.60e+00  2.19e+01
 25.00  -0.60 250.00   3.13    C  8.52e-01  2.19e+01
 25.00  -0.60 250.00   3.13    N  6.65e-02  2.19e+01
 25.00  -0.60 250.00   3.13    O  5.37e+00  2.19e+01
 25.00  -0.60 250.00   3.13    F  8.47e-04  2.19e+01
 25.00  -0.60 250.00   3.13   Ne  8.08e-01  2.19e+01
 25.00  -0.60 250.00   3.13   Mg  1.59e-01  2.19e+01
 25.00  -0.60 250.00   3.13   Si  2.45e-01  2.19e+01
 25.00  -0.60 250.00   3.13    S  8.57e-02  2.19e+01
 25.00  -0.60 250.00   3.13   Fe  7.68e-02  2.19e+01
 30.00  -0.60 250.00   4.02    p  8.44e+00  2.60e+01
 30.00  -0.60 250.00   4.02   He  7.79e+00  2.60e+01
 30.00  -0.60 250.00   4.02    C  1.25e+00  2.60e+01
 30.00  -0.60 250.00   4.02    N  5.06e-02  2.60e+01
 30.00  -0.60 250.00   4.02    O  6.99e+00  2.60e+01
 30.00  -0.60 250.00   4.02    F  1.84e-03  2.60e+01
 30.00  -0.60 250.00   4.02   Ne  7.55e-01  2.60e+01
 30.00  -0.60 250.00   4.02   Mg  1.68e-01  2.60e+01
 30.00  -0.60 250.00   4.02   Si  3.21e-01  2.60e+01
 30.00  -0.60 250.00   4.02    S  1.27e-01  2.60e+01
 30.00  -0.60 250.00   4.02   Fe  7.74e-02  2.60e+01
 40.00  -0.60 250.00   4.88    p  1.07e+01  3.51e+01
 40.00  -0.60 250.00   4.88   He  9.19e+00  3.51e+01
 40.00  -0.60 250.00   4.88    C  2.14e+00  3.51e+01
 40.00  -0.60 250.00   4.88    N  8.13e-02  3.51e+01
 40.00  -0.60 250.00   4.88    O  1.07e+01  3.51e+01
 40.00  -0.60 250.00   4.88    F  1.22e-04  3.51e+01
 40.00  -0.60 250.00   4.88   Ne  1.19e+00  3.51e+01
 40.00  -0.60 250.00   4.88   Mg  3.45e-01  3.51e+01
 40.00  -0.60 250.00   4.88   Si  4.60e-01  3.51e+01
 40.00  -0.60 250.00   4.88    S  1.70e-01  3.51e+01
 40.00  -0.60 250.00   4.88   Fe  7.80e-02  3.51e+01
 60.00  -0.60 250.00   5.68    p  1.50e+01  5.43e+01
 60.00  -0.60 250.00   5.68   He  1.72e+01  5.43e+01
 60.00  -0.60 250.00   5.68    C  4.07e+00  5.43e+01
 60.00  -0.60 250.00   5.68    N  5.86e-02  5.43e+01
 60.00  -0.60 250.00   5.68    O  1.46e+01  5.43e+01
 60.00  -0.60 250.00   5.68    F  4.25e-06  5.43e+01
 60.00  -0.60 250.00   5.68   Ne  1.92e+00  5.43e+01
 60.00  -0.60 250.00   5.68   Mg  6.27e-01  5.43e+01
 60.00  -0.60 250.00   5.68   Si  6.67e-01  5.43e+01
 60.00  -0.60 250.00   5.68    S  2.34e-01  5.43e+01
 60.00  -0.60 250.00   5.68   Fe  8.30e-02  5.43e+01
 80.00  -0.60 250.00   7.27    p  1.87e+01  7.27e+01
 80.00  -0.60 250.00   7.27   He  2.64e+01  7.27e+01
 80.00  -0.60 250.00   7.27    C  5.18e+00  7.27e+01
 80.00  -0.60 250.00   7.27    N  6.82e-02  7.27e+01
 80.00  -0.60 250.00   7.27    O  1.85e+01  7.27e+01
 80.00  -0.60 250.00   7.27    F  5.68e-06  7.27e+01
 80.00  -0.60 250.00   7.27   Ne  1.92e+00  7.27e+01
 80.00  -0.60 250.00   7.27   Mg  7.33e-01  7.27e+01
 80.00  -0.60 250.00   7.27   Si  9.23e-01  7.27e+01
 80.00  -0.60 250.00   7.27    S  3.17e-01  7.27e+01
 80.00  -0.60 250.00   7.27   Fe  8.68e-02  7.27e+01
120.00  -0.60 250.00   8.95    p  2.60e+01  1.11e+02
120.00  -0.60 250.00   8.95   He  5.16e+01  1.11e+02
120.00  -0.60 250.00   8.95    C  6.22e+00  1.11e+02
120.00  -0.60 250.00   8.95    N  1.30e-01  1.11e+02
120.00  -0.60 250.00   8.95    O  2.20e+01  1.11e+02
120.00  -0.60 250.00   8.95    F  7.86e-06  1.11e+02
120.00  -0.60 250.00   8.95   Ne  2.13e+00  1.11e+02
120.00  -0.60 250.00   8.95   Mg  1.26e+00  1.11e+02
120.00  -0.60 250.00   8.95   Si  1.25e+00  1.11e+02
120.00  -0.60 250.00   8.95    S  3.94e-01  1.11e+02
120.00  -0.60 250.00   8.95   Fe  9.31e-02  1.11e+02
