#---Details of Columns:
#    M0 (solMass)          (F6.2)  [1/6.5] Initial mass [ucd=phys.mass]
#    [Fe/H]                (F7.2)  Initial metallicity [ucd=phys.abund.Z]
#    vel (km/s)            (F7.2)  Initial rotation [ucd=phys.mass]
#    M1 (solMass)          (F7.2)  Final mass (1) [ucd=phys.mass]
#    El                    (a4)    Species i (2) [ucd=phys.atmol.element]
#    M(i)lost (solMass)    (D9.2)  Mass of species i lost in the wind [ucd=phys.mass]
#    M(i)lostall (solMass) (D9.2)  Total mass lost in the wind [ucd=phys.mass]
#----- ------ ------ ------ ---- --------- -----------
#M0                                                                 
#(sol         vel    M1 (so      M(i)lost  M(i)lostall
#Mass) Z0     (km/s) lMass) El   (solMass) (solMass)  
#----- ------ ------ ------ ---- --------- -----------
 13.00  -1.00  50.00   1.82    p  5.77e+00  1.12e+01
 13.00  -1.00  50.00   1.82   He  4.28e+00  1.12e+01
 13.00  -1.00  50.00   1.82    C  2.02e-01  1.12e+01
 13.00  -1.00  50.00   1.82    N  2.35e-02  1.12e+01
 13.00  -1.00  50.00   1.82    O  6.51e-01  1.12e+01
 13.00  -1.00  50.00   1.82    F  1.40e-05  1.12e+01
 13.00  -1.00  50.00   1.82   Ne  5.63e-02  1.12e+01
 13.00  -1.00  50.00   1.82   Mg  1.97e-02  1.12e+01
 13.00  -1.00  50.00   1.82   Si  7.30e-02  1.12e+01
 13.00  -1.00  50.00   1.82    S  3.55e-02  1.12e+01
 13.00  -1.00  50.00   1.82   Fe  7.40e-02  1.12e+01
 15.00  -1.00  50.00   2.00    p  6.45e+00  1.30e+01
 15.00  -1.00  50.00   2.00   He  4.81e+00  1.30e+01
 15.00  -1.00  50.00   2.00    C  3.06e-01  1.30e+01
 15.00  -1.00  50.00   2.00    N  2.87e-02  1.30e+01
 15.00  -1.00  50.00   2.00    O  1.03e+00  1.30e+01
 15.00  -1.00  50.00   2.00    F  3.43e-05  1.30e+01
 15.00  -1.00  50.00   2.00   Ne  7.90e-02  1.30e+01
 15.00  -1.00  50.00   2.00   Mg  2.75e-02  1.30e+01
 15.00  -1.00  50.00   2.00   Si  1.22e-01  1.30e+01
 15.00  -1.00  50.00   2.00    S  7.37e-02  1.30e+01
 15.00  -1.00  50.00   2.00   Fe  7.47e-02  1.30e+01
 20.00  -1.00  50.00   2.27    p  8.08e+00  1.77e+01
 20.00  -1.00  50.00   2.27   He  6.48e+00  1.77e+01
 20.00  -1.00  50.00   2.27    C  4.60e-01  1.77e+01
 20.00  -1.00  50.00   2.27    N  4.09e-02  1.77e+01
 20.00  -1.00  50.00   2.27    O  1.97e+00  1.77e+01
 20.00  -1.00  50.00   2.27    F  8.72e-05  1.77e+01
 20.00  -1.00  50.00   2.27   Ne  3.64e-01  1.77e+01
 20.00  -1.00  50.00   2.27   Mg  9.51e-02  1.77e+01
 20.00  -1.00  50.00   2.27   Si  1.46e-01  1.77e+01
 20.00  -1.00  50.00   2.27    S  4.79e-02  1.77e+01
 20.00  -1.00  50.00   2.27   Fe  7.46e-02  1.77e+01
 25.00  -1.00  50.00   2.58    p  9.67e+00  2.24e+01
 25.00  -1.00  50.00   2.58   He  7.73e+00  2.24e+01
 25.00  -1.00  50.00   2.58    C  7.08e-01  2.24e+01
 25.00  -1.00  50.00   2.58    N  1.54e-02  2.24e+01
 25.00  -1.00  50.00   2.58    O  3.24e+00  2.24e+01
 25.00  -1.00  50.00   2.58    F  9.17e-05  2.24e+01
 25.00  -1.00  50.00   2.58   Ne  6.18e-01  2.24e+01
 25.00  -1.00  50.00   2.58   Mg  1.17e-01  2.24e+01
 25.00  -1.00  50.00   2.58   Si  1.62e-01  2.24e+01
 25.00  -1.00  50.00   2.58    S  5.07e-02  2.24e+01
 25.00  -1.00  50.00   2.58   Fe  7.42e-02  2.24e+01
 30.00  -1.00  50.00   3.04    p  1.10e+01  2.70e+01
 30.00  -1.00  50.00   3.04   He  9.67e+00  2.70e+01
 30.00  -1.00  50.00   3.04    C  1.00e+00  2.70e+01
 30.00  -1.00  50.00   3.04    N  1.25e-02  2.70e+01
 30.00  -1.00  50.00   3.04    O  4.20e+00  2.70e+01
 30.00  -1.00  50.00   3.04    F  1.33e-04  2.70e+01
 30.00  -1.00  50.00   3.04   Ne  6.41e-01  2.70e+01
 30.00  -1.00  50.00   3.04   Mg  1.23e-01  2.70e+01
 30.00  -1.00  50.00   3.04   Si  2.08e-01  2.70e+01
 30.00  -1.00  50.00   3.04    S  6.57e-02  2.70e+01
 30.00  -1.00  50.00   3.04   Fe  7.41e-02  2.70e+01
 40.00  -1.00  50.00   3.74    p  1.34e+01  3.63e+01
 40.00  -1.00  50.00   3.74   He  1.20e+01  3.63e+01
 40.00  -1.00  50.00   3.74    C  1.50e+00  3.63e+01
 40.00  -1.00  50.00   3.74    N  1.98e-02  3.63e+01
 40.00  -1.00  50.00   3.74    O  7.47e+00  3.63e+01
 40.00  -1.00  50.00   3.74    F  3.88e-05  3.63e+01
 40.00  -1.00  50.00   3.74   Ne  1.10e+00  3.63e+01
 40.00  -1.00  50.00   3.74   Mg  2.46e-01  3.63e+01
 40.00  -1.00  50.00   3.74   Si  3.21e-01  3.63e+01
 40.00  -1.00  50.00   3.74    S  1.02e-01  3.63e+01
 40.00  -1.00  50.00   3.74   Fe  7.47e-02  3.63e+01
 60.00  -1.00  50.00   5.78    p  1.77e+01  5.42e+01
 60.00  -1.00  50.00   5.78   He  1.79e+01  5.42e+01
 60.00  -1.00  50.00   5.78    C  2.60e+00  5.42e+01
 60.00  -1.00  50.00   5.78    N  2.64e-02  5.42e+01
 60.00  -1.00  50.00   5.78    O  1.36e+01  5.42e+01
 60.00  -1.00  50.00   5.78    F  4.87e-05  5.42e+01
 60.00  -1.00  50.00   5.78   Ne  1.15e+00  5.42e+01
 60.00  -1.00  50.00   5.78   Mg  4.23e-01  5.42e+01
 60.00  -1.00  50.00   5.78   Si  6.07e-01  5.42e+01
 60.00  -1.00  50.00   5.78    S  1.93e-01  5.42e+01
 60.00  -1.00  50.00   5.78   Fe  7.64e-02  5.42e+01
 80.00  -1.00  50.00   7.91    p  2.18e+01  7.21e+01
 80.00  -1.00  50.00   7.91   He  2.28e+01  7.21e+01
 80.00  -1.00  50.00   7.91    C  3.24e+00  7.21e+01
 80.00  -1.00  50.00   7.91    N  3.25e-02  7.21e+01
 80.00  -1.00  50.00   7.91    O  2.08e+01  7.21e+01
 80.00  -1.00  50.00   7.91    F  4.54e-05  7.21e+01
 80.00  -1.00  50.00   7.91   Ne  1.41e+00  7.21e+01
 80.00  -1.00  50.00   7.91   Mg  6.31e-01  7.21e+01
 80.00  -1.00  50.00   7.91   Si  9.80e-01  7.21e+01
 80.00  -1.00  50.00   7.91    S  3.23e-01  7.21e+01
 80.00  -1.00  50.00   7.91   Fe  7.89e-02  7.21e+01
120.00  -1.00  50.00  20.50    p  2.88e+01  9.95e+01
120.00  -1.00  50.00  20.50   He  3.62e+01  9.95e+01
120.00  -1.00  50.00  20.50    C  3.61e+00  9.95e+01
120.00  -1.00  50.00  20.50    N  5.71e-02  9.95e+01
120.00  -1.00  50.00  20.50    O  2.64e+01  9.95e+01
120.00  -1.00  50.00  20.50    F  3.25e-06  9.95e+01
120.00  -1.00  50.00  20.50   Ne  2.07e+00  9.95e+01
120.00  -1.00  50.00  20.50   Mg  9.45e-01  9.95e+01
120.00  -1.00  50.00  20.50   Si  9.47e-01  9.95e+01
120.00  -1.00  50.00  20.50    S  2.89e-01  9.95e+01
120.00  -1.00  50.00  20.50   Fe  6.53e-02  9.95e+01
