#---Details of Columns:
#    M0 (solMass)          (F6.2)  [1/6.5] Initial mass [ucd=phys.mass]
#    [Fe/H]                (F7.2)  Initial metallicity [ucd=phys.abund.Z]
#    vel (km/s)            (F7.2)  Initial rotation [ucd=phys.mass]
#    M1 (solMass)          (F7.2)  Final mass (1) [ucd=phys.mass]
#    El                    (a4)    Species i (2) [ucd=phys.atmol.element]
#    M(i)lost (solMass)    (D9.2)  Mass of species i lost in the wind [ucd=phys.mass]
#    M(i)lostall (solMass) (D9.2)  Total mass lost in the wind [ucd=phys.mass]
#----- ------ ------ ------ ---- --------- -----------
#M0                                                                 
#(sol         vel    M1 (so      M(i)lost  M(i)lostall
#Mass) Z0     (km/s) lMass) El   (solMass) (solMass)  
#----- ------ ------ ------ ---- --------- -----------
 13.00  -0.00 300.00   2.30    p  4.05e+00  1.07e+01
 13.00  -0.00 300.00   2.30   He  4.09e+00  1.07e+01
 13.00  -0.00 300.00   2.30    C  5.35e-01  1.07e+01
 13.00  -0.00 300.00   2.30    N  5.24e-02  1.07e+01
 13.00  -0.00 300.00   2.30    O  1.49e+00  1.07e+01
 13.00  -0.00 300.00   2.30    F  5.17e-04  1.07e+01
 13.00  -0.00 300.00   2.30   Ne  1.17e-01  1.07e+01
 13.00  -0.00 300.00   2.30   Mg  3.79e-02  1.07e+01
 13.00  -0.00 300.00   2.30   Si  1.17e-01  1.07e+01
 13.00  -0.00 300.00   2.30    S  8.26e-02  1.07e+01
 13.00  -0.00 300.00   2.30   Fe  9.01e-02  1.07e+01
 15.00  -0.00 300.00   2.30    p  4.59e+00  1.27e+01
 15.00  -0.00 300.00   2.30   He  4.60e+00  1.27e+01
 15.00  -0.00 300.00   2.30    C  5.40e-01  1.27e+01
 15.00  -0.00 300.00   2.30    N  7.31e-02  1.27e+01
 15.00  -0.00 300.00   2.30    O  1.92e+00  1.27e+01
 15.00  -0.00 300.00   2.30    F  1.12e-04  1.27e+01
 15.00  -0.00 300.00   2.30   Ne  1.51e-01  1.27e+01
 15.00  -0.00 300.00   2.30   Mg  4.76e-02  1.27e+01
 15.00  -0.00 300.00   2.30   Si  2.69e-01  1.27e+01
 15.00  -0.00 300.00   2.30    S  1.34e-01  1.27e+01
 15.00  -0.00 300.00   2.30   Fe  2.77e-01  1.27e+01
 20.00  -0.00 300.00   3.10    p  5.81e+00  1.69e+01
 20.00  -0.00 300.00   3.10   He  6.17e+00  1.69e+01
 20.00  -0.00 300.00   3.10    C  1.02e+00  1.69e+01
 20.00  -0.00 300.00   3.10    N  1.31e-01  1.69e+01
 20.00  -0.00 300.00   3.10    O  2.95e+00  1.69e+01
 20.00  -0.00 300.00   3.10    F  1.30e-04  1.69e+01
 20.00  -0.00 300.00   3.10   Ne  1.95e-01  1.69e+01
 20.00  -0.00 300.00   3.10   Mg  6.83e-02  1.69e+01
 20.00  -0.00 300.00   3.10   Si  2.60e-01  1.69e+01
 20.00  -0.00 300.00   3.10    S  1.09e-01  1.69e+01
 20.00  -0.00 300.00   3.10   Fe  9.38e-02  1.69e+01
 25.00  -0.00 300.00   2.80    p  6.45e+00  2.22e+01
 25.00  -0.00 300.00   2.80   He  8.98e+00  2.22e+01
 25.00  -0.00 300.00   2.80    C  1.52e+00  2.22e+01
 25.00  -0.00 300.00   2.80    N  1.05e-01  2.22e+01
 25.00  -0.00 300.00   2.80    O  3.90e+00  2.22e+01
 25.00  -0.00 300.00   2.80    F  1.03e-05  2.22e+01
 25.00  -0.00 300.00   2.80   Ne  5.43e-01  2.22e+01
 25.00  -0.00 300.00   2.80   Mg  1.52e-01  2.22e+01
 25.00  -0.00 300.00   2.80   Si  2.94e-01  2.22e+01
 25.00  -0.00 300.00   2.80    S  1.08e-01  2.22e+01
 25.00  -0.00 300.00   2.80   Fe  9.91e-02  2.22e+01
 30.00  -0.00 300.00  11.20    p  7.12e+00  1.88e+01
 30.00  -0.00 300.00  11.20   He  1.09e+01  1.88e+01
 30.00  -0.00 300.00  11.20    C  3.88e-01  1.88e+01
 30.00  -0.00 300.00  11.20    N  1.32e-01  1.88e+01
 30.00  -0.00 300.00  11.20    O  9.82e-02  1.88e+01
 30.00  -0.00 300.00  11.20    F  4.94e-06  1.88e+01
 30.00  -0.00 300.00  11.20   Ne  3.50e-02  1.88e+01
 30.00  -0.00 300.00  11.20   Mg  1.32e-02  1.88e+01
 30.00  -0.00 300.00  11.20   Si  1.26e-02  1.88e+01
 30.00  -0.00 300.00  11.20    S  5.85e-03  1.88e+01
 30.00  -0.00 300.00  11.20   Fe  2.45e-02  1.88e+01
 40.00  -0.00 300.00  13.80    p  9.56e+00  2.62e+01
 40.00  -0.00 300.00  13.80   He  1.55e+01  2.62e+01
 40.00  -0.00 300.00  13.80    C  6.64e-01  2.62e+01
 40.00  -0.00 300.00  13.80    N  1.75e-01  2.62e+01
 40.00  -0.00 300.00  13.80    O  1.32e-01  2.62e+01
 40.00  -0.00 300.00  13.80    F  1.01e-05  2.62e+01
 40.00  -0.00 300.00  13.80   Ne  5.68e-02  2.62e+01
 40.00  -0.00 300.00  13.80   Mg  1.84e-02  2.62e+01
 40.00  -0.00 300.00  13.80   Si  1.75e-02  2.62e+01
 40.00  -0.00 300.00  13.80    S  8.16e-03  2.62e+01
 40.00  -0.00 300.00  13.80   Fe  3.41e-02  2.62e+01
 60.00  -0.00 300.00  16.60    p  1.29e+01  4.34e+01
 60.00  -0.00 300.00  16.60   He  2.90e+01  4.34e+01
 60.00  -0.00 300.00  16.60    C  8.62e-01  4.34e+01
 60.00  -0.00 300.00  16.60    N  2.84e-01  4.34e+01
 60.00  -0.00 300.00  16.60    O  1.27e-01  4.34e+01
 60.00  -0.00 300.00  16.60    F  1.97e-05  4.34e+01
 60.00  -0.00 300.00  16.60   Ne  9.66e-02  4.34e+01
 60.00  -0.00 300.00  16.60   Mg  3.00e-02  4.34e+01
 60.00  -0.00 300.00  16.60   Si  2.90e-02  4.34e+01
 60.00  -0.00 300.00  16.60    S  1.35e-02  4.34e+01
 60.00  -0.00 300.00  16.60   Fe  5.64e-02  4.34e+01
 80.00  -0.00 300.00  17.50    p  1.86e+01  6.25e+01
 80.00  -0.00 300.00  17.50   He  4.21e+01  6.25e+01
 80.00  -0.00 300.00  17.50    C  8.97e-01  6.25e+01
 80.00  -0.00 300.00  17.50    N  4.34e-01  6.25e+01
 80.00  -0.00 300.00  17.50    O  1.38e-01  6.25e+01
 80.00  -0.00 300.00  17.50    F  1.14e-05  6.25e+01
 80.00  -0.00 300.00  17.50   Ne  1.20e-01  6.25e+01
 80.00  -0.00 300.00  17.50   Mg  4.31e-02  6.25e+01
 80.00  -0.00 300.00  17.50   Si  4.19e-02  6.25e+01
 80.00  -0.00 300.00  17.50    S  1.95e-02  6.25e+01
 80.00  -0.00 300.00  17.50   Fe  8.13e-02  6.25e+01
120.00  -0.00 300.00  19.00    p  3.10e+01  1.01e+02
120.00  -0.00 300.00  19.00   He  6.78e+01  1.01e+02
120.00  -0.00 300.00  19.00    C  1.06e+00  1.01e+02
120.00  -0.00 300.00  19.00    N  7.45e-01  1.01e+02
120.00  -0.00 300.00  19.00    O  1.64e-01  1.01e+02
120.00  -0.00 300.00  19.00    F  1.28e-05  1.01e+02
120.00  -0.00 300.00  19.00   Ne  1.69e-01  1.01e+02
120.00  -0.00 300.00  19.00   Mg  6.95e-02  1.01e+02
120.00  -0.00 300.00  19.00   Si  6.79e-02  1.01e+02
120.00  -0.00 300.00  19.00    S  3.15e-02  1.01e+02
120.00  -0.00 300.00  19.00   Fe  1.32e-01  1.01e+02
