#---Details of Columns:
#    M0 (solMass)          (F6.2)  [1/6.5] Initial mass [ucd=phys.mass]
#    [Fe/H]                (F7.2)  Initial metallicity [ucd=phys.abund.Z]
#    vel (km/s)            (F7.2)  Initial rotation [ucd=phys.mass]
#    M1 (solMass)          (F7.2)  Final mass (1) [ucd=phys.mass]
#    El                    (a4)    Species i (2) [ucd=phys.atmol.element]
#    M(i)lost (solMass)    (D9.2)  Mass of species i lost in the wind [ucd=phys.mass]
#    M(i)lostall (solMass) (D9.2)  Total mass lost in the wind [ucd=phys.mass]
#----- ------ ------ ------ ---- --------- -----------
#M0                                                                 
#(sol         vel    M1 (so      M(i)lost  M(i)lostall
#Mass) Z0     (km/s) lMass) El   (solMass) (solMass)  
#----- ------ ------ ------ ---- --------- -----------
 13.00  -1.00  25.00   1.74    p  6.00e+00  1.13e+01
 13.00  -1.00  25.00   1.74   He  4.38e+00  1.13e+01
 13.00  -1.00  25.00   1.74    C  1.76e-01  1.13e+01
 13.00  -1.00  25.00   1.74    N  1.34e-02  1.13e+01
 13.00  -1.00  25.00   1.74    O  4.63e-01  1.13e+01
 13.00  -1.00  25.00   1.74    F  7.07e-06  1.13e+01
 13.00  -1.00  25.00   1.74   Ne  4.16e-02  1.13e+01
 13.00  -1.00  25.00   1.74   Mg  1.75e-02  1.13e+01
 13.00  -1.00  25.00   1.74   Si  6.60e-02  1.13e+01
 13.00  -1.00  25.00   1.74    S  2.79e-02  1.13e+01
 13.00  -1.00  25.00   1.74   Fe  7.39e-02  1.13e+01
 15.00  -1.00  25.00   1.90    p  6.72e+00  1.31e+01
 15.00  -1.00  25.00   1.90   He  4.91e+00  1.31e+01
 15.00  -1.00  25.00   1.90    C  2.84e-01  1.31e+01
 15.00  -1.00  25.00   1.90    N  1.61e-02  1.31e+01
 15.00  -1.00  25.00   1.90    O  8.45e-01  1.31e+01
 15.00  -1.00  25.00   1.90    F  1.72e-05  1.31e+01
 15.00  -1.00  25.00   1.90   Ne  7.18e-02  1.31e+01
 15.00  -1.00  25.00   1.90   Mg  2.81e-02  1.31e+01
 15.00  -1.00  25.00   1.90   Si  1.10e-01  1.31e+01
 15.00  -1.00  25.00   1.90    S  5.32e-02  1.31e+01
 15.00  -1.00  25.00   1.90   Fe  7.45e-02  1.31e+01
 20.00  -1.00  25.00   2.08    p  8.41e+00  1.79e+01
 20.00  -1.00  25.00   2.08   He  6.65e+00  1.79e+01
 20.00  -1.00  25.00   2.08    C  4.33e-01  1.79e+01
 20.00  -1.00  25.00   2.08    N  2.28e-02  1.79e+01
 20.00  -1.00  25.00   2.08    O  1.66e+00  1.79e+01
 20.00  -1.00  25.00   2.08    F  4.37e-05  1.79e+01
 20.00  -1.00  25.00   2.08   Ne  4.19e-01  1.79e+01
 20.00  -1.00  25.00   2.08   Mg  1.05e-01  1.79e+01
 20.00  -1.00  25.00   2.08   Si  1.28e-01  1.79e+01
 20.00  -1.00  25.00   2.08    S  3.90e-02  1.79e+01
 20.00  -1.00  25.00   2.08   Fe  7.46e-02  1.79e+01
 25.00  -1.00  25.00   2.46    p  9.98e+00  2.25e+01
 25.00  -1.00  25.00   2.46   He  7.93e+00  2.25e+01
 25.00  -1.00  25.00   2.46    C  6.84e-01  2.25e+01
 25.00  -1.00  25.00   2.46    N  1.04e-02  2.25e+01
 25.00  -1.00  25.00   2.46    O  2.87e+00  2.25e+01
 25.00  -1.00  25.00   2.46    F  4.63e-05  2.25e+01
 25.00  -1.00  25.00   2.46   Ne  6.41e-01  2.25e+01
 25.00  -1.00  25.00   2.46   Mg  1.12e-01  2.25e+01
 25.00  -1.00  25.00   2.46   Si  1.47e-01  2.25e+01
 25.00  -1.00  25.00   2.46    S  4.49e-02  2.25e+01
 25.00  -1.00  25.00   2.46   Fe  7.41e-02  2.25e+01
 30.00  -1.00  25.00   2.84    p  1.13e+01  2.72e+01
 30.00  -1.00  25.00   2.84   He  1.03e+01  2.72e+01
 30.00  -1.00  25.00   2.84    C  9.39e-01  2.72e+01
 30.00  -1.00  25.00   2.84    N  1.09e-02  2.72e+01
 30.00  -1.00  25.00   2.84    O  3.57e+00  2.72e+01
 30.00  -1.00  25.00   2.84    F  6.70e-05  2.72e+01
 30.00  -1.00  25.00   2.84   Ne  6.19e-01  2.72e+01
 30.00  -1.00  25.00   2.84   Mg  1.15e-01  2.72e+01
 30.00  -1.00  25.00   2.84   Si  1.87e-01  2.72e+01
 30.00  -1.00  25.00   2.84    S  5.64e-02  2.72e+01
 30.00  -1.00  25.00   2.84   Fe  7.41e-02  2.72e+01
 40.00  -1.00  25.00   3.40    p  1.39e+01  3.66e+01
 40.00  -1.00  25.00   3.40   He  1.30e+01  3.66e+01
 40.00  -1.00  25.00   3.40    C  1.34e+00  3.66e+01
 40.00  -1.00  25.00   3.40    N  1.65e-02  3.66e+01
 40.00  -1.00  25.00   3.40    O  6.60e+00  3.66e+01
 40.00  -1.00  25.00   3.40    F  2.05e-05  3.66e+01
 40.00  -1.00  25.00   3.40   Ne  1.08e+00  3.66e+01
 40.00  -1.00  25.00   3.40   Mg  2.19e-01  3.66e+01
 40.00  -1.00  25.00   3.40   Si  2.84e-01  3.66e+01
 40.00  -1.00  25.00   3.40    S  8.88e-02  3.66e+01
 40.00  -1.00  25.00   3.40   Fe  7.46e-02  3.66e+01
 60.00  -1.00  25.00   5.46    p  1.82e+01  5.45e+01
 60.00  -1.00  25.00   5.46   He  1.92e+01  5.45e+01
 60.00  -1.00  25.00   5.46    C  2.37e+00  5.45e+01
 60.00  -1.00  25.00   5.46    N  2.36e-02  5.45e+01
 60.00  -1.00  25.00   5.46    O  1.26e+01  5.45e+01
 60.00  -1.00  25.00   5.46    F  4.10e-05  5.45e+01
 60.00  -1.00  25.00   5.46   Ne  9.33e-01  5.45e+01
 60.00  -1.00  25.00   5.46   Mg  3.13e-01  5.45e+01
 60.00  -1.00  25.00   5.46   Si  5.62e-01  5.45e+01
 60.00  -1.00  25.00   5.46    S  1.78e-01  5.45e+01
 60.00  -1.00  25.00   5.46   Fe  7.60e-02  5.45e+01
 80.00  -1.00  25.00   7.53    p  2.25e+01  7.25e+01
 80.00  -1.00  25.00   7.53   He  2.45e+01  7.25e+01
 80.00  -1.00  25.00   7.53    C  2.98e+00  7.25e+01
 80.00  -1.00  25.00   7.53    N  2.78e-02  7.25e+01
 80.00  -1.00  25.00   7.53    O  1.96e+01  7.25e+01
 80.00  -1.00  25.00   7.53    F  3.17e-05  7.25e+01
 80.00  -1.00  25.00   7.53   Ne  1.09e+00  7.25e+01
 80.00  -1.00  25.00   7.53   Mg  4.74e-01  7.25e+01
 80.00  -1.00  25.00   7.53   Si  8.99e-01  7.25e+01
 80.00  -1.00  25.00   7.53    S  2.93e-01  7.25e+01
 80.00  -1.00  25.00   7.53   Fe  7.84e-02  7.25e+01
120.00  -1.00  25.00  13.10    p  3.00e+01  1.07e+02
120.00  -1.00  25.00  13.10   He  3.69e+01  1.07e+02
120.00  -1.00  25.00  13.10    C  3.85e+00  1.07e+02
120.00  -1.00  25.00  13.10    N  5.06e-02  1.07e+02
120.00  -1.00  25.00  13.10    O  3.10e+01  1.07e+02
120.00  -1.00  25.00  13.10    F  3.47e-06  1.07e+02
120.00  -1.00  25.00  13.10   Ne  2.40e+00  1.07e+02
120.00  -1.00  25.00  13.10   Mg  1.06e+00  1.07e+02
120.00  -1.00  25.00  13.10   Si  1.07e+00  1.07e+02
120.00  -1.00  25.00  13.10    S  3.24e-01  1.07e+02
120.00  -1.00  25.00  13.10   Fe  7.33e-02  1.07e+02
