#---Details of Columns:
#    M0 (solMass)          (F6.2)  [1/6.5] Initial mass [ucd=phys.mass]
#    [Fe/H]                (F7.2)  Initial metallicity [ucd=phys.abund.Z]
#    vel (km/s)            (F7.2)  Initial rotation [ucd=phys.mass]
#    M1 (solMass)          (F7.2)  Final mass (1) [ucd=phys.mass]
#    El                    (a4)    Species i (2) [ucd=phys.atmol.element]
#    M(i)lost (solMass)    (D9.2)  Mass of species i lost in the wind [ucd=phys.mass]
#    M(i)lostall (solMass) (D9.2)  Total mass lost in the wind [ucd=phys.mass]
#----- ------ ------ ------ ---- --------- -----------
#M0                                                                 
#(sol         vel    M1 (so      M(i)lost  M(i)lostall
#Mass) Z0     (km/s) lMass) El   (solMass) (solMass)  
#----- ------ ------ ------ ---- --------- -----------
 13.00  -2.00 150.00   2.13    p  4.87e+00  1.09e+01
 13.00  -2.00 150.00   2.13   He  3.81e+00  1.09e+01
 13.00  -2.00 150.00   2.13    C  3.05e-01  1.09e+01
 13.00  -2.00 150.00   2.13    N  6.04e-02  1.09e+01
 13.00  -2.00 150.00   2.13    O  1.48e+00  1.09e+01
 13.00  -2.00 150.00   2.13    F  5.28e-05  1.09e+01
 13.00  -2.00 150.00   2.13   Ne  1.33e-01  1.09e+01
 13.00  -2.00 150.00   2.13   Mg  3.41e-02  1.09e+01
 13.00  -2.00 150.00   2.13   Si  7.79e-02  1.09e+01
 13.00  -2.00 150.00   2.13    S  2.79e-02  1.09e+01
 13.00  -2.00 150.00   2.13   Fe  7.32e-02  1.09e+01
 15.00  -2.00 150.00   2.43    p  5.48e+00  1.26e+01
 15.00  -2.00 150.00   2.43   He  4.38e+00  1.26e+01
 15.00  -2.00 150.00   2.43    C  3.88e-01  1.26e+01
 15.00  -2.00 150.00   2.43    N  7.01e-02  1.26e+01
 15.00  -2.00 150.00   2.43    O  1.66e+00  1.26e+01
 15.00  -2.00 150.00   2.43    F  1.14e-04  1.26e+01
 15.00  -2.00 150.00   2.43   Ne  9.48e-02  1.26e+01
 15.00  -2.00 150.00   2.43   Mg  1.73e-02  1.26e+01
 15.00  -2.00 150.00   2.43   Si  1.99e-01  1.26e+01
 15.00  -2.00 150.00   2.43    S  2.04e-01  1.26e+01
 15.00  -2.00 150.00   2.43   Fe  7.41e-02  1.26e+01
 20.00  -2.00 150.00   3.01    p  6.97e+00  1.70e+01
 20.00  -2.00 150.00   3.01   He  5.71e+00  1.70e+01
 20.00  -2.00 150.00   3.01    C  5.58e-01  1.70e+01
 20.00  -2.00 150.00   3.01    N  1.01e-01  1.70e+01
 20.00  -2.00 150.00   3.01    O  3.11e+00  1.70e+01
 20.00  -2.00 150.00   3.01    F  1.72e-04  1.70e+01
 20.00  -2.00 150.00   3.01   Ne  1.17e-01  1.70e+01
 20.00  -2.00 150.00   3.01   Mg  5.14e-02  1.70e+01
 20.00  -2.00 150.00   3.01   Si  2.10e-01  1.70e+01
 20.00  -2.00 150.00   3.01    S  8.32e-02  1.70e+01
 20.00  -2.00 150.00   3.01   Fe  7.37e-02  1.70e+01
 25.00  -2.00 150.00   3.18    p  8.72e+00  2.18e+01
 25.00  -2.00 150.00   3.18   He  6.65e+00  2.18e+01
 25.00  -2.00 150.00   3.18    C  8.56e-01  2.18e+01
 25.00  -2.00 150.00   3.18    N  8.28e-03  2.18e+01
 25.00  -2.00 150.00   3.18    O  4.64e+00  2.18e+01
 25.00  -2.00 150.00   3.18    F  1.44e-04  2.18e+01
 25.00  -2.00 150.00   3.18   Ne  4.49e-01  2.18e+01
 25.00  -2.00 150.00   3.18   Mg  1.30e-01  2.18e+01
 25.00  -2.00 150.00   3.18   Si  2.23e-01  2.18e+01
 25.00  -2.00 150.00   3.18    S  7.21e-02  2.18e+01
 25.00  -2.00 150.00   3.18   Fe  7.36e-02  2.18e+01
 30.00  -2.00 150.00   3.86    p  9.65e+00  2.61e+01
 30.00  -2.00 150.00   3.86   He  6.38e+00  2.61e+01
 30.00  -2.00 150.00   3.86    C  1.41e+00  2.61e+01
 30.00  -2.00 150.00   3.86    N  1.09e-02  2.61e+01
 30.00  -2.00 150.00   3.86    O  7.20e+00  2.61e+01
 30.00  -2.00 150.00   3.86    F  4.76e-04  2.61e+01
 30.00  -2.00 150.00   3.86   Ne  8.44e-01  2.61e+01
 30.00  -2.00 150.00   3.86   Mg  1.65e-01  2.61e+01
 30.00  -2.00 150.00   3.86   Si  2.99e-01  2.61e+01
 30.00  -2.00 150.00   3.86    S  9.85e-02  2.61e+01
 30.00  -2.00 150.00   3.86   Fe  7.29e-02  2.61e+01
 40.00  -2.00 150.00   5.15    p  1.19e+01  3.48e+01
 40.00  -2.00 150.00   5.15   He  7.23e+00  3.48e+01
 40.00  -2.00 150.00   5.15    C  2.23e+00  3.48e+01
 40.00  -2.00 150.00   5.15    N  2.14e-02  3.48e+01
 40.00  -2.00 150.00   5.15    O  1.11e+01  3.48e+01
 40.00  -2.00 150.00   5.15    F  1.45e-04  3.48e+01
 40.00  -2.00 150.00   5.15   Ne  1.29e+00  3.48e+01
 40.00  -2.00 150.00   5.15   Mg  3.59e-01  3.48e+01
 40.00  -2.00 150.00   5.15   Si  4.57e-01  3.48e+01
 40.00  -2.00 150.00   5.15    S  1.40e-01  3.48e+01
 40.00  -2.00 150.00   5.15   Fe  7.34e-02  3.48e+01
 60.00  -2.00 150.00   7.94    p  1.52e+01  5.21e+01
 60.00  -2.00 150.00   7.94   He  9.69e+00  5.21e+01
 60.00  -2.00 150.00   7.94    C  3.28e+00  5.21e+01
 60.00  -2.00 150.00   7.94    N  3.25e-02  5.21e+01
 60.00  -2.00 150.00   7.94    O  1.96e+01  5.21e+01
 60.00  -2.00 150.00   7.94    F  1.20e-04  5.21e+01
 60.00  -2.00 150.00   7.94   Ne  2.07e+00  5.21e+01
 60.00  -2.00 150.00   7.94   Mg  1.03e+00  5.21e+01
 60.00  -2.00 150.00   7.94   Si  8.58e-01  5.21e+01
 60.00  -2.00 150.00   7.94    S  2.72e-01  5.21e+01
 60.00  -2.00 150.00   7.94   Fe  7.51e-02  5.21e+01
 80.00  -2.00 150.00   9.75    p  1.90e+01  7.03e+01
 80.00  -2.00 150.00   9.75   He  1.31e+01  7.03e+01
 80.00  -2.00 150.00   9.75    C  3.66e+00  7.03e+01
 80.00  -2.00 150.00   9.75    N  4.78e-02  7.03e+01
 80.00  -2.00 150.00   9.75    O  2.80e+01  7.03e+01
 80.00  -2.00 150.00   9.75    F  1.52e-04  7.03e+01
 80.00  -2.00 150.00   9.75   Ne  2.98e+00  7.03e+01
 80.00  -2.00 150.00   9.75   Mg  1.46e+00  7.03e+01
 80.00  -2.00 150.00   9.75   Si  1.42e+00  7.03e+01
 80.00  -2.00 150.00   9.75    S  4.98e-01  7.03e+01
 80.00  -2.00 150.00   9.75   Fe  7.89e-02  7.03e+01
120.00  -2.00 150.00  72.30    p  2.30e+01  4.77e+01
120.00  -2.00 150.00  72.30   He  2.38e+01  4.77e+01
120.00  -2.00 150.00  72.30    C  5.34e-01  4.77e+01
120.00  -2.00 150.00  72.30    N  6.20e-02  4.77e+01
120.00  -2.00 150.00  72.30    O  2.41e-01  4.77e+01
120.00  -2.00 150.00  72.30    F  8.03e-08  4.77e+01
120.00  -2.00 150.00  72.30   Ne  1.61e-03  4.77e+01
120.00  -2.00 150.00  72.30   Mg  5.97e-04  4.77e+01
120.00  -2.00 150.00  72.30   Si  8.53e-04  4.77e+01
120.00  -2.00 150.00  72.30    S  3.33e-04  4.77e+01
120.00  -2.00 150.00  72.30   Fe  6.18e-04  4.77e+01
