#---Details of Columns:
#    M0 (solMass)          (F6.2)  [1/6.5] Initial mass [ucd=phys.mass]
#    [Fe/H]                (F7.2)  Initial metallicity [ucd=phys.abund.Z]
#    vel (km/s)            (F7.2)  Initial rotation [ucd=phys.mass]
#    M1 (solMass)          (F7.2)  Final mass (1) [ucd=phys.mass]
#    El                    (a4)    Species i (2) [ucd=phys.atmol.element]
#    M(i)lost (solMass)    (D9.2)  Mass of species i lost in the wind [ucd=phys.mass]
#    M(i)lostall (solMass) (D9.2)  Total mass lost in the wind [ucd=phys.mass]
#----- ------ ------ ------ ---- --------- -----------
#M0                                                                 
#(sol         vel    M1 (so      M(i)lost  M(i)lostall
#Mass) Z0     (km/s) lMass) El   (solMass) (solMass)  
#----- ------ ------ ------ ---- --------- -----------
 13.00  -2.00 250.00   2.21    p  4.62e+00  1.08e+01
 13.00  -2.00 250.00   2.21   He  3.83e+00  1.08e+01
 13.00  -2.00 250.00   2.21    C  2.81e-01  1.08e+01
 13.00  -2.00 250.00   2.21    N  9.00e-02  1.08e+01
 13.00  -2.00 250.00   2.21    O  1.47e+00  1.08e+01
 13.00  -2.00 250.00   2.21    F  5.18e-05  1.08e+01
 13.00  -2.00 250.00   2.21   Ne  1.16e-01  1.08e+01
 13.00  -2.00 250.00   2.21   Mg  3.30e-02  1.08e+01
 13.00  -2.00 250.00   2.21   Si  1.69e-01  1.08e+01
 13.00  -2.00 250.00   2.21    S  1.25e-01  1.08e+01
 13.00  -2.00 250.00   2.21   Fe  7.76e-02  1.08e+01
 15.00  -2.00 250.00   2.40    p  5.18e+00  1.26e+01
 15.00  -2.00 250.00   2.40   He  4.42e+00  1.26e+01
 15.00  -2.00 250.00   2.40    C  3.54e-01  1.26e+01
 15.00  -2.00 250.00   2.40    N  9.37e-02  1.26e+01
 15.00  -2.00 250.00   2.40    O  1.84e+00  1.26e+01
 15.00  -2.00 250.00   2.40    F  3.78e-04  1.26e+01
 15.00  -2.00 250.00   2.40   Ne  1.19e-01  1.26e+01
 15.00  -2.00 250.00   2.40   Mg  3.44e-02  1.26e+01
 15.00  -2.00 250.00   2.40   Si  2.55e-01  1.26e+01
 15.00  -2.00 250.00   2.40    S  1.86e-01  1.26e+01
 15.00  -2.00 250.00   2.40   Fe  9.60e-02  1.26e+01
 20.00  -2.00 250.00   3.12    p  6.77e+00  1.69e+01
 20.00  -2.00 250.00   3.12   He  5.72e+00  1.69e+01
 20.00  -2.00 250.00   3.12    C  5.38e-01  1.69e+01
 20.00  -2.00 250.00   3.12    N  3.36e-02  1.69e+01
 20.00  -2.00 250.00   3.12    O  3.20e+00  1.69e+01
 20.00  -2.00 250.00   3.12    F  3.44e-04  1.69e+01
 20.00  -2.00 250.00   3.12   Ne  1.87e-01  1.69e+01
 20.00  -2.00 250.00   3.12   Mg  6.67e-02  1.69e+01
 20.00  -2.00 250.00   3.12   Si  1.94e-01  1.69e+01
 20.00  -2.00 250.00   3.12    S  9.00e-02  1.69e+01
 20.00  -2.00 250.00   3.12   Fe  7.56e-02  1.69e+01
 25.00  -2.00 250.00   3.40    p  8.13e+00  2.16e+01
 25.00  -2.00 250.00   3.40   He  5.74e+00  2.16e+01
 25.00  -2.00 250.00   3.40    C  9.11e-01  2.16e+01
 25.00  -2.00 250.00   3.40    N  3.12e-02  2.16e+01
 25.00  -2.00 250.00   3.40    O  5.52e+00  2.16e+01
 25.00  -2.00 250.00   3.40    F  5.71e-04  2.16e+01
 25.00  -2.00 250.00   3.40   Ne  7.10e-01  2.16e+01
 25.00  -2.00 250.00   3.40   Mg  1.43e-01  2.16e+01
 25.00  -2.00 250.00   3.40   Si  2.50e-01  2.16e+01
 25.00  -2.00 250.00   3.40    S  8.36e-02  2.16e+01
 25.00  -2.00 250.00   3.40   Fe  7.33e-02  2.16e+01
 30.00  -2.00 250.00   3.90    p  9.23e+00  2.61e+01
 30.00  -2.00 250.00   3.90   He  5.97e+00  2.61e+01
 30.00  -2.00 250.00   3.90    C  1.49e+00  2.61e+01
 30.00  -2.00 250.00   3.90    N  2.84e-02  2.61e+01
 30.00  -2.00 250.00   3.90    O  7.64e+00  2.61e+01
 30.00  -2.00 250.00   3.90    F  1.28e-03  2.61e+01
 30.00  -2.00 250.00   3.90   Ne  1.03e+00  2.61e+01
 30.00  -2.00 250.00   3.90   Mg  2.17e-01  2.61e+01
 30.00  -2.00 250.00   3.90   Si  3.18e-01  2.61e+01
 30.00  -2.00 250.00   3.90    S  1.07e-01  2.61e+01
 30.00  -2.00 250.00   3.90   Fe  7.33e-02  2.61e+01
 40.00  -2.00 250.00   5.59    p  1.13e+01  3.44e+01
 40.00  -2.00 250.00   5.59   He  6.09e+00  3.44e+01
 40.00  -2.00 250.00   5.59    C  2.21e+00  3.44e+01
 40.00  -2.00 250.00   5.59    N  2.45e-02  3.44e+01
 40.00  -2.00 250.00   5.59    O  1.24e+01  3.44e+01
 40.00  -2.00 250.00   5.59    F  5.33e-04  3.44e+01
 40.00  -2.00 250.00   5.59   Ne  1.21e+00  3.44e+01
 40.00  -2.00 250.00   5.59   Mg  4.41e-01  3.44e+01
 40.00  -2.00 250.00   5.59   Si  5.24e-01  3.44e+01
 40.00  -2.00 250.00   5.59    S  1.81e-01  3.44e+01
 40.00  -2.00 250.00   5.59   Fe  7.44e-02  3.44e+01
 60.00  -2.00 250.00   8.17    p  1.47e+01  5.18e+01
 60.00  -2.00 250.00   8.17   He  8.47e+00  5.18e+01
 60.00  -2.00 250.00   8.17    C  2.90e+00  5.18e+01
 60.00  -2.00 250.00   8.17    N  3.83e-02  5.18e+01
 60.00  -2.00 250.00   8.17    O  2.10e+01  5.18e+01
 60.00  -2.00 250.00   8.17    F  8.06e-04  5.18e+01
 60.00  -2.00 250.00   8.17   Ne  2.30e+00  5.18e+01
 60.00  -2.00 250.00   8.17   Mg  1.12e+00  5.18e+01
 60.00  -2.00 250.00   8.17   Si  9.03e-01  5.18e+01
 60.00  -2.00 250.00   8.17    S  3.15e-01  5.18e+01
 60.00  -2.00 250.00   8.17   Fe  7.79e-02  5.18e+01
 80.00  -2.00 250.00   6.78    p  1.80e+01  7.32e+01
 80.00  -2.00 250.00   6.78   He  1.25e+01  7.32e+01
 80.00  -2.00 250.00   6.78    C  4.00e+00  7.32e+01
 80.00  -2.00 250.00   6.78    N  6.01e-02  7.32e+01
 80.00  -2.00 250.00   6.78    O  3.30e+01  7.32e+01
 80.00  -2.00 250.00   6.78    F  1.37e-04  7.32e+01
 80.00  -2.00 250.00   6.78   Ne  2.99e+00  7.32e+01
 80.00  -2.00 250.00   6.78   Mg  1.33e+00  7.32e+01
 80.00  -2.00 250.00   6.78   Si  1.03e+00  7.32e+01
 80.00  -2.00 250.00   6.78    S  3.20e-01  7.32e+01
 80.00  -2.00 250.00   6.78   Fe  7.62e-02  7.32e+01
120.00  -2.00 250.00  10.69    p  2.25e+01  1.09e+02
120.00  -2.00 250.00  10.69   He  2.60e+01  1.09e+02
120.00  -2.00 250.00  10.69    C  1.11e+01  1.09e+02
120.00  -2.00 250.00  10.69    N  1.40e-01  1.09e+02
120.00  -2.00 250.00  10.69    O  4.69e+01  1.09e+02
120.00  -2.00 250.00  10.69    F  2.69e-07  1.09e+02
120.00  -2.00 250.00  10.69   Ne  1.90e+00  1.09e+02
120.00  -2.00 250.00  10.69   Mg  5.07e-01  1.09e+02
120.00  -2.00 250.00  10.69   Si  1.64e-01  1.09e+02
120.00  -2.00 250.00  10.69    S  5.74e-02  1.09e+02
120.00  -2.00 250.00  10.69   Fe  3.32e-02  1.09e+02
