#---Details of Columns:
#    M0 (solMass)          (F6.2)  [1/6.5] Initial mass [ucd=phys.mass]
#    [Fe/H]                (F7.2)  Initial metallicity [ucd=phys.abund.Z]
#    vel (km/s)            (F7.2)  Initial rotation [ucd=phys.mass]
#    M1 (solMass)          (F7.2)  Final mass (1) [ucd=phys.mass]
#    El                    (a4)    Species i (2) [ucd=phys.atmol.element]
#    M(i)lost (solMass)    (D9.2)  Mass of species i lost in the wind [ucd=phys.mass]
#    M(i)lostall (solMass) (D9.2)  Total mass lost in the wind [ucd=phys.mass]
#----- ------ ------ ------ ---- --------- -----------
#M0                                                                 
#(sol         vel    M1 (so      M(i)lost  M(i)lostall
#Mass) Z0     (km/s) lMass) El   (solMass) (solMass)  
#----- ------ ------ ------ ---- --------- -----------
 13.00  -0.30 100.00   2.01    p  5.23e+00  1.10e+01
 13.00  -0.30 100.00   2.01   He  4.15e+00  1.10e+01
 13.00  -0.30 100.00   2.01    C  2.65e-01  1.10e+01
 13.00  -0.30 100.00   2.01    N  4.54e-02  1.10e+01
 13.00  -0.30 100.00   2.01    O  9.41e-01  1.10e+01
 13.00  -0.30 100.00   2.01    F  1.30e-05  1.10e+01
 13.00  -0.30 100.00   2.01   Ne  6.62e-02  1.10e+01
 13.00  -0.30 100.00   2.01   Mg  2.06e-02  1.10e+01
 13.00  -0.30 100.00   2.01   Si  1.07e-01  1.10e+01
 13.00  -0.30 100.00   2.01    S  7.83e-02  1.10e+01
 13.00  -0.30 100.00   2.01   Fe  8.03e-02  1.10e+01
 15.00  -0.30 100.00   2.21    p  5.76e+00  1.28e+01
 15.00  -0.30 100.00   2.21   He  4.62e+00  1.28e+01
 15.00  -0.30 100.00   2.21    C  3.44e-01  1.28e+01
 15.00  -0.30 100.00   2.21    N  5.75e-02  1.28e+01
 15.00  -0.30 100.00   2.21    O  1.53e+00  1.28e+01
 15.00  -0.30 100.00   2.21    F  1.84e-04  1.28e+01
 15.00  -0.30 100.00   2.21   Ne  1.16e-01  1.28e+01
 15.00  -0.30 100.00   2.21   Mg  3.91e-02  1.28e+01
 15.00  -0.30 100.00   2.21   Si  1.13e-01  1.28e+01
 15.00  -0.30 100.00   2.21    S  5.51e-02  1.28e+01
 15.00  -0.30 100.00   2.21   Fe  1.34e-01  1.28e+01
 20.00  -0.30 100.00   2.61    p  7.04e+00  1.74e+01
 20.00  -0.30 100.00   2.61   He  6.40e+00  1.74e+01
 20.00  -0.30 100.00   2.61    C  6.50e-01  1.74e+01
 20.00  -0.30 100.00   2.61    N  8.30e-02  1.74e+01
 20.00  -0.30 100.00   2.61    O  2.51e+00  1.74e+01
 20.00  -0.30 100.00   2.61    F  2.14e-04  1.74e+01
 20.00  -0.30 100.00   2.61   Ne  2.74e-01  1.74e+01
 20.00  -0.30 100.00   2.61   Mg  8.49e-02  1.74e+01
 20.00  -0.30 100.00   2.61   Si  1.93e-01  1.74e+01
 20.00  -0.30 100.00   2.61    S  7.10e-02  1.74e+01
 20.00  -0.30 100.00   2.61   Fe  8.32e-02  1.74e+01
 25.00  -0.30 100.00   2.73    p  8.54e+00  2.23e+01
 25.00  -0.30 100.00   2.73   He  7.80e+00  2.23e+01
 25.00  -0.30 100.00   2.73    C  8.59e-01  2.23e+01
 25.00  -0.30 100.00   2.73    N  6.65e-02  2.23e+01
 25.00  -0.30 100.00   2.73    O  3.86e+00  2.23e+01
 25.00  -0.30 100.00   2.73    F  2.30e-04  2.23e+01
 25.00  -0.30 100.00   2.73   Ne  5.94e-01  2.23e+01
 25.00  -0.30 100.00   2.73   Mg  1.33e-01  2.23e+01
 25.00  -0.30 100.00   2.73   Si  2.21e-01  2.23e+01
 25.00  -0.30 100.00   2.73    S  7.61e-02  2.23e+01
 25.00  -0.30 100.00   2.73   Fe  8.51e-02  2.23e+01
 30.00  -0.30 100.00   3.21    p  9.84e+00  2.68e+01
 30.00  -0.30 100.00   3.21   He  9.83e+00  2.68e+01
 30.00  -0.30 100.00   3.21    C  1.11e+00  2.68e+01
 30.00  -0.30 100.00   3.21    N  5.22e-02  2.68e+01
 30.00  -0.30 100.00   3.21    O  4.75e+00  2.68e+01
 30.00  -0.30 100.00   3.21    F  1.14e-04  2.68e+01
 30.00  -0.30 100.00   3.21   Ne  6.52e-01  2.68e+01
 30.00  -0.30 100.00   3.21   Mg  1.52e-01  2.68e+01
 30.00  -0.30 100.00   3.21   Si  2.47e-01  2.68e+01
 30.00  -0.30 100.00   3.21    S  9.28e-02  2.68e+01
 30.00  -0.30 100.00   3.21   Fe  8.68e-02  2.68e+01
 40.00  -0.30 100.00   3.88    p  1.21e+01  3.61e+01
 40.00  -0.30 100.00   3.88   He  1.21e+01  3.61e+01
 40.00  -0.30 100.00   3.88    C  1.77e+00  3.61e+01
 40.00  -0.30 100.00   3.88    N  7.96e-02  3.61e+01
 40.00  -0.30 100.00   3.88    O  8.05e+00  3.61e+01
 40.00  -0.30 100.00   3.88    F  3.33e-05  3.61e+01
 40.00  -0.30 100.00   3.88   Ne  1.10e+00  3.61e+01
 40.00  -0.30 100.00   3.88   Mg  2.84e-01  3.61e+01
 40.00  -0.30 100.00   3.88   Si  3.68e-01  3.61e+01
 40.00  -0.30 100.00   3.88    S  1.39e-01  3.61e+01
 40.00  -0.30 100.00   3.88   Fe  9.06e-02  3.61e+01
 60.00  -0.30 100.00   5.01    p  1.72e+01  5.50e+01
 60.00  -0.30 100.00   5.01   He  1.99e+01  5.50e+01
 60.00  -0.30 100.00   5.01    C  3.29e+00  5.50e+01
 60.00  -0.30 100.00   5.01    N  1.11e-01  5.50e+01
 60.00  -0.30 100.00   5.01    O  1.18e+01  5.50e+01
 60.00  -0.30 100.00   5.01    F  2.64e-05  5.50e+01
 60.00  -0.30 100.00   5.01   Ne  1.44e+00  5.50e+01
 60.00  -0.30 100.00   5.01   Mg  4.15e-01  5.50e+01
 60.00  -0.30 100.00   5.01   Si  5.63e-01  5.50e+01
 60.00  -0.30 100.00   5.01    S  2.06e-01  5.50e+01
 60.00  -0.30 100.00   5.01   Fe  1.01e-01  5.50e+01
 80.00  -0.30 100.00   7.56    p  2.12e+01  7.24e+01
 80.00  -0.30 100.00   7.56   He  2.57e+01  7.24e+01
 80.00  -0.30 100.00   7.56    C  4.46e+00  7.24e+01
 80.00  -0.30 100.00   7.56    N  1.46e-01  7.24e+01
 80.00  -0.30 100.00   7.56    O  1.74e+01  7.24e+01
 80.00  -0.30 100.00   7.56    F  1.46e-05  7.24e+01
 80.00  -0.30 100.00   7.56   Ne  1.56e+00  7.24e+01
 80.00  -0.30 100.00   7.56   Mg  6.27e-01  7.24e+01
 80.00  -0.30 100.00   7.56   Si  9.12e-01  7.24e+01
 80.00  -0.30 100.00   7.56    S  3.21e-01  7.24e+01
 80.00  -0.30 100.00   7.56   Fe  1.11e-01  7.24e+01
120.00  -0.30 100.00   7.54    p  2.95e+01  1.12e+02
120.00  -0.30 100.00   7.54   He  5.00e+01  1.12e+02
120.00  -0.30 100.00   7.54    C  5.96e+00  1.12e+02
120.00  -0.30 100.00   7.54    N  2.64e-01  1.12e+02
120.00  -0.30 100.00   7.54    O  2.20e+01  1.12e+02
120.00  -0.30 100.00   7.54    F  1.22e-05  1.12e+02
120.00  -0.30 100.00   7.54   Ne  2.07e+00  1.12e+02
120.00  -0.30 100.00   7.54   Mg  1.18e+00  1.12e+02
120.00  -0.30 100.00   7.54   Si  1.15e+00  1.12e+02
120.00  -0.30 100.00   7.54    S  3.83e-01  1.12e+02
120.00  -0.30 100.00   7.54   Fe  1.33e-01  1.12e+02
