#---Details of Columns:
#    M0 (solMass)          (F6.2)  [1/6.5] Initial mass [ucd=phys.mass]
#    [Fe/H]                (F7.2)  Initial metallicity [ucd=phys.abund.Z]
#    vel (km/s)            (F7.2)  Initial rotation [ucd=phys.mass]
#    M1 (solMass)          (F7.2)  Final mass (1) [ucd=phys.mass]
#    El                    (a4)    Species i (2) [ucd=phys.atmol.element]
#    M(i)lost (solMass)    (D9.2)  Mass of species i lost in the wind [ucd=phys.mass]
#    M(i)lostall (solMass) (D9.2)  Total mass lost in the wind [ucd=phys.mass]
#----- ------ ------ ------ ---- --------- -----------
#M0                                                                 
#(sol         vel    M1 (so      M(i)lost  M(i)lostall
#Mass) Z0     (km/s) lMass) El   (solMass) (solMass)  
#----- ------ ------ ------ ---- --------- -----------
 13.00  -0.30 100.00   1.97    p  5.23e+00  1.10e+01
 13.00  -0.30 100.00   1.97   He  4.14e+00  1.10e+01
 13.00  -0.30 100.00   1.97    C  2.64e-01  1.10e+01
 13.00  -0.30 100.00   1.97    N  4.48e-02  1.10e+01
 13.00  -0.30 100.00   1.97    O  9.32e-01  1.10e+01
 13.00  -0.30 100.00   1.97    F  1.30e-05  1.10e+01
 13.00  -0.30 100.00   1.97   Ne  6.60e-02  1.10e+01
 13.00  -0.30 100.00   1.97   Mg  2.06e-02  1.10e+01
 13.00  -0.30 100.00   1.97   Si  1.07e-01  1.10e+01
 13.00  -0.30 100.00   1.97    S  7.83e-02  1.10e+01
 13.00  -0.30 100.00   1.97   Fe  7.77e-02  1.10e+01
 15.00  -0.30 100.00   2.19    p  5.76e+00  1.28e+01
 15.00  -0.30 100.00   2.19   He  4.61e+00  1.28e+01
 15.00  -0.30 100.00   2.19    C  3.43e-01  1.28e+01
 15.00  -0.30 100.00   2.19    N  5.49e-02  1.28e+01
 15.00  -0.30 100.00   2.19    O  1.52e+00  1.28e+01
 15.00  -0.30 100.00   2.19    F  1.84e-04  1.28e+01
 15.00  -0.30 100.00   2.19   Ne  1.16e-01  1.28e+01
 15.00  -0.30 100.00   2.19   Mg  3.91e-02  1.28e+01
 15.00  -0.30 100.00   2.19   Si  1.13e-01  1.28e+01
 15.00  -0.30 100.00   2.19    S  5.51e-02  1.28e+01
 15.00  -0.30 100.00   2.19   Fe  1.32e-01  1.28e+01
 20.00  -0.30 100.00   2.57    p  7.04e+00  1.74e+01
 20.00  -0.30 100.00   2.57   He  6.39e+00  1.74e+01
 20.00  -0.30 100.00   2.57    C  6.49e-01  1.74e+01
 20.00  -0.30 100.00   2.57    N  7.68e-02  1.74e+01
 20.00  -0.30 100.00   2.57    O  2.48e+00  1.74e+01
 20.00  -0.30 100.00   2.57    F  2.14e-04  1.74e+01
 20.00  -0.30 100.00   2.57   Ne  2.73e-01  1.74e+01
 20.00  -0.30 100.00   2.57   Mg  8.49e-02  1.74e+01
 20.00  -0.30 100.00   2.57   Si  1.93e-01  1.74e+01
 20.00  -0.30 100.00   2.57    S  7.10e-02  1.74e+01
 20.00  -0.30 100.00   2.57   Fe  8.07e-02  1.74e+01
 25.00  -0.30 100.00   2.71    p  8.54e+00  2.23e+01
 25.00  -0.30 100.00   2.71   He  7.79e+00  2.23e+01
 25.00  -0.30 100.00   2.71    C  8.58e-01  2.23e+01
 25.00  -0.30 100.00   2.71    N  6.16e-02  2.23e+01
 25.00  -0.30 100.00   2.71    O  3.82e+00  2.23e+01
 25.00  -0.30 100.00   2.71    F  2.30e-04  2.23e+01
 25.00  -0.30 100.00   2.71   Ne  5.93e-01  2.23e+01
 25.00  -0.30 100.00   2.71   Mg  1.33e-01  2.23e+01
 25.00  -0.30 100.00   2.71   Si  2.21e-01  2.23e+01
 25.00  -0.30 100.00   2.71    S  7.61e-02  2.23e+01
 25.00  -0.30 100.00   2.71   Fe  8.25e-02  2.23e+01
 30.00  -0.30 100.00  21.36    p  4.72e+00  8.64e+00
 30.00  -0.30 100.00  21.36   He  3.74e+00  8.64e+00
 30.00  -0.30 100.00  21.36    C  7.31e-02  8.64e+00
 30.00  -0.30 100.00  21.36    N  3.39e-02  8.64e+00
 30.00  -0.30 100.00  21.36    O  3.51e-02  8.64e+00
 30.00  -0.30 100.00  21.36    F  1.84e-06  8.64e+00
 30.00  -0.30 100.00  21.36   Ne  9.97e-03  8.64e+00
 30.00  -0.30 100.00  21.36   Mg  4.83e-03  8.64e+00
 30.00  -0.30 100.00  21.36   Si  4.70e-03  8.64e+00
 30.00  -0.30 100.00  21.36    S  2.16e-03  8.64e+00
 30.00  -0.30 100.00  21.36   Fe  8.68e-03  8.64e+00
 40.00  -0.30 100.00  20.37    p  1.08e+01  1.96e+01
 40.00  -0.30 100.00  20.37   He  8.46e+00  1.96e+01
 40.00  -0.30 100.00  20.37    C  1.20e-01  1.96e+01
 40.00  -0.30 100.00  20.37    N  6.32e-02  1.96e+01
 40.00  -0.30 100.00  20.37    O  5.16e-02  1.96e+01
 40.00  -0.30 100.00  20.37    F  2.57e-06  1.96e+01
 40.00  -0.30 100.00  20.37   Ne  1.55e-02  1.96e+01
 40.00  -0.30 100.00  20.37   Mg  7.61e-03  1.96e+01
 40.00  -0.30 100.00  20.37   Si  7.82e-03  1.96e+01
 40.00  -0.30 100.00  20.37    S  3.52e-03  1.96e+01
 40.00  -0.30 100.00  20.37   Fe  1.30e-02  1.96e+01
 60.00  -0.30 100.00  27.14    p  1.56e+01  3.29e+01
 60.00  -0.30 100.00  27.14   He  1.61e+01  3.29e+01
 60.00  -0.30 100.00  27.14    C  7.40e-01  3.29e+01
 60.00  -0.30 100.00  27.14    N  1.03e-01  3.29e+01
 60.00  -0.30 100.00  27.14    O  1.45e-01  3.29e+01
 60.00  -0.30 100.00  27.14    F  7.64e-06  3.29e+01
 60.00  -0.30 100.00  27.14   Ne  3.66e-02  3.29e+01
 60.00  -0.30 100.00  27.14   Mg  1.22e-02  3.29e+01
 60.00  -0.30 100.00  27.14   Si  1.27e-02  3.29e+01
 60.00  -0.30 100.00  27.14    S  5.72e-03  3.29e+01
 60.00  -0.30 100.00  27.14   Fe  2.09e-02  3.29e+01
 80.00  -0.30 100.00  33.49    p  2.12e+01  4.65e+01
 80.00  -0.30 100.00  33.49   He  2.34e+01  4.65e+01
 80.00  -0.30 100.00  33.49    C  1.32e+00  4.65e+01
 80.00  -0.30 100.00  33.49    N  1.45e-01  4.65e+01
 80.00  -0.30 100.00  33.49    O  2.66e-01  4.65e+01
 80.00  -0.30 100.00  33.49    F  6.54e-06  4.65e+01
 80.00  -0.30 100.00  33.49   Ne  5.69e-02  4.65e+01
 80.00  -0.30 100.00  33.49   Mg  1.67e-02  4.65e+01
 80.00  -0.30 100.00  33.49   Si  1.75e-02  4.65e+01
 80.00  -0.30 100.00  33.49    S  7.86e-03  4.65e+01
 80.00  -0.30 100.00  33.49   Fe  2.84e-02  4.65e+01
120.00  -0.30 100.00  39.08    p  2.95e+01  8.09e+01
120.00  -0.30 100.00  39.08   He  4.91e+01  8.09e+01
120.00  -0.30 100.00  39.08    C  1.59e+00  8.09e+01
120.00  -0.30 100.00  39.08    N  2.64e-01  8.09e+01
120.00  -0.30 100.00  39.08    O  2.86e-01  8.09e+01
120.00  -0.30 100.00  39.08    F  1.20e-05  8.09e+01
120.00  -0.30 100.00  39.08   Ne  9.23e-02  8.09e+01
120.00  -0.30 100.00  39.08   Mg  2.76e-02  8.09e+01
120.00  -0.30 100.00  39.08   Si  2.97e-02  8.09e+01
120.00  -0.30 100.00  39.08    S  1.33e-02  8.09e+01
120.00  -0.30 100.00  39.08   Fe  4.78e-02  8.09e+01
