#---Details of Columns:
#    M0 (solMass)          (F6.2)  [1/6.5] Initial mass [ucd=phys.mass]
#    [Fe/H]                (F7.2)  Initial metallicity [ucd=phys.abund.Z]
#    vel (km/s)            (F7.2)  Initial rotation [ucd=phys.mass]
#    M1 (solMass)          (F7.2)  Final mass (1) [ucd=phys.mass]
#    El                    (a4)    Species i (2) [ucd=phys.atmol.element]
#    M(i)lost (solMass)    (D9.2)  Mass of species i lost in the wind [ucd=phys.mass]
#    M(i)lostall (solMass) (D9.2)  Total mass lost in the wind [ucd=phys.mass]
#----- ------ ------ ------ ---- --------- -----------
#M0                                                                 
#(sol         vel    M1 (so      M(i)lost  M(i)lostall
#Mass) Z0     (km/s) lMass) El   (solMass) (solMass)  
#----- ------ ------ ------ ---- --------- -----------
 13.00  -1.00 150.00   2.14    p  4.75e+00  1.09e+01
 13.00  -1.00 150.00   2.14   He  3.91e+00  1.09e+01
 13.00  -1.00 150.00   2.14    C  3.15e-01  1.09e+01
 13.00  -1.00 150.00   2.14    N  6.93e-02  1.09e+01
 13.00  -1.00 150.00   2.14    O  1.24e+00  1.09e+01
 13.00  -1.00 150.00   2.14    F  2.09e-05  1.09e+01
 13.00  -1.00 150.00   2.14   Ne  8.22e-02  1.09e+01
 13.00  -1.00 150.00   2.14   Mg  1.85e-02  1.09e+01
 13.00  -1.00 150.00   2.14   Si  1.44e-01  1.09e+01
 13.00  -1.00 150.00   2.14    S  1.36e-01  1.09e+01
 13.00  -1.00 150.00   2.14   Fe  7.39e-02  1.09e+01
 15.00  -1.00 150.00   2.40    p  5.21e+00  1.26e+01
 15.00  -1.00 150.00   2.40   He  4.49e+00  1.26e+01
 15.00  -1.00 150.00   2.40    C  4.06e-01  1.26e+01
 15.00  -1.00 150.00   2.40    N  9.03e-02  1.26e+01
 15.00  -1.00 150.00   2.40    O  1.88e+00  1.26e+01
 15.00  -1.00 150.00   2.40    F  8.10e-05  1.26e+01
 15.00  -1.00 150.00   2.40   Ne  1.30e-01  1.26e+01
 15.00  -1.00 150.00   2.40   Mg  4.00e-02  1.26e+01
 15.00  -1.00 150.00   2.40   Si  1.14e-01  1.26e+01
 15.00  -1.00 150.00   2.40    S  6.65e-02  1.26e+01
 15.00  -1.00 150.00   2.40   Fe  7.57e-02  1.26e+01
 20.00  -1.00 150.00   2.98    p  6.27e+00  1.70e+01
 20.00  -1.00 150.00   2.98   He  5.96e+00  1.70e+01
 20.00  -1.00 150.00   2.98    C  5.95e-01  1.70e+01
 20.00  -1.00 150.00   2.98    N  1.23e-01  1.70e+01
 20.00  -1.00 150.00   2.98    O  3.30e+00  1.70e+01
 20.00  -1.00 150.00   2.98    F  4.26e-04  1.70e+01
 20.00  -1.00 150.00   2.98   Ne  2.04e-01  1.70e+01
 20.00  -1.00 150.00   2.98   Mg  6.73e-02  1.70e+01
 20.00  -1.00 150.00   2.98   Si  2.24e-01  1.70e+01
 20.00  -1.00 150.00   2.98    S  8.36e-02  1.70e+01
 20.00  -1.00 150.00   2.98   Fe  7.33e-02  1.70e+01
 25.00  -1.00 150.00   2.79    p  7.85e+00  2.22e+01
 25.00  -1.00 150.00   2.79   He  7.41e+00  2.22e+01
 25.00  -1.00 150.00   2.79    C  7.05e-01  2.22e+01
 25.00  -1.00 150.00   2.79    N  7.40e-02  2.22e+01
 25.00  -1.00 150.00   2.79    O  4.83e+00  2.22e+01
 25.00  -1.00 150.00   2.79    F  5.13e-04  2.22e+01
 25.00  -1.00 150.00   2.79   Ne  6.74e-01  2.22e+01
 25.00  -1.00 150.00   2.79   Mg  1.46e-01  2.22e+01
 25.00  -1.00 150.00   2.79   Si  2.20e-01  2.22e+01
 25.00  -1.00 150.00   2.79    S  7.64e-02  2.22e+01
 25.00  -1.00 150.00   2.79   Fe  7.39e-02  2.22e+01
 30.00  -1.00 150.00  25.90    p  2.64e+00  4.10e+00
 30.00  -1.00 150.00  25.90   He  1.45e+00  4.10e+00
 30.00  -1.00 150.00  25.90    C  9.02e-04  4.10e+00
 30.00  -1.00 150.00  25.90    N  4.09e-03  4.10e+00
 30.00  -1.00 150.00  25.90    O  5.18e-03  4.10e+00
 30.00  -1.00 150.00  25.90    F  1.20e-07  4.10e+00
 30.00  -1.00 150.00  25.90   Ne  4.86e-04  4.10e+00
 30.00  -1.00 150.00  25.90   Mg  5.10e-04  4.10e+00
 30.00  -1.00 150.00  25.90   Si  7.06e-04  4.10e+00
 30.00  -1.00 150.00  25.90    S  2.86e-04  4.10e+00
 30.00  -1.00 150.00  25.90   Fe  5.34e-04  4.10e+00
 40.00  -1.00 150.00  21.32    p  1.10e+01  1.87e+01
 40.00  -1.00 150.00  21.32   He  7.60e+00  1.87e+01
 40.00  -1.00 150.00  21.32    C  1.34e-03  1.87e+01
 40.00  -1.00 150.00  21.32    N  3.11e-02  1.87e+01
 40.00  -1.00 150.00  21.32    O  1.33e-02  1.87e+01
 40.00  -1.00 150.00  21.32    F  1.48e-07  1.87e+01
 40.00  -1.00 150.00  21.32   Ne  2.11e-03  1.87e+01
 40.00  -1.00 150.00  21.32   Mg  2.29e-03  1.87e+01
 40.00  -1.00 150.00  21.32   Si  3.22e-03  1.87e+01
 40.00  -1.00 150.00  21.32    S  1.30e-03  1.87e+01
 40.00  -1.00 150.00  21.32   Fe  2.43e-03  1.87e+01
 60.00  -1.00 150.00  26.41    p  1.57e+01  3.36e+01
 60.00  -1.00 150.00  26.41   He  1.66e+01  3.36e+01
 60.00  -1.00 150.00  26.41    C  9.99e-01  3.36e+01
 60.00  -1.00 150.00  26.41    N  4.77e-02  3.36e+01
 60.00  -1.00 150.00  26.41    O  1.60e-01  3.36e+01
 60.00  -1.00 150.00  26.41    F  3.40e-06  3.36e+01
 60.00  -1.00 150.00  26.41   Ne  1.67e-02  3.36e+01
 60.00  -1.00 150.00  26.41   Mg  4.00e-03  3.36e+01
 60.00  -1.00 150.00  26.41   Si  5.79e-03  3.36e+01
 60.00  -1.00 150.00  26.41    S  2.34e-03  3.36e+01
 60.00  -1.00 150.00  26.41   Fe  4.37e-03  3.36e+01
 80.00  -1.00 150.00  37.61    p  1.89e+01  4.24e+01
 80.00  -1.00 150.00  37.61   He  2.12e+01  4.24e+01
 80.00  -1.00 150.00  37.61    C  1.83e+00  4.24e+01
 80.00  -1.00 150.00  37.61    N  5.80e-02  4.24e+01
 80.00  -1.00 150.00  37.61    O  3.41e-01  4.24e+01
 80.00  -1.00 150.00  37.61    F  3.40e-06  4.24e+01
 80.00  -1.00 150.00  37.61   Ne  2.57e-02  4.24e+01
 80.00  -1.00 150.00  37.61   Mg  5.10e-03  4.24e+01
 80.00  -1.00 150.00  37.61   Si  7.32e-03  4.24e+01
 80.00  -1.00 150.00  37.61    S  2.96e-03  4.24e+01
 80.00  -1.00 150.00  37.61   Fe  5.50e-03  4.24e+01
120.00  -1.00 150.00  42.71    p  2.51e+01  7.73e+01
120.00  -1.00 150.00  42.71   He  4.98e+01  7.73e+01
120.00  -1.00 150.00  42.71    C  1.92e+00  7.73e+01
120.00  -1.00 150.00  42.71    N  1.22e-01  7.73e+01
120.00  -1.00 150.00  42.71    O  2.90e-01  7.73e+01
120.00  -1.00 150.00  42.71    F  6.54e-06  7.73e+01
120.00  -1.00 150.00  42.71   Ne  3.54e-02  7.73e+01
120.00  -1.00 150.00  42.71   Mg  8.79e-03  7.73e+01
120.00  -1.00 150.00  42.71   Si  1.33e-02  7.73e+01
120.00  -1.00 150.00  42.71    S  5.39e-03  7.73e+01
120.00  -1.00 150.00  42.71   Fe  1.00e-02  7.73e+01
