#---Details of Columns:
#    M0 (solMass)          (F6.2)  [1/6.5] Initial mass [ucd=phys.mass]
#    [Fe/H]                (F7.2)  Initial metallicity [ucd=phys.abund.Z]
#    vel (km/s)            (F7.2)  Initial rotation [ucd=phys.mass]
#    M1 (solMass)          (F7.2)  Final mass (1) [ucd=phys.mass]
#    El                    (a4)    Species i (2) [ucd=phys.atmol.element]
#    M(i)lost (solMass)    (D9.2)  Mass of species i lost in the wind [ucd=phys.mass]
#    M(i)lostall (solMass) (D9.2)  Total mass lost in the wind [ucd=phys.mass]
#----- ------ ------ ------ ---- --------- -----------
#M0                                                                 
#(sol         vel    M1 (so      M(i)lost  M(i)lostall
#Mass) Z0     (km/s) lMass) El   (solMass) (solMass)  
#----- ------ ------ ------ ---- --------- -----------
 13.00  -2.00  50.00   1.88    p  5.78e+00  1.11e+01
 13.00  -2.00  50.00   1.88   He  4.24e+00  1.11e+01
 13.00  -2.00  50.00   1.88    C  2.03e-01  1.11e+01
 13.00  -2.00  50.00   1.88    N  1.46e-02  1.11e+01
 13.00  -2.00  50.00   1.88    O  6.78e-01  1.11e+01
 13.00  -2.00  50.00   1.88    F  2.78e-05  1.11e+01
 13.00  -2.00  50.00   1.88   Ne  3.85e-02  1.11e+01
 13.00  -2.00  50.00   1.88   Mg  1.68e-02  1.11e+01
 13.00  -2.00  50.00   1.88   Si  6.72e-02  1.11e+01
 13.00  -2.00  50.00   1.88    S  2.47e-02  1.11e+01
 13.00  -2.00  50.00   1.88   Fe  7.30e-02  1.11e+01
 15.00  -2.00  50.00   2.04    p  6.48e+00  1.30e+01
 15.00  -2.00  50.00   2.04   He  4.68e+00  1.30e+01
 15.00  -2.00  50.00   2.04    C  3.06e-01  1.30e+01
 15.00  -2.00  50.00   2.04    N  1.23e-02  1.30e+01
 15.00  -2.00  50.00   2.04    O  1.11e+00  1.30e+01
 15.00  -2.00  50.00   2.04    F  3.44e-04  1.30e+01
 15.00  -2.00  50.00   2.04   Ne  5.20e-02  1.30e+01
 15.00  -2.00  50.00   2.04   Mg  1.92e-02  1.30e+01
 15.00  -2.00  50.00   2.04   Si  1.32e-01  1.30e+01
 15.00  -2.00  50.00   2.04    S  9.33e-02  1.30e+01
 15.00  -2.00  50.00   2.04   Fe  7.32e-02  1.30e+01
 20.00  -2.00  50.00   2.25    p  8.23e+00  1.78e+01
 20.00  -2.00  50.00   2.25   He  6.36e+00  1.78e+01
 20.00  -2.00  50.00   2.25    C  4.59e-01  1.78e+01
 20.00  -2.00  50.00   2.25    N  2.36e-02  1.78e+01
 20.00  -2.00  50.00   2.25    O  1.97e+00  1.78e+01
 20.00  -2.00  50.00   2.25    F  2.41e-04  1.78e+01
 20.00  -2.00  50.00   2.25   Ne  3.72e-01  1.78e+01
 20.00  -2.00  50.00   2.25   Mg  8.77e-02  1.78e+01
 20.00  -2.00  50.00   2.25   Si  1.25e-01  1.78e+01
 20.00  -2.00  50.00   2.25    S  4.01e-02  1.78e+01
 20.00  -2.00  50.00   2.25   Fe  7.33e-02  1.78e+01
 25.00  -2.00  50.00   2.53    p  9.82e+00  2.25e+01
 25.00  -2.00  50.00   2.53   He  7.70e+00  2.25e+01
 25.00  -2.00  50.00   2.53    C  6.33e-01  2.25e+01
 25.00  -2.00  50.00   2.53    N  2.02e-02  2.25e+01
 25.00  -2.00  50.00   2.53    O  3.25e+00  2.25e+01
 25.00  -2.00  50.00   2.53    F  6.23e-05  2.25e+01
 25.00  -2.00  50.00   2.53   Ne  6.53e-01  2.25e+01
 25.00  -2.00  50.00   2.53   Mg  1.20e-01  2.25e+01
 25.00  -2.00  50.00   2.53   Si  1.51e-01  2.25e+01
 25.00  -2.00  50.00   2.53    S  4.50e-02  2.25e+01
 25.00  -2.00  50.00   2.53   Fe  7.29e-02  2.25e+01
 30.00  -2.00  50.00   2.92    p  1.10e+01  2.71e+01
 30.00  -2.00  50.00   2.92   He  8.91e+00  2.71e+01
 30.00  -2.00  50.00   2.92    C  1.02e+00  2.71e+01
 30.00  -2.00  50.00   2.92    N  1.08e-02  2.71e+01
 30.00  -2.00  50.00   2.92    O  4.73e+00  2.71e+01
 30.00  -2.00  50.00   2.92    F  4.41e-04  2.71e+01
 30.00  -2.00  50.00   2.92   Ne  8.73e-01  2.71e+01
 30.00  -2.00  50.00   2.92   Mg  1.51e-01  2.71e+01
 30.00  -2.00  50.00   2.92   Si  2.01e-01  2.71e+01
 30.00  -2.00  50.00   2.92    S  5.84e-02  2.71e+01
 30.00  -2.00  50.00   2.92   Fe  7.26e-02  2.71e+01
 40.00  -2.00  50.00   4.04    p  1.35e+01  3.60e+01
 40.00  -2.00  50.00   4.04   He  1.10e+01  3.60e+01
 40.00  -2.00  50.00   4.04    C  1.50e+00  3.60e+01
 40.00  -2.00  50.00   4.04    N  4.08e-03  3.60e+01
 40.00  -2.00  50.00   4.04    O  8.21e+00  3.60e+01
 40.00  -2.00  50.00   4.04    F  6.47e-05  3.60e+01
 40.00  -2.00  50.00   4.04   Ne  9.92e-01  3.60e+01
 40.00  -2.00  50.00   4.04   Mg  2.42e-01  3.60e+01
 40.00  -2.00  50.00   4.04   Si  3.45e-01  3.60e+01
 40.00  -2.00  50.00   4.04    S  1.08e-01  3.60e+01
 40.00  -2.00  50.00   4.04   Fe  7.30e-02  3.60e+01
 60.00  -2.00  50.00   6.47    p  1.76e+01  5.35e+01
 60.00  -2.00  50.00   6.47   He  1.55e+01  5.35e+01
 60.00  -2.00  50.00   6.47    C  2.29e+00  5.35e+01
 60.00  -2.00  50.00   6.47    N  7.32e-03  5.35e+01
 60.00  -2.00  50.00   6.47    O  1.53e+01  5.35e+01
 60.00  -2.00  50.00   6.47    F  5.93e-05  5.35e+01
 60.00  -2.00  50.00   6.47   Ne  1.26e+00  5.35e+01
 60.00  -2.00  50.00   6.47   Mg  5.96e-01  5.35e+01
 60.00  -2.00  50.00   6.47   Si  6.45e-01  5.35e+01
 60.00  -2.00  50.00   6.47    S  2.06e-01  5.35e+01
 60.00  -2.00  50.00   6.47   Fe  7.38e-02  5.35e+01
 80.00  -2.00  50.00   7.44    p  2.22e+01  7.26e+01
 80.00  -2.00  50.00   7.44   He  2.11e+01  7.26e+01
 80.00  -2.00  50.00   7.44    C  2.92e+00  7.26e+01
 80.00  -2.00  50.00   7.44    N  9.81e-03  7.26e+01
 80.00  -2.00  50.00   7.44    O  2.26e+01  7.26e+01
 80.00  -2.00  50.00   7.44    F  1.03e-04  7.26e+01
 80.00  -2.00  50.00   7.44   Ne  1.64e+00  7.26e+01
 80.00  -2.00  50.00   7.44   Mg  8.22e-01  7.26e+01
 80.00  -2.00  50.00   7.44   Si  9.28e-01  7.26e+01
 80.00  -2.00  50.00   7.44    S  3.01e-01  7.26e+01
 80.00  -2.00  50.00   7.44   Fe  7.51e-02  7.26e+01
120.00  -2.00  50.00  11.79    p  2.93e+01  1.08e+02
120.00  -2.00  50.00  11.79   He  3.30e+01  1.08e+02
120.00  -2.00  50.00  11.79    C  4.13e+00  1.08e+02
120.00  -2.00  50.00  11.79    N  3.04e-02  1.08e+02
120.00  -2.00  50.00  11.79    O  3.80e+01  1.08e+02
120.00  -2.00  50.00  11.79    F  1.41e-06  1.08e+02
120.00  -2.00  50.00  11.79   Ne  2.33e+00  1.08e+02
120.00  -2.00  50.00  11.79   Mg  6.51e-01  1.08e+02
120.00  -2.00  50.00  11.79   Si  4.87e-01  1.08e+02
120.00  -2.00  50.00  11.79    S  1.59e-01  1.08e+02
120.00  -2.00  50.00  11.79   Fe  6.50e-02  1.08e+02
