#---Details of Columns:
#    M0 (solMass)          (F6.2)  [1/6.5] Initial mass [ucd=phys.mass]
#    [Fe/H]                (F7.2)  Initial metallicity [ucd=phys.abund.Z]
#    vel (km/s)            (F7.2)  Initial rotation [ucd=phys.mass]
#    M1 (solMass)          (F7.2)  Final mass (1) [ucd=phys.mass]
#    El                    (a4)    Species i (2) [ucd=phys.atmol.element]
#    M(i)lost (solMass)    (D9.2)  Mass of species i lost in the wind [ucd=phys.mass]
#    M(i)lostall (solMass) (D9.2)  Total mass lost in the wind [ucd=phys.mass]
#----- ------ ------ ------ ---- --------- -----------
#M0                                                                 
#(sol         vel    M1 (so      M(i)lost  M(i)lostall
#Mass) Z0     (km/s) lMass) El   (solMass) (solMass)  
#----- ------ ------ ------ ---- --------- -----------
 13.00   0.30 150.00   2.30    p  4.73e+00  1.07e+01
 13.00   0.30 150.00   2.30   He  3.94e+00  1.07e+01
 13.00   0.30 150.00   2.30    C  3.69e-01  1.07e+01
 13.00   0.30 150.00   2.30    N  3.93e-02  1.07e+01
 13.00   0.30 150.00   2.30    O  1.31e+00  1.07e+01
 13.00   0.30 150.00   2.30    F  1.44e-05  1.07e+01
 13.00   0.30 150.00   2.30   Ne  5.73e-02  1.07e+01
 13.00   0.30 150.00   2.30   Mg  2.24e-02  1.07e+01
 13.00   0.30 150.00   2.30   Si  1.06e-01  1.07e+01
 13.00   0.30 150.00   2.30    S  5.05e-02  1.07e+01
 13.00   0.30 150.00   2.30   Fe  8.81e-02  1.07e+01
 15.00   0.30 150.00   2.50    p  5.12e+00  1.25e+01
 15.00   0.30 150.00   2.50   He  4.47e+00  1.25e+01
 15.00   0.30 150.00   2.50    C  3.66e-01  1.25e+01
 15.00   0.30 150.00   2.50    N  4.11e-02  1.25e+01
 15.00   0.30 150.00   2.50    O  1.93e+00  1.25e+01
 15.00   0.30 150.00   2.50    F  6.51e-04  1.25e+01
 15.00   0.30 150.00   2.50   Ne  9.29e-02  1.25e+01
 15.00   0.30 150.00   2.50   Mg  3.97e-02  1.25e+01
 15.00   0.30 150.00   2.50   Si  1.17e-01  1.25e+01
 15.00   0.30 150.00   2.50    S  5.58e-02  1.25e+01
 15.00   0.30 150.00   2.50   Fe  3.19e-01  1.25e+01
 20.00   0.30 150.00   3.00    p  6.22e+00  1.70e+01
 20.00   0.30 150.00   3.00   He  6.37e+00  1.70e+01
 20.00   0.30 150.00   3.00    C  1.11e+00  1.70e+01
 20.00   0.30 150.00   3.00    N  6.80e-02  1.70e+01
 20.00   0.30 150.00   3.00    O  2.62e+00  1.70e+01
 20.00   0.30 150.00   3.00    F  1.14e-04  1.70e+01
 20.00   0.30 150.00   3.00   Ne  1.38e-01  1.70e+01
 20.00   0.30 150.00   3.00   Mg  6.18e-02  1.70e+01
 20.00   0.30 150.00   3.00   Si  2.32e-01  1.70e+01
 20.00   0.30 150.00   3.00    S  9.76e-02  1.70e+01
 20.00   0.30 150.00   3.00   Fe  9.54e-02  1.70e+01
 25.00   0.30 150.00   2.90    p  7.59e+00  2.21e+01
 25.00   0.30 150.00   2.90   He  8.29e+00  2.21e+01
 25.00   0.30 150.00   2.90    C  1.44e+00  2.21e+01
 25.00   0.30 150.00   2.90    N  8.61e-02  2.21e+01
 25.00   0.30 150.00   2.90    O  3.64e+00  2.21e+01
 25.00   0.30 150.00   2.90    F  1.59e-05  2.21e+01
 25.00   0.30 150.00   2.90   Ne  4.03e-01  2.21e+01
 25.00   0.30 150.00   2.90   Mg  1.35e-01  2.21e+01
 25.00   0.30 150.00   2.90   Si  3.07e-01  2.21e+01
 25.00   0.30 150.00   2.90    S  1.08e-01  2.21e+01
 25.00   0.30 150.00   2.90   Fe  1.02e-01  2.21e+01
 30.00   0.30 150.00   2.60    p  8.61e+00  2.74e+01
 30.00   0.30 150.00   2.60   He  1.01e+01  2.74e+01
 30.00   0.30 150.00   2.60    C  1.69e+00  2.74e+01
 30.00   0.30 150.00   2.60    N  1.08e-01  2.74e+01
 30.00   0.30 150.00   2.60    O  5.13e+00  2.74e+01
 30.00   0.30 150.00   2.60    F  8.34e-06  2.74e+01
 30.00   0.30 150.00   2.60   Ne  1.11e+00  2.74e+01
 30.00   0.30 150.00   2.60   Mg  2.42e-01  2.74e+01
 30.00   0.30 150.00   2.60   Si  2.50e-01  2.74e+01
 30.00   0.30 150.00   2.60    S  9.18e-02  2.74e+01
 30.00   0.30 150.00   2.60   Fe  1.06e-01  2.74e+01
 40.00   0.30 150.00   3.20    p  1.14e+01  3.68e+01
 40.00   0.30 150.00   3.20   He  1.45e+01  3.68e+01
 40.00   0.30 150.00   3.20    C  2.26e+00  3.68e+01
 40.00   0.30 150.00   3.20    N  1.62e-01  3.68e+01
 40.00   0.30 150.00   3.20    O  6.47e+00  3.68e+01
 40.00   0.30 150.00   3.20    F  1.22e-05  3.68e+01
 40.00   0.30 150.00   3.20   Ne  1.17e+00  3.68e+01
 40.00   0.30 150.00   3.20   Mg  2.66e-01  3.68e+01
 40.00   0.30 150.00   3.20   Si  3.07e-01  3.68e+01
 40.00   0.30 150.00   3.20    S  1.25e-01  3.68e+01
 40.00   0.30 150.00   3.20   Fe  1.15e-01  3.68e+01
 60.00   0.30 150.00   4.50    p  1.67e+01  5.55e+01
 60.00   0.30 150.00   4.50   He  2.27e+01  5.55e+01
 60.00   0.30 150.00   4.50    C  3.37e+00  5.55e+01
 60.00   0.30 150.00   4.50    N  2.42e-01  5.55e+01
 60.00   0.30 150.00   4.50    O  9.75e+00  5.55e+01
 60.00   0.30 150.00   4.50    F  2.08e-05  5.55e+01
 60.00   0.30 150.00   4.50   Ne  1.47e+00  5.55e+01
 60.00   0.30 150.00   4.50   Mg  4.13e-01  5.55e+01
 60.00   0.30 150.00   4.50   Si  4.86e-01  5.55e+01
 60.00   0.30 150.00   4.50    S  2.09e-01  5.55e+01
 60.00   0.30 150.00   4.50   Fe  1.38e-01  5.55e+01
 80.00   0.30 150.00   5.80    p  2.19e+01  7.42e+01
 80.00   0.30 150.00   5.80   He  3.10e+01  7.42e+01
 80.00   0.30 150.00   5.80    C  4.55e+00  7.42e+01
 80.00   0.30 150.00   5.80    N  3.35e-01  7.42e+01
 80.00   0.30 150.00   5.80    O  1.32e+01  7.42e+01
 80.00   0.30 150.00   5.80    F  1.45e-05  7.42e+01
 80.00   0.30 150.00   5.80   Ne  1.44e+00  7.42e+01
 80.00   0.30 150.00   5.80   Mg  5.01e-01  7.42e+01
 80.00   0.30 150.00   5.80   Si  7.18e-01  7.42e+01
 80.00   0.30 150.00   5.80    S  3.09e-01  7.42e+01
 80.00   0.30 150.00   5.80   Fe  1.62e-01  7.42e+01
120.00   0.30 150.00   6.00    p  3.23e+01  1.14e+02
120.00   0.30 150.00   6.00   He  5.84e+01  1.14e+02
120.00   0.30 150.00   6.00    C  5.55e+00  1.14e+02
120.00   0.30 150.00   6.00    N  5.71e-01  1.14e+02
120.00   0.30 150.00   6.00    O  1.42e+01  1.14e+02
120.00   0.30 150.00   6.00    F  2.66e-05  1.14e+02
120.00   0.30 150.00   6.00   Ne  1.23e+00  1.14e+02
120.00   0.30 150.00   6.00   Mg  5.85e-01  1.14e+02
120.00   0.30 150.00   6.00   Si  7.98e-01  1.14e+02
120.00   0.30 150.00   6.00    S  2.98e-01  1.14e+02
120.00   0.30 150.00   6.00   Fe  2.10e-01  1.14e+02
