#---Details of Columns:
#    M0 (solMass)          (F6.2)  [1/6.5] Initial mass [ucd=phys.mass]
#    [Fe/H]                (F7.2)  Initial metallicity [ucd=phys.abund.Z]
#    vel (km/s)            (F7.2)  Initial rotation [ucd=phys.mass]
#    M1 (solMass)          (F7.2)  Final mass (1) [ucd=phys.mass]
#    El                    (a4)    Species i (2) [ucd=phys.atmol.element]
#    M(i)lost (solMass)    (D9.2)  Mass of species i lost in the wind [ucd=phys.mass]
#    M(i)lostall (solMass) (D9.2)  Total mass lost in the wind [ucd=phys.mass]
#----- ------ ------ ------ ---- --------- -----------
#M0                                                                 
#(sol         vel    M1 (so      M(i)lost  M(i)lostall
#Mass) Z0     (km/s) lMass) El   (solMass) (solMass)  
#----- ------ ------ ------ ---- --------- -----------
 13.00  -1.00 300.00   2.44    p  4.41e+00  1.06e+01
 13.00  -1.00 300.00   2.44   He  3.67e+00  1.06e+01
 13.00  -1.00 300.00   2.44    C  1.50e-01  1.06e+01
 13.00  -1.00 300.00   2.44    N  6.42e-02  1.06e+01
 13.00  -1.00 300.00   2.44    O  1.32e+00  1.06e+01
 13.00  -1.00 300.00   2.44    F  2.56e-05  1.06e+01
 13.00  -1.00 300.00   2.44   Ne  1.23e-01  1.06e+01
 13.00  -1.00 300.00   2.44   Mg  5.34e-02  1.06e+01
 13.00  -1.00 300.00   2.44   Si  3.75e-01  1.06e+01
 13.00  -1.00 300.00   2.44    S  3.28e-01  1.06e+01
 13.00  -1.00 300.00   2.44   Fe  9.33e-02  1.06e+01
 15.00  -1.00 300.00   2.60    p  4.99e+00  1.24e+01
 15.00  -1.00 300.00   2.60   He  4.27e+00  1.24e+01
 15.00  -1.00 300.00   2.60    C  1.94e-01  1.24e+01
 15.00  -1.00 300.00   2.60    N  6.72e-02  1.24e+01
 15.00  -1.00 300.00   2.60    O  1.72e+00  1.24e+01
 15.00  -1.00 300.00   2.60    F  7.28e-05  1.24e+01
 15.00  -1.00 300.00   2.60   Ne  1.52e-01  1.24e+01
 15.00  -1.00 300.00   2.60   Mg  6.71e-02  1.24e+01
 15.00  -1.00 300.00   2.60   Si  4.43e-01  1.24e+01
 15.00  -1.00 300.00   2.60    S  3.81e-01  1.24e+01
 15.00  -1.00 300.00   2.60   Fe  9.89e-02  1.24e+01
 20.00  -1.00 300.00   3.52    p  6.29e+00  1.65e+01
 20.00  -1.00 300.00   3.52   He  5.36e+00  1.65e+01
 20.00  -1.00 300.00   3.52    C  4.38e-01  1.65e+01
 20.00  -1.00 300.00   3.52    N  3.21e-02  1.65e+01
 20.00  -1.00 300.00   3.52    O  3.58e+00  1.65e+01
 20.00  -1.00 300.00   3.52    F  2.21e-04  1.65e+01
 20.00  -1.00 300.00   3.52   Ne  2.67e-01  1.65e+01
 20.00  -1.00 300.00   3.52   Mg  9.86e-02  1.65e+01
 20.00  -1.00 300.00   3.52   Si  2.00e-01  1.65e+01
 20.00  -1.00 300.00   3.52    S  1.11e-01  1.65e+01
 20.00  -1.00 300.00   3.52   Fe  7.83e-02  1.65e+01
 25.00  -1.00 300.00   3.49    p  7.82e+00  2.15e+01
 25.00  -1.00 300.00   3.49   He  5.45e+00  2.15e+01
 25.00  -1.00 300.00   3.49    C  9.82e-01  2.15e+01
 25.00  -1.00 300.00   3.49    N  2.81e-02  2.15e+01
 25.00  -1.00 300.00   3.49    O  5.84e+00  2.15e+01
 25.00  -1.00 300.00   3.49    F  8.75e-04  2.15e+01
 25.00  -1.00 300.00   3.49   Ne  8.34e-01  2.15e+01
 25.00  -1.00 300.00   3.49   Mg  1.55e-01  2.15e+01
 25.00  -1.00 300.00   3.49   Si  2.67e-01  2.15e+01
 25.00  -1.00 300.00   3.49    S  9.48e-02  2.15e+01
 25.00  -1.00 300.00   3.49   Fe  7.51e-02  2.15e+01
 30.00  -1.00 300.00   3.88    p  9.01e+00  2.61e+01
 30.00  -1.00 300.00   3.88   He  6.53e+00  2.61e+01
 30.00  -1.00 300.00   3.88    C  1.56e+00  2.61e+01
 30.00  -1.00 300.00   3.88    N  3.20e-02  2.61e+01
 30.00  -1.00 300.00   3.88    O  7.25e+00  2.61e+01
 30.00  -1.00 300.00   3.88    F  1.03e-03  2.61e+01
 30.00  -1.00 300.00   3.88   Ne  9.86e-01  2.61e+01
 30.00  -1.00 300.00   3.88   Mg  2.01e-01  2.61e+01
 30.00  -1.00 300.00   3.88   Si  3.39e-01  2.61e+01
 30.00  -1.00 300.00   3.88    S  1.23e-01  2.61e+01
 30.00  -1.00 300.00   3.88   Fe  7.49e-02  2.61e+01
 40.00  -1.00 300.00   5.29    p  1.11e+01  3.47e+01
 40.00  -1.00 300.00   5.29   He  7.22e+00  3.47e+01
 40.00  -1.00 300.00   5.29    C  2.29e+00  3.47e+01
 40.00  -1.00 300.00   5.29    N  7.04e-02  3.47e+01
 40.00  -1.00 300.00   5.29    O  1.14e+01  3.47e+01
 40.00  -1.00 300.00   5.29    F  3.66e-04  3.47e+01
 40.00  -1.00 300.00   5.29   Ne  1.41e+00  3.47e+01
 40.00  -1.00 300.00   5.29   Mg  4.46e-01  3.47e+01
 40.00  -1.00 300.00   5.29   Si  4.71e-01  3.47e+01
 40.00  -1.00 300.00   5.29    S  1.68e-01  3.47e+01
 40.00  -1.00 300.00   5.29   Fe  7.54e-02  3.47e+01
 60.00  -1.00 300.00   7.42    p  1.44e+01  5.26e+01
 60.00  -1.00 300.00   7.42   He  1.16e+01  5.26e+01
 60.00  -1.00 300.00   7.42    C  3.81e+00  5.26e+01
 60.00  -1.00 300.00   7.42    N  7.88e-02  5.26e+01
 60.00  -1.00 300.00   7.42    O  1.89e+01  5.26e+01
 60.00  -1.00 300.00   7.42    F  1.10e-04  5.26e+01
 60.00  -1.00 300.00   7.42   Ne  1.81e+00  5.26e+01
 60.00  -1.00 300.00   7.42   Mg  7.14e-01  5.26e+01
 60.00  -1.00 300.00   7.42   Si  9.20e-01  5.26e+01
 60.00  -1.00 300.00   7.42    S  3.14e-01  5.26e+01
 60.00  -1.00 300.00   7.42   Fe  8.10e-02  5.26e+01
 80.00  -1.00 300.00   8.64    p  1.80e+01  7.14e+01
 80.00  -1.00 300.00   8.64   He  1.99e+01  7.14e+01
 80.00  -1.00 300.00   8.64    C  4.66e+00  7.14e+01
 80.00  -1.00 300.00   8.64    N  6.57e-02  7.14e+01
 80.00  -1.00 300.00   8.64    O  2.35e+01  7.14e+01
 80.00  -1.00 300.00   8.64    F  4.65e-05  7.14e+01
 80.00  -1.00 300.00   8.64   Ne  2.61e+00  7.14e+01
 80.00  -1.00 300.00   8.64   Mg  1.18e+00  7.14e+01
 80.00  -1.00 300.00   8.64   Si  1.07e+00  7.14e+01
 80.00  -1.00 300.00   8.64    S  3.31e-01  7.14e+01
 80.00  -1.00 300.00   8.64   Fe  7.95e-02  7.14e+01
120.00  -1.00 300.00   5.75    p  2.18e+01  1.14e+02
120.00  -1.00 300.00   5.75   He  3.76e+01  1.14e+02
120.00  -1.00 300.00   5.75    C  7.35e+00  1.14e+02
120.00  -1.00 300.00   5.75    N  8.37e-02  1.14e+02
120.00  -1.00 300.00   5.75    O  4.24e+01  1.14e+02
120.00  -1.00 300.00   5.75    F  3.02e-06  1.14e+02
120.00  -1.00 300.00   5.75   Ne  2.79e+00  1.14e+02
120.00  -1.00 300.00   5.75   Mg  9.74e-01  1.14e+02
120.00  -1.00 300.00   5.75   Si  6.82e-01  1.14e+02
120.00  -1.00 300.00   5.75    S  2.20e-01  1.14e+02
120.00  -1.00 300.00   5.75   Fe  7.98e-02  1.14e+02
