#---Details of Columns:
#    M0 (solMass)          (F6.2)  [1/6.5] Initial mass [ucd=phys.mass]
#    [Fe/H]                (F7.2)  Initial metallicity [ucd=phys.abund.Z]
#    vel (km/s)            (F7.2)  Initial rotation [ucd=phys.mass]
#    M1 (solMass)          (F7.2)  Final mass (1) [ucd=phys.mass]
#    El                    (a4)    Species i (2) [ucd=phys.atmol.element]
#    M(i)lost (solMass)    (D9.2)  Mass of species i lost in the wind [ucd=phys.mass]
#    M(i)lostall (solMass) (D9.2)  Total mass lost in the wind [ucd=phys.mass]
#----- ------ ------ ------ ---- --------- -----------
#M0                                                                 
#(sol         vel    M1 (so      M(i)lost  M(i)lostall
#Mass) Z0     (km/s) lMass) El   (solMass) (solMass)  
#----- ------ ------ ------ ---- --------- -----------
 13.00  -0.30  25.00   1.68    p  5.95e+00  1.13e+01
 13.00  -0.30  25.00   1.68   He  4.48e+00  1.13e+01
 13.00  -0.30  25.00   1.68    C  1.62e-01  1.13e+01
 13.00  -0.30  25.00   1.68    N  2.36e-02  1.13e+01
 13.00  -0.30  25.00   1.68    O  4.37e-01  1.13e+01
 13.00  -0.30  25.00   1.68    F  4.37e-06  1.13e+01
 13.00  -0.30  25.00   1.68   Ne  5.46e-02  1.13e+01
 13.00  -0.30  25.00   1.68   Mg  2.17e-02  1.13e+01
 13.00  -0.30  25.00   1.68   Si  7.07e-02  1.13e+01
 13.00  -0.30  25.00   1.68    S  3.54e-02  1.13e+01
 13.00  -0.30  25.00   1.68   Fe  8.02e-02  1.13e+01
 15.00  -0.30  25.00   1.88    p  6.63e+00  1.31e+01
 15.00  -0.30  25.00   1.88   He  4.81e+00  1.31e+01
 15.00  -0.30  25.00   1.88    C  2.71e-01  1.31e+01
 15.00  -0.30  25.00   1.88    N  2.77e-02  1.31e+01
 15.00  -0.30  25.00   1.88    O  9.58e-01  1.31e+01
 15.00  -0.30  25.00   1.88    F  4.73e-05  1.31e+01
 15.00  -0.30  25.00   1.88   Ne  1.13e-01  1.31e+01
 15.00  -0.30  25.00   1.88   Mg  3.80e-02  1.31e+01
 15.00  -0.30  25.00   1.88   Si  1.10e-01  1.31e+01
 15.00  -0.30  25.00   1.88    S  4.35e-02  1.31e+01
 15.00  -0.30  25.00   1.88   Fe  9.52e-02  1.31e+01
 20.00  -0.30  25.00   2.03    p  8.23e+00  1.80e+01
 20.00  -0.30  25.00   2.03   He  6.85e+00  1.80e+01
 20.00  -0.30  25.00   2.03    C  4.68e-01  1.80e+01
 20.00  -0.30  25.00   2.03    N  3.74e-02  1.80e+01
 20.00  -0.30  25.00   2.03    O  1.61e+00  1.80e+01
 20.00  -0.30  25.00   2.03    F  5.51e-05  1.80e+01
 20.00  -0.30  25.00   2.03   Ne  4.12e-01  1.80e+01
 20.00  -0.30  25.00   2.03   Mg  1.14e-01  1.80e+01
 20.00  -0.30  25.00   2.03   Si  1.44e-01  1.80e+01
 20.00  -0.30  25.00   2.03    S  4.50e-02  1.80e+01
 20.00  -0.30  25.00   2.03   Fe  8.44e-02  1.80e+01
 25.00  -0.30  25.00   2.58    p  9.71e+00  2.24e+01
 25.00  -0.30  25.00   2.58   He  7.91e+00  2.24e+01
 25.00  -0.30  25.00   2.58    C  7.13e-01  2.24e+01
 25.00  -0.30  25.00   2.58    N  3.81e-02  2.24e+01
 25.00  -0.30  25.00   2.58    O  2.93e+00  2.24e+01
 25.00  -0.30  25.00   2.58    F  6.03e-05  2.24e+01
 25.00  -0.30  25.00   2.58   Ne  6.11e-01  2.24e+01
 25.00  -0.30  25.00   2.58   Mg  1.20e-01  2.24e+01
 25.00  -0.30  25.00   2.58   Si  1.79e-01  2.24e+01
 25.00  -0.30  25.00   2.58    S  5.96e-02  2.24e+01
 25.00  -0.30  25.00   2.58   Fe  8.50e-02  2.24e+01
 30.00  -0.30  25.00   3.03    p  1.11e+01  2.70e+01
 30.00  -0.30  25.00   3.03   He  1.04e+01  2.70e+01
 30.00  -0.30  25.00   3.03    C  9.27e-01  2.70e+01
 30.00  -0.30  25.00   3.03    N  4.21e-02  2.70e+01
 30.00  -0.30  25.00   3.03    O  3.46e+00  2.70e+01
 30.00  -0.30  25.00   3.03    F  3.27e-05  2.70e+01
 30.00  -0.30  25.00   3.03   Ne  5.51e-01  2.70e+01
 30.00  -0.30  25.00   3.03   Mg  1.21e-01  2.70e+01
 30.00  -0.30  25.00   3.03   Si  2.19e-01  2.70e+01
 30.00  -0.30  25.00   3.03    S  7.54e-02  2.70e+01
 30.00  -0.30  25.00   3.03   Fe  8.64e-02  2.70e+01
 40.00  -0.30  25.00   3.22    p  1.37e+01  3.68e+01
 40.00  -0.30  25.00   3.22   He  1.36e+01  3.68e+01
 40.00  -0.30  25.00   3.22    C  1.34e+00  3.68e+01
 40.00  -0.30  25.00   3.22    N  6.30e-02  3.68e+01
 40.00  -0.30  25.00   3.22    O  6.25e+00  3.68e+01
 40.00  -0.30  25.00   3.22    F  2.64e-05  3.68e+01
 40.00  -0.30  25.00   3.22   Ne  1.15e+00  3.68e+01
 40.00  -0.30  25.00   3.22   Mg  2.34e-01  3.68e+01
 40.00  -0.30  25.00   3.22   Si  2.77e-01  3.68e+01
 40.00  -0.30  25.00   3.22    S  9.61e-02  3.68e+01
 40.00  -0.30  25.00   3.22   Fe  9.06e-02  3.68e+01
 60.00  -0.30  25.00   4.79    p  1.88e+01  5.52e+01
 60.00  -0.30  25.00   4.79   He  2.10e+01  5.52e+01
 60.00  -0.30  25.00   4.79    C  2.64e+00  5.52e+01
 60.00  -0.30  25.00   4.79    N  1.05e-01  5.52e+01
 60.00  -0.30  25.00   4.79    O  1.05e+01  5.52e+01
 60.00  -0.30  25.00   4.79    F  5.15e-05  5.52e+01
 60.00  -0.30  25.00   4.79   Ne  9.81e-01  5.52e+01
 60.00  -0.30  25.00   4.79   Mg  2.74e-01  5.52e+01
 60.00  -0.30  25.00   4.79   Si  5.11e-01  5.52e+01
 60.00  -0.30  25.00   4.79    S  1.88e-01  5.52e+01
 60.00  -0.30  25.00   4.79   Fe  1.00e-01  5.52e+01
 80.00  -0.30  25.00   7.15    p  2.32e+01  7.29e+01
 80.00  -0.30  25.00   7.15   He  2.67e+01  7.29e+01
 80.00  -0.30  25.00   7.15    C  3.41e+00  7.29e+01
 80.00  -0.30  25.00   7.15    N  1.36e-01  7.29e+01
 80.00  -0.30  25.00   7.15    O  1.66e+01  7.29e+01
 80.00  -0.30  25.00   7.15    F  2.55e-05  7.29e+01
 80.00  -0.30  25.00   7.15   Ne  1.11e+00  7.29e+01
 80.00  -0.30  25.00   7.15   Mg  4.36e-01  7.29e+01
 80.00  -0.30  25.00   7.15   Si  8.44e-01  7.29e+01
 80.00  -0.30  25.00   7.15    S  3.00e-01  7.29e+01
 80.00  -0.30  25.00   7.15   Fe  1.10e-01  7.29e+01
120.00  -0.30  25.00   6.88    p  3.24e+01  1.13e+02
120.00  -0.30  25.00   6.88   He  4.47e+01  1.13e+02
120.00  -0.30  25.00   6.88    C  5.63e+00  1.13e+02
120.00  -0.30  25.00   6.88    N  2.46e-01  1.13e+02
120.00  -0.30  25.00   6.88    O  2.49e+01  1.13e+02
120.00  -0.30  25.00   6.88    F  1.03e-05  1.13e+02
120.00  -0.30  25.00   6.88   Ne  2.44e+00  1.13e+02
120.00  -0.30  25.00   6.88   Mg  1.26e+00  1.13e+02
120.00  -0.30  25.00   6.88   Si  1.17e+00  1.13e+02
120.00  -0.30  25.00   6.88    S  3.85e-01  1.13e+02
120.00  -0.30  25.00   6.88   Fe  1.33e-01  1.13e+02
