#---Details of Columns:
#    M0 (solMass)          (F6.2)  [1/6.5] Initial mass [ucd=phys.mass]
#    [Fe/H]                (F7.2)  Initial metallicity [ucd=phys.abund.Z]
#    vel (km/s)            (F7.2)  Initial rotation [ucd=phys.mass]
#    M1 (solMass)          (F7.2)  Final mass (1) [ucd=phys.mass]
#    El                    (a4)    Species i (2) [ucd=phys.atmol.element]
#    M(i)lost (solMass)    (D9.2)  Mass of species i lost in the wind [ucd=phys.mass]
#    M(i)lostall (solMass) (D9.2)  Total mass lost in the wind [ucd=phys.mass]
#----- ------ ------ ------ ---- --------- -----------
#M0                                                                 
#(sol         vel    M1 (so      M(i)lost  M(i)lostall
#Mass) Z0     (km/s) lMass) El   (solMass) (solMass)  
#----- ------ ------ ------ ---- --------- -----------
 13.00  -3.00   0.00   1.70    p  6.23e+00  1.13e+01
 13.00  -3.00   0.00   1.70   He  4.45e+00  1.13e+01
 13.00  -3.00   0.00   1.70    C  1.65e-01  1.13e+01
 13.00  -3.00   0.00   1.70    N  1.02e-04  1.13e+01
 13.00  -3.00   0.00   1.70    O  2.90e-01  1.13e+01
 13.00  -3.00   0.00   1.70    F  2.98e-09  1.13e+01
 13.00  -3.00   0.00   1.70   Ne  1.28e-02  1.13e+01
 13.00  -3.00   0.00   1.70   Mg  1.31e-02  1.13e+01
 13.00  -3.00   0.00   1.70   Si  6.17e-02  1.13e+01
 13.00  -3.00   0.00   1.70    S  2.08e-02  1.13e+01
 13.00  -3.00   0.00   1.70   Fe  7.30e-02  1.13e+01
 15.00  -3.00   0.00   2.00    p  6.98e+00  1.30e+01
 15.00  -3.00   0.00   2.00   He  4.63e+00  1.30e+01
 15.00  -3.00   0.00   2.00    C  2.72e-01  1.30e+01
 15.00  -3.00   0.00   2.00    N  1.05e-04  1.30e+01
 15.00  -3.00   0.00   2.00    O  8.10e-01  1.30e+01
 15.00  -3.00   0.00   2.00    F  3.39e-09  1.30e+01
 15.00  -3.00   0.00   2.00   Ne  2.55e-02  1.30e+01
 15.00  -3.00   0.00   2.00   Mg  1.86e-02  1.30e+01
 15.00  -3.00   0.00   2.00   Si  1.11e-01  1.30e+01
 15.00  -3.00   0.00   2.00    S  7.67e-02  1.30e+01
 15.00  -3.00   0.00   2.00   Fe  7.29e-02  1.30e+01
 20.00  -3.00   0.00   1.90    p  8.79e+00  1.81e+01
 20.00  -3.00   0.00   1.90   He  6.67e+00  1.81e+01
 20.00  -3.00   0.00   1.90    C  4.15e-01  1.81e+01
 20.00  -3.00   0.00   1.90    N  1.36e-04  1.81e+01
 20.00  -3.00   0.00   1.90    O  1.42e+00  1.81e+01
 20.00  -3.00   0.00   1.90    F  1.61e-08  1.81e+01
 20.00  -3.00   0.00   1.90   Ne  4.91e-01  1.81e+01
 20.00  -3.00   0.00   1.90   Mg  9.77e-02  1.81e+01
 20.00  -3.00   0.00   1.90   Si  9.08e-02  1.81e+01
 20.00  -3.00   0.00   1.90    S  2.52e-02  1.81e+01
 20.00  -3.00   0.00   1.90   Fe  7.33e-02  1.81e+01
 25.00  -3.00   0.00   2.30    p  1.04e+01  2.27e+01
 25.00  -3.00   0.00   2.30   He  8.07e+00  2.27e+01
 25.00  -3.00   0.00   2.30    C  5.72e-01  2.27e+01
 25.00  -3.00   0.00   2.30    N  1.68e-04  2.27e+01
 25.00  -3.00   0.00   2.30    O  2.61e+00  2.27e+01
 25.00  -3.00   0.00   2.30    F  2.91e-08  2.27e+01
 25.00  -3.00   0.00   2.30   Ne  7.04e-01  2.27e+01
 25.00  -3.00   0.00   2.30   Mg  1.20e-01  2.27e+01
 25.00  -3.00   0.00   2.30   Si  1.28e-01  2.27e+01
 25.00  -3.00   0.00   2.30    S  3.51e-02  2.27e+01
 25.00  -3.00   0.00   2.30   Fe  7.27e-02  2.27e+01
 30.00  -3.00   0.00   2.50    p  1.19e+01  2.75e+01
 30.00  -3.00   0.00   2.50   He  9.70e+00  2.75e+01
 30.00  -3.00   0.00   2.50    C  8.29e-01  2.75e+01
 30.00  -3.00   0.00   2.50    N  2.49e-04  2.75e+01
 30.00  -3.00   0.00   2.50    O  3.76e+00  2.75e+01
 30.00  -3.00   0.00   2.50    F  4.19e-08  2.75e+01
 30.00  -3.00   0.00   2.50   Ne  9.22e-01  2.75e+01
 30.00  -3.00   0.00   2.50   Mg  1.48e-01  2.75e+01
 30.00  -3.00   0.00   2.50   Si  1.58e-01  2.75e+01
 30.00  -3.00   0.00   2.50    S  4.15e-02  2.75e+01
 30.00  -3.00   0.00   2.50   Fe  7.25e-02  2.75e+01
 40.00  -3.00   0.00   3.50    p  1.45e+01  3.65e+01
 40.00  -3.00   0.00   3.50   He  1.28e+01  3.65e+01
 40.00  -3.00   0.00   3.50    C  1.22e+00  3.65e+01
 40.00  -3.00   0.00   3.50    N  3.47e-04  3.65e+01
 40.00  -3.00   0.00   3.50    O  6.48e+00  3.65e+01
 40.00  -3.00   0.00   3.50    F  6.67e-08  3.65e+01
 40.00  -3.00   0.00   3.50   Ne  8.07e-01  3.65e+01
 40.00  -3.00   0.00   3.50   Mg  1.53e-01  3.65e+01
 40.00  -3.00   0.00   3.50   Si  2.63e-01  3.65e+01
 40.00  -3.00   0.00   3.50    S  7.49e-02  3.65e+01
 40.00  -3.00   0.00   3.50   Fe  7.24e-02  3.65e+01
 60.00  -3.00   0.00   5.30    p  1.97e+01  5.47e+01
 60.00  -3.00   0.00   5.30   He  1.79e+01  5.47e+01
 60.00  -3.00   0.00   5.30    C  2.18e+00  5.47e+01
 60.00  -3.00   0.00   5.30    N  5.36e-04  5.47e+01
 60.00  -3.00   0.00   5.30    O  1.32e+01  5.47e+01
 60.00  -3.00   0.00   5.30    F  1.13e-06  5.47e+01
 60.00  -3.00   0.00   5.30   Ne  6.79e-01  5.47e+01
 60.00  -3.00   0.00   5.30   Mg  2.38e-01  5.47e+01
 60.00  -3.00   0.00   5.30   Si  5.26e-01  5.47e+01
 60.00  -3.00   0.00   5.30    S  1.54e-01  5.47e+01
 60.00  -3.00   0.00   5.30   Fe  7.28e-02  5.47e+01
 80.00  -3.00   0.00   6.80    p  2.42e+01  7.32e+01
 80.00  -3.00   0.00   6.80   He  2.52e+01  7.32e+01
 80.00  -3.00   0.00   6.80    C  2.85e+00  7.32e+01
 80.00  -3.00   0.00   6.80    N  6.98e-04  7.32e+01
 80.00  -3.00   0.00   6.80    O  1.89e+01  7.32e+01
 80.00  -3.00   0.00   6.80    F  8.83e-07  7.32e+01
 80.00  -3.00   0.00   6.80   Ne  7.18e-01  7.32e+01
 80.00  -3.00   0.00   6.80   Mg  2.97e-01  7.32e+01
 80.00  -3.00   0.00   6.80   Si  7.67e-01  7.32e+01
 80.00  -3.00   0.00   6.80    S  2.36e-01  7.32e+01
 80.00  -3.00   0.00   6.80   Fe  7.36e-02  7.32e+01
120.00  -3.00   0.00   3.00    p  3.21e+01  1.17e+02
120.00  -3.00   0.00   3.00   He  3.78e+01  1.17e+02
120.00  -3.00   0.00   3.00    C  4.52e+00  1.17e+02
120.00  -3.00   0.00   3.00    N  1.10e-03  1.17e+02
120.00  -3.00   0.00   3.00    O  3.95e+01  1.17e+02
120.00  -3.00   0.00   3.00    F  5.34e-07  1.17e+02
120.00  -3.00   0.00   3.00   Ne  2.28e+00  1.17e+02
120.00  -3.00   0.00   3.00   Mg  4.92e-01  1.17e+02
120.00  -3.00   0.00   3.00   Si  3.55e-01  1.17e+02
120.00  -3.00   0.00   3.00    S  1.31e-01  1.17e+02
120.00  -3.00   0.00   3.00   Fe  7.23e-02  1.17e+02
