#---Details of Columns:
#    M0 (solMass)          (F6.2)  [1/6.5] Initial mass [ucd=phys.mass]
#    [Fe/H]                (F7.2)  Initial metallicity [ucd=phys.abund.Z]
#    vel (km/s)            (F7.2)  Initial rotation [ucd=phys.mass]
#    M1 (solMass)          (F7.2)  Final mass (1) [ucd=phys.mass]
#    El                    (a4)    Species i (2) [ucd=phys.atmol.element]
#    M(i)lost (solMass)    (D9.2)  Mass of species i lost in the wind [ucd=phys.mass]
#    M(i)lostall (solMass) (D9.2)  Total mass lost in the wind [ucd=phys.mass]
#----- ------ ------ ------ ---- --------- -----------
#M0                                                                 
#(sol         vel    M1 (so      M(i)lost  M(i)lostall
#Mass) Z0     (km/s) lMass) El   (solMass) (solMass)  
#----- ------ ------ ------ ---- --------- -----------
 13.00  -0.60 250.00   2.23    p  4.49e+00  1.08e+01
 13.00  -0.60 250.00   2.23   He  3.72e+00  1.08e+01
 13.00  -0.60 250.00   2.23    C  2.10e-01  1.08e+01
 13.00  -0.60 250.00   2.23    N  5.76e-02  1.08e+01
 13.00  -0.60 250.00   2.23    O  1.28e+00  1.08e+01
 13.00  -0.60 250.00   2.23    F  2.57e-05  1.08e+01
 13.00  -0.60 250.00   2.23   Ne  1.06e-01  1.08e+01
 13.00  -0.60 250.00   2.23   Mg  4.21e-02  1.08e+01
 13.00  -0.60 250.00   2.23   Si  2.92e-01  1.08e+01
 13.00  -0.60 250.00   2.23    S  2.48e-01  1.08e+01
 13.00  -0.60 250.00   2.23   Fe  9.39e-02  1.08e+01
 15.00  -0.60 250.00   2.40    p  4.97e+00  1.26e+01
 15.00  -0.60 250.00   2.40   He  4.35e+00  1.26e+01
 15.00  -0.60 250.00   2.40    C  2.78e-01  1.26e+01
 15.00  -0.60 250.00   2.40    N  7.32e-02  1.26e+01
 15.00  -0.60 250.00   2.40    O  1.76e+00  1.26e+01
 15.00  -0.60 250.00   2.40    F  1.06e-04  1.26e+01
 15.00  -0.60 250.00   2.40   Ne  1.30e-01  1.26e+01
 15.00  -0.60 250.00   2.40   Mg  4.91e-02  1.26e+01
 15.00  -0.60 250.00   2.40   Si  3.52e-01  1.26e+01
 15.00  -0.60 250.00   2.40    S  3.03e-01  1.26e+01
 15.00  -0.60 250.00   2.40   Fe  8.80e-02  1.26e+01
 20.00  -0.60 250.00   3.00    p  6.19e+00  1.70e+01
 20.00  -0.60 250.00   3.00   He  6.12e+00  1.70e+01
 20.00  -0.60 250.00   3.00    C  6.45e-01  1.70e+01
 20.00  -0.60 250.00   3.00    N  7.60e-02  1.70e+01
 20.00  -0.60 250.00   3.00    O  3.21e+00  1.70e+01
 20.00  -0.60 250.00   3.00    F  3.17e-04  1.70e+01
 20.00  -0.60 250.00   3.00   Ne  2.06e-01  1.70e+01
 20.00  -0.60 250.00   3.00   Mg  7.02e-02  1.70e+01
 20.00  -0.60 250.00   3.00   Si  2.05e-01  1.70e+01
 20.00  -0.60 250.00   3.00    S  8.60e-02  1.70e+01
 20.00  -0.60 250.00   3.00   Fe  7.57e-02  1.70e+01
 25.00  -0.60 250.00   3.06    p  7.62e+00  2.19e+01
 25.00  -0.60 250.00   3.06   He  6.59e+00  2.19e+01
 25.00  -0.60 250.00   3.06    C  8.51e-01  2.19e+01
 25.00  -0.60 250.00   3.06    N  5.31e-02  2.19e+01
 25.00  -0.60 250.00   3.06    O  5.32e+00  2.19e+01
 25.00  -0.60 250.00   3.06    F  8.47e-04  2.19e+01
 25.00  -0.60 250.00   3.06   Ne  8.07e-01  2.19e+01
 25.00  -0.60 250.00   3.06   Mg  1.59e-01  2.19e+01
 25.00  -0.60 250.00   3.06   Si  2.45e-01  2.19e+01
 25.00  -0.60 250.00   3.06    S  8.57e-02  2.19e+01
 25.00  -0.60 250.00   3.06   Fe  7.41e-02  2.19e+01
 30.00  -0.60 250.00  19.13    p  6.28e+00  1.09e+01
 30.00  -0.60 250.00  19.13   He  4.50e+00  1.09e+01
 30.00  -0.60 250.00  19.13    C  5.36e-03  1.09e+01
 30.00  -0.60 250.00  19.13    N  2.22e-02  1.09e+01
 30.00  -0.60 250.00  19.13    O  1.20e-02  1.09e+01
 30.00  -0.60 250.00  19.13    F  2.03e-07  1.09e+01
 30.00  -0.60 250.00  19.13   Ne  1.67e-03  1.09e+01
 30.00  -0.60 250.00  19.13   Mg  1.47e-03  1.09e+01
 30.00  -0.60 250.00  19.13   Si  1.98e-03  1.09e+01
 30.00  -0.60 250.00  19.13    S  8.12e-04  1.09e+01
 30.00  -0.60 250.00  19.13   Fe  1.68e-03  1.09e+01
 40.00  -0.60 250.00  20.81    p  1.07e+01  1.92e+01
 40.00  -0.60 250.00  20.81   He  8.26e+00  1.92e+01
 40.00  -0.60 250.00  20.81    C  7.04e-02  1.92e+01
 40.00  -0.60 250.00  20.81    N  7.11e-02  1.92e+01
 40.00  -0.60 250.00  20.81    O  5.62e-02  1.92e+01
 40.00  -0.60 250.00  20.81    F  3.44e-07  1.92e+01
 40.00  -0.60 250.00  20.81   Ne  3.65e-03  1.92e+01
 40.00  -0.60 250.00  20.81   Mg  2.54e-03  1.92e+01
 40.00  -0.60 250.00  20.81   Si  3.47e-03  1.92e+01
 40.00  -0.60 250.00  20.81    S  1.42e-03  1.92e+01
 40.00  -0.60 250.00  20.81   Fe  2.88e-03  1.92e+01
 60.00  -0.60 250.00  27.01    p  1.50e+01  3.30e+01
 60.00  -0.60 250.00  27.01   He  1.66e+01  3.30e+01
 60.00  -0.60 250.00  27.01    C  1.10e+00  3.30e+01
 60.00  -0.60 250.00  27.01    N  5.86e-02  3.30e+01
 60.00  -0.60 250.00  27.01    O  1.90e-01  3.30e+01
 60.00  -0.60 250.00  27.01    F  3.43e-06  3.30e+01
 60.00  -0.60 250.00  27.01   Ne  1.85e-02  3.30e+01
 60.00  -0.60 250.00  27.01   Mg  4.23e-03  3.30e+01
 60.00  -0.60 250.00  27.01   Si  5.95e-03  3.30e+01
 60.00  -0.60 250.00  27.01    S  2.42e-03  3.30e+01
 60.00  -0.60 250.00  27.01   Fe  4.90e-03  3.30e+01
 80.00  -0.60 250.00  33.76    p  1.87e+01  4.62e+01
 80.00  -0.60 250.00  33.76   He  2.56e+01  4.62e+01
 80.00  -0.60 250.00  33.76    C  1.57e+00  4.62e+01
 80.00  -0.60 250.00  33.76    N  6.82e-02  4.62e+01
 80.00  -0.60 250.00  33.76    O  2.67e-01  4.62e+01
 80.00  -0.60 250.00  33.76    F  5.29e-06  4.62e+01
 80.00  -0.60 250.00  33.76   Ne  2.72e-02  4.62e+01
 80.00  -0.60 250.00  33.76   Mg  5.87e-03  4.62e+01
 80.00  -0.60 250.00  33.76   Si  8.35e-03  4.62e+01
 80.00  -0.60 250.00  33.76    S  3.41e-03  4.62e+01
 80.00  -0.60 250.00  33.76   Fe  6.88e-03  4.62e+01
120.00  -0.60 250.00  40.99    p  2.60e+01  7.90e+01
120.00  -0.60 250.00  40.99   He  5.06e+01  7.90e+01
120.00  -0.60 250.00  40.99    C  1.93e+00  7.90e+01
120.00  -0.60 250.00  40.99    N  1.30e-01  7.90e+01
120.00  -0.60 250.00  40.99    O  2.99e-01  7.90e+01
120.00  -0.60 250.00  40.99    F  7.75e-06  7.90e+01
120.00  -0.60 250.00  40.99   Ne  3.89e-02  7.90e+01
120.00  -0.60 250.00  40.99   Mg  9.69e-03  7.90e+01
120.00  -0.60 250.00  40.99   Si  1.42e-02  7.90e+01
120.00  -0.60 250.00  40.99    S  5.80e-03  7.90e+01
120.00  -0.60 250.00  40.99   Fe  1.17e-02  7.90e+01
