#---Details of Columns:
#    M0 (solMass)          (F6.2)  [1/6.5] Initial mass [ucd=phys.mass]
#    [Fe/H]                (F7.2)  Initial metallicity [ucd=phys.abund.Z]
#    vel (km/s)            (F7.2)  Initial rotation [ucd=phys.mass]
#    M1 (solMass)          (F7.2)  Final mass (1) [ucd=phys.mass]
#    El                    (a4)    Species i (2) [ucd=phys.atmol.element]
#    M(i)lost (solMass)    (D9.2)  Mass of species i lost in the wind [ucd=phys.mass]
#    M(i)lostall (solMass) (D9.2)  Total mass lost in the wind [ucd=phys.mass]
#----- ------ ------ ------ ---- --------- -----------
#M0                                                                 
#(sol         vel    M1 (so      M(i)lost  M(i)lostall
#Mass) Z0     (km/s) lMass) El   (solMass) (solMass)  
#----- ------ ------ ------ ---- --------- -----------
 13.00   0.00 300.00   2.27    p  4.05e+00  1.07e+01
 13.00   0.00 300.00   2.27   He  4.09e+00  1.07e+01
 13.00   0.00 300.00   2.27    C  5.35e-01  1.07e+01
 13.00   0.00 300.00   2.27    N  5.24e-02  1.07e+01
 13.00   0.00 300.00   2.27    O  1.49e+00  1.07e+01
 13.00   0.00 300.00   2.27    F  5.17e-04  1.07e+01
 13.00   0.00 300.00   2.27   Ne  1.17e-01  1.07e+01
 13.00   0.00 300.00   2.27   Mg  3.79e-02  1.07e+01
 13.00   0.00 300.00   2.27   Si  1.17e-01  1.07e+01
 13.00   0.00 300.00   2.27    S  8.26e-02  1.07e+01
 13.00   0.00 300.00   2.27   Fe  9.01e-02  1.07e+01
 15.00   0.00 300.00   2.29    p  4.59e+00  1.27e+01
 15.00   0.00 300.00   2.29   He  4.60e+00  1.27e+01
 15.00   0.00 300.00   2.29    C  5.40e-01  1.27e+01
 15.00   0.00 300.00   2.29    N  7.31e-02  1.27e+01
 15.00   0.00 300.00   2.29    O  1.92e+00  1.27e+01
 15.00   0.00 300.00   2.29    F  1.12e-04  1.27e+01
 15.00   0.00 300.00   2.29   Ne  1.51e-01  1.27e+01
 15.00   0.00 300.00   2.29   Mg  4.76e-02  1.27e+01
 15.00   0.00 300.00   2.29   Si  2.69e-01  1.27e+01
 15.00   0.00 300.00   2.29    S  1.34e-01  1.27e+01
 15.00   0.00 300.00   2.29   Fe  2.77e-01  1.27e+01
 20.00   0.00 300.00   3.11    p  5.81e+00  1.69e+01
 20.00   0.00 300.00   3.11   He  6.17e+00  1.69e+01
 20.00   0.00 300.00   3.11    C  1.02e+00  1.69e+01
 20.00   0.00 300.00   3.11    N  1.31e-01  1.69e+01
 20.00   0.00 300.00   3.11    O  2.95e+00  1.69e+01
 20.00   0.00 300.00   3.11    F  1.30e-04  1.69e+01
 20.00   0.00 300.00   3.11   Ne  1.95e-01  1.69e+01
 20.00   0.00 300.00   3.11   Mg  6.83e-02  1.69e+01
 20.00   0.00 300.00   3.11   Si  2.60e-01  1.69e+01
 20.00   0.00 300.00   3.11    S  1.09e-01  1.69e+01
 20.00   0.00 300.00   3.11   Fe  9.38e-02  1.69e+01
 25.00   0.00 300.00   2.77    p  6.45e+00  2.22e+01
 25.00   0.00 300.00   2.77   He  8.98e+00  2.22e+01
 25.00   0.00 300.00   2.77    C  1.52e+00  2.22e+01
 25.00   0.00 300.00   2.77    N  1.05e-01  2.22e+01
 25.00   0.00 300.00   2.77    O  3.90e+00  2.22e+01
 25.00   0.00 300.00   2.77    F  1.03e-05  2.22e+01
 25.00   0.00 300.00   2.77   Ne  5.43e-01  2.22e+01
 25.00   0.00 300.00   2.77   Mg  1.52e-01  2.22e+01
 25.00   0.00 300.00   2.77   Si  2.94e-01  2.22e+01
 25.00   0.00 300.00   2.77    S  1.08e-01  2.22e+01
 25.00   0.00 300.00   2.77   Fe  9.91e-02  2.22e+01
 30.00   0.00 300.00  11.21    p  7.12e+00  1.88e+01
 30.00   0.00 300.00  11.21   He  1.09e+01  1.88e+01
 30.00   0.00 300.00  11.21    C  3.88e-01  1.88e+01
 30.00   0.00 300.00  11.21    N  1.32e-01  1.88e+01
 30.00   0.00 300.00  11.21    O  9.82e-02  1.88e+01
 30.00   0.00 300.00  11.21    F  4.94e-06  1.88e+01
 30.00   0.00 300.00  11.21   Ne  3.50e-02  1.88e+01
 30.00   0.00 300.00  11.21   Mg  1.32e-02  1.88e+01
 30.00   0.00 300.00  11.21   Si  1.26e-02  1.88e+01
 30.00   0.00 300.00  11.21    S  5.85e-03  1.88e+01
 30.00   0.00 300.00  11.21   Fe  2.45e-02  1.88e+01
 40.00   0.00 300.00  13.81    p  9.56e+00  2.62e+01
 40.00   0.00 300.00  13.81   He  1.55e+01  2.62e+01
 40.00   0.00 300.00  13.81    C  6.64e-01  2.62e+01
 40.00   0.00 300.00  13.81    N  1.75e-01  2.62e+01
 40.00   0.00 300.00  13.81    O  1.32e-01  2.62e+01
 40.00   0.00 300.00  13.81    F  1.01e-05  2.62e+01
 40.00   0.00 300.00  13.81   Ne  5.68e-02  2.62e+01
 40.00   0.00 300.00  13.81   Mg  1.84e-02  2.62e+01
 40.00   0.00 300.00  13.81   Si  1.75e-02  2.62e+01
 40.00   0.00 300.00  13.81    S  8.16e-03  2.62e+01
 40.00   0.00 300.00  13.81   Fe  3.41e-02  2.62e+01
 60.00   0.00 300.00  16.64    p  1.29e+01  4.34e+01
 60.00   0.00 300.00  16.64   He  2.90e+01  4.34e+01
 60.00   0.00 300.00  16.64    C  8.62e-01  4.34e+01
 60.00   0.00 300.00  16.64    N  2.84e-01  4.34e+01
 60.00   0.00 300.00  16.64    O  1.27e-01  4.34e+01
 60.00   0.00 300.00  16.64    F  1.97e-05  4.34e+01
 60.00   0.00 300.00  16.64   Ne  9.66e-02  4.34e+01
 60.00   0.00 300.00  16.64   Mg  3.00e-02  4.34e+01
 60.00   0.00 300.00  16.64   Si  2.90e-02  4.34e+01
 60.00   0.00 300.00  16.64    S  1.35e-02  4.34e+01
 60.00   0.00 300.00  16.64   Fe  5.64e-02  4.34e+01
 80.00   0.00 300.00  17.49    p  1.86e+01  6.25e+01
 80.00   0.00 300.00  17.49   He  4.21e+01  6.25e+01
 80.00   0.00 300.00  17.49    C  8.97e-01  6.25e+01
 80.00   0.00 300.00  17.49    N  4.34e-01  6.25e+01
 80.00   0.00 300.00  17.49    O  1.38e-01  6.25e+01
 80.00   0.00 300.00  17.49    F  1.14e-05  6.25e+01
 80.00   0.00 300.00  17.49   Ne  1.20e-01  6.25e+01
 80.00   0.00 300.00  17.49   Mg  4.31e-02  6.25e+01
 80.00   0.00 300.00  17.49   Si  4.19e-02  6.25e+01
 80.00   0.00 300.00  17.49    S  1.95e-02  6.25e+01
 80.00   0.00 300.00  17.49   Fe  8.13e-02  6.25e+01
120.00   0.00 300.00  18.69    p  3.10e+01  1.01e+02
120.00   0.00 300.00  18.69   He  6.78e+01  1.01e+02
120.00   0.00 300.00  18.69    C  1.06e+00  1.01e+02
120.00   0.00 300.00  18.69    N  7.45e-01  1.01e+02
120.00   0.00 300.00  18.69    O  1.64e-01  1.01e+02
120.00   0.00 300.00  18.69    F  1.28e-05  1.01e+02
120.00   0.00 300.00  18.69   Ne  1.69e-01  1.01e+02
120.00   0.00 300.00  18.69   Mg  6.95e-02  1.01e+02
120.00   0.00 300.00  18.69   Si  6.79e-02  1.01e+02
120.00   0.00 300.00  18.69    S  3.15e-02  1.01e+02
120.00   0.00 300.00  18.69   Fe  1.32e-01  1.01e+02
