#---Details of Columns:
#    M0 (solMass)          (F6.2)  [1/6.5] Initial mass [ucd=phys.mass]
#    [Fe/H]                (F7.2)  Initial metallicity [ucd=phys.abund.Z]
#    vel (km/s)            (F7.2)  Initial rotation [ucd=phys.mass]
#    M1 (solMass)          (F7.2)  Final mass (1) [ucd=phys.mass]
#    El                    (a4)    Species i (2) [ucd=phys.atmol.element]
#    M(i)lost (solMass)    (D9.2)  Mass of species i lost in the wind [ucd=phys.mass]
#    M(i)lostall (solMass) (D9.2)  Total mass lost in the wind [ucd=phys.mass]
#----- ------ ------ ------ ---- --------- -----------
#M0                                                                 
#(sol         vel    M1 (so      M(i)lost  M(i)lostall
#Mass) Z0     (km/s) lMass) El   (solMass) (solMass)  
#----- ------ ------ ------ ---- --------- -----------
 13.00  -1.00 100.00   1.98    p  5.30e+00  1.10e+01
 13.00  -1.00 100.00   1.98   He  4.06e+00  1.10e+01
 13.00  -1.00 100.00   1.98    C  2.55e-01  1.10e+01
 13.00  -1.00 100.00   1.98    N  4.37e-02  1.10e+01
 13.00  -1.00 100.00   1.98    O  1.03e+00  1.10e+01
 13.00  -1.00 100.00   1.98    F  2.78e-05  1.10e+01
 13.00  -1.00 100.00   1.98   Ne  8.58e-02  1.10e+01
 13.00  -1.00 100.00   1.98   Mg  2.42e-02  1.10e+01
 13.00  -1.00 100.00   1.98   Si  8.70e-02  1.10e+01
 13.00  -1.00 100.00   1.98    S  5.07e-02  1.10e+01
 13.00  -1.00 100.00   1.98   Fe  7.41e-02  1.10e+01
 15.00  -1.00 100.00   2.20    p  5.92e+00  1.28e+01
 15.00  -1.00 100.00   2.20   He  4.62e+00  1.28e+01
 15.00  -1.00 100.00   2.20    C  3.50e-01  1.28e+01
 15.00  -1.00 100.00   2.20    N  5.40e-02  1.28e+01
 15.00  -1.00 100.00   2.20    O  1.39e+00  1.28e+01
 15.00  -1.00 100.00   2.20    F  6.83e-05  1.28e+01
 15.00  -1.00 100.00   2.20   Ne  9.32e-02  1.28e+01
 15.00  -1.00 100.00   2.20   Mg  2.64e-02  1.28e+01
 15.00  -1.00 100.00   2.20   Si  1.45e-01  1.28e+01
 15.00  -1.00 100.00   2.20    S  1.15e-01  1.28e+01
 15.00  -1.00 100.00   2.20   Fe  7.51e-02  1.28e+01
 20.00  -1.00 100.00   2.63    p  7.40e+00  1.74e+01
 20.00  -1.00 100.00   2.63   He  6.14e+00  1.74e+01
 20.00  -1.00 100.00   2.63    C  5.16e-01  1.74e+01
 20.00  -1.00 100.00   2.63    N  7.73e-02  1.74e+01
 20.00  -1.00 100.00   2.63    O  2.58e+00  1.74e+01
 20.00  -1.00 100.00   2.63    F  1.74e-04  1.74e+01
 20.00  -1.00 100.00   2.63   Ne  2.56e-01  1.74e+01
 20.00  -1.00 100.00   2.63   Mg  7.60e-02  1.74e+01
 20.00  -1.00 100.00   2.63   Si  1.80e-01  1.74e+01
 20.00  -1.00 100.00   2.63    S  6.56e-02  1.74e+01
 20.00  -1.00 100.00   2.63   Fe  7.45e-02  1.74e+01
 25.00  -1.00 100.00   2.82    p  9.04e+00  2.22e+01
 25.00  -1.00 100.00   2.82   He  7.32e+00  2.22e+01
 25.00  -1.00 100.00   2.82    C  7.55e-01  2.22e+01
 25.00  -1.00 100.00   2.82    N  2.53e-02  2.22e+01
 25.00  -1.00 100.00   2.82    O  3.99e+00  2.22e+01
 25.00  -1.00 100.00   2.82    F  1.82e-04  2.22e+01
 25.00  -1.00 100.00   2.82   Ne  5.73e-01  2.22e+01
 25.00  -1.00 100.00   2.82   Mg  1.26e-01  2.22e+01
 25.00  -1.00 100.00   2.82   Si  1.92e-01  2.22e+01
 25.00  -1.00 100.00   2.82    S  6.21e-02  2.22e+01
 25.00  -1.00 100.00   2.82   Fe  7.44e-02  2.22e+01
 30.00  -1.00 100.00   3.43    p  1.02e+01  2.66e+01
 30.00  -1.00 100.00   3.43   He  8.51e+00  2.66e+01
 30.00  -1.00 100.00   3.43    C  1.14e+00  2.66e+01
 30.00  -1.00 100.00   3.43    N  1.57e-02  2.66e+01
 30.00  -1.00 100.00   3.43    O  5.46e+00  2.66e+01
 30.00  -1.00 100.00   3.43    F  2.65e-04  2.66e+01
 30.00  -1.00 100.00   3.43   Ne  6.85e-01  2.66e+01
 30.00  -1.00 100.00   3.43   Mg  1.39e-01  2.66e+01
 30.00  -1.00 100.00   3.43   Si  2.49e-01  2.66e+01
 30.00  -1.00 100.00   3.43    S  8.43e-02  2.66e+01
 30.00  -1.00 100.00   3.43   Fe  7.43e-02  2.66e+01
 40.00  -1.00 100.00   4.42    p  1.25e+01  3.56e+01
 40.00  -1.00 100.00   4.42   He  9.98e+00  3.56e+01
 40.00  -1.00 100.00   4.42    C  1.81e+00  3.56e+01
 40.00  -1.00 100.00   4.42    N  2.63e-02  3.56e+01
 40.00  -1.00 100.00   4.42    O  9.22e+00  3.56e+01
 40.00  -1.00 100.00   4.42    F  7.55e-05  3.56e+01
 40.00  -1.00 100.00   4.42   Ne  1.15e+00  3.56e+01
 40.00  -1.00 100.00   4.42   Mg  3.00e-01  3.56e+01
 40.00  -1.00 100.00   4.42   Si  3.95e-01  3.56e+01
 40.00  -1.00 100.00   4.42    S  1.30e-01  3.56e+01
 40.00  -1.00 100.00   4.42   Fe  7.49e-02  3.56e+01
 60.00  -1.00 100.00   6.42    p  1.65e+01  5.36e+01
 60.00  -1.00 100.00   6.42   He  1.51e+01  5.36e+01
 60.00  -1.00 100.00   6.42    C  3.04e+00  5.36e+01
 60.00  -1.00 100.00   6.42    N  3.21e-02  5.36e+01
 60.00  -1.00 100.00   6.42    O  1.56e+01  5.36e+01
 60.00  -1.00 100.00   6.42    F  6.40e-05  5.36e+01
 60.00  -1.00 100.00   6.42   Ne  1.58e+00  5.36e+01
 60.00  -1.00 100.00   6.42   Mg  6.44e-01  5.36e+01
 60.00  -1.00 100.00   6.42   Si  6.97e-01  5.36e+01
 60.00  -1.00 100.00   6.42    S  2.24e-01  5.36e+01
 60.00  -1.00 100.00   6.42   Fe  7.70e-02  5.36e+01
 80.00  -1.00 100.00   8.66    p  2.04e+01  7.13e+01
 80.00  -1.00 100.00   8.66   He  1.95e+01  7.13e+01
 80.00  -1.00 100.00   8.66    C  3.77e+00  7.13e+01
 80.00  -1.00 100.00   8.66    N  4.20e-02  7.13e+01
 80.00  -1.00 100.00   8.66    O  2.30e+01  7.13e+01
 80.00  -1.00 100.00   8.66    F  7.27e-05  7.13e+01
 80.00  -1.00 100.00   8.66   Ne  2.03e+00  7.13e+01
 80.00  -1.00 100.00   8.66   Mg  9.45e-01  7.13e+01
 80.00  -1.00 100.00   8.66   Si  1.14e+00  7.13e+01
 80.00  -1.00 100.00   8.66    S  3.84e-01  7.13e+01
 80.00  -1.00 100.00   8.66   Fe  7.99e-02  7.13e+01
120.00  -1.00 100.00  35.30    p  2.62e+01  8.47e+01
120.00  -1.00 100.00  35.30   He  3.48e+01  8.47e+01
120.00  -1.00 100.00  35.30    C  3.12e+00  8.47e+01
120.00  -1.00 100.00  35.30    N  7.01e-02  8.47e+01
120.00  -1.00 100.00  35.30    O  1.74e+01  8.47e+01
120.00  -1.00 100.00  35.30    F  2.81e-06  8.47e+01
120.00  -1.00 100.00  35.30   Ne  1.41e+00  8.47e+01
120.00  -1.00 100.00  35.30   Mg  7.22e-01  8.47e+01
120.00  -1.00 100.00  35.30   Si  7.04e-01  8.47e+01
120.00  -1.00 100.00  35.30    S  2.19e-01  8.47e+01
120.00  -1.00 100.00  35.30   Fe  4.91e-02  8.47e+01
