#---Details of Columns:
#    M0 (solMass)          (F6.2)  [1/6.5] Initial mass [ucd=phys.mass]
#    [Fe/H]                (F7.2)  Initial metallicity [ucd=phys.abund.Z]
#    vel (km/s)            (F7.2)  Initial rotation [ucd=phys.mass]
#    M1 (solMass)          (F7.2)  Final mass (1) [ucd=phys.mass]
#    El                    (a4)    Species i (2) [ucd=phys.atmol.element]
#    M(i)lost (solMass)    (D9.2)  Mass of species i lost in the wind [ucd=phys.mass]
#    M(i)lostall (solMass) (D9.2)  Total mass lost in the wind [ucd=phys.mass]
#----- ------ ------ ------ ---- --------- -----------
#M0                                                                 
#(sol         vel    M1 (so      M(i)lost  M(i)lostall
#Mass) Z0     (km/s) lMass) El   (solMass) (solMass)  
#----- ------ ------ ------ ---- --------- -----------
 13.00  -0.00  25.00   1.63    p  5.92e+00  1.14e+01
 13.00  -0.00  25.00   1.63   He  4.52e+00  1.14e+01
 13.00  -0.00  25.00   1.63    C  1.57e-01  1.14e+01
 13.00  -0.00  25.00   1.63    N  3.41e-02  1.14e+01
 13.00  -0.00  25.00   1.63    O  4.24e-01  1.14e+01
 13.00  -0.00  25.00   1.63    F  5.47e-06  1.14e+01
 13.00  -0.00  25.00   1.63   Ne  4.76e-02  1.14e+01
 13.00  -0.00  25.00   1.63   Mg  2.19e-02  1.14e+01
 13.00  -0.00  25.00   1.63   Si  7.57e-02  1.14e+01
 13.00  -0.00  25.00   1.63    S  3.26e-02  1.14e+01
 13.00  -0.00  25.00   1.63   Fe  9.00e-02  1.14e+01
 15.00  -0.00  25.00   1.83    p  6.59e+00  1.32e+01
 15.00  -0.00  25.00   1.83   He  5.02e+00  1.32e+01
 15.00  -0.00  25.00   1.83    C  2.46e-01  1.32e+01
 15.00  -0.00  25.00   1.83    N  3.74e-02  1.32e+01
 15.00  -0.00  25.00   1.83    O  8.10e-01  1.32e+01
 15.00  -0.00  25.00   1.83    F  1.12e-04  1.32e+01
 15.00  -0.00  25.00   1.83   Ne  1.33e-01  1.32e+01
 15.00  -0.00  25.00   1.83   Mg  4.60e-02  1.32e+01
 15.00  -0.00  25.00   1.83   Si  1.13e-01  1.32e+01
 15.00  -0.00  25.00   1.83    S  4.59e-02  1.32e+01
 15.00  -0.00  25.00   1.83   Fe  1.32e-01  1.32e+01
 20.00  -0.00  25.00   1.92    p  8.17e+00  1.81e+01
 20.00  -0.00  25.00   1.92   He  7.04e+00  1.81e+01
 20.00  -0.00  25.00   1.92    C  5.27e-01  1.81e+01
 20.00  -0.00  25.00   1.92    N  4.78e-02  1.81e+01
 20.00  -0.00  25.00   1.92    O  1.49e+00  1.81e+01
 20.00  -0.00  25.00   1.92    F  2.36e-05  1.81e+01
 20.00  -0.00  25.00   1.92   Ne  3.73e-01  1.81e+01
 20.00  -0.00  25.00   1.92   Mg  1.19e-01  1.81e+01
 20.00  -0.00  25.00   1.92   Si  1.64e-01  1.81e+01
 20.00  -0.00  25.00   1.92    S  5.59e-02  1.81e+01
 20.00  -0.00  25.00   1.92   Fe  1.00e-01  1.81e+01
 25.00  -0.00  25.00   2.15    p  9.68e+00  2.29e+01
 25.00  -0.00  25.00   2.15   He  8.33e+00  2.29e+01
 25.00  -0.00  25.00   2.15    C  7.58e-01  2.29e+01
 25.00  -0.00  25.00   2.15    N  6.38e-02  2.29e+01
 25.00  -0.00  25.00   2.15    O  2.67e+00  2.29e+01
 25.00  -0.00  25.00   2.15    F  7.84e-06  2.29e+01
 25.00  -0.00  25.00   2.15   Ne  8.08e-01  2.29e+01
 25.00  -0.00  25.00   2.15   Mg  1.56e-01  2.29e+01
 25.00  -0.00  25.00   2.15   Si  1.63e-01  2.29e+01
 25.00  -0.00  25.00   2.15    S  6.10e-02  2.29e+01
 25.00  -0.00  25.00   2.15   Fe  1.03e-01  2.29e+01
 30.00  -0.00  25.00   3.02    p  1.11e+01  2.70e+01
 30.00  -0.00  25.00   3.02   He  1.00e+01  2.70e+01
 30.00  -0.00  25.00   3.02    C  9.54e-01  2.70e+01
 30.00  -0.00  25.00   3.02    N  7.71e-02  2.70e+01
 30.00  -0.00  25.00   3.02    O  3.54e+00  2.70e+01
 30.00  -0.00  25.00   3.02    F  1.11e-05  2.70e+01
 30.00  -0.00  25.00   3.02   Ne  6.79e-01  2.70e+01
 30.00  -0.00  25.00   3.02   Mg  1.54e-01  2.70e+01
 30.00  -0.00  25.00   3.02   Si  2.47e-01  2.70e+01
 30.00  -0.00  25.00   3.02    S  9.21e-02  2.70e+01
 30.00  -0.00  25.00   3.02   Fe  1.06e-01  2.70e+01
 40.00  -0.00  25.00   3.03    p  1.40e+01  3.70e+01
 40.00  -0.00  25.00   3.03   He  1.36e+01  3.70e+01
 40.00  -0.00  25.00   3.03    C  1.33e+00  3.70e+01
 40.00  -0.00  25.00   3.03    N  1.16e-01  3.70e+01
 40.00  -0.00  25.00   3.03    O  5.88e+00  3.70e+01
 40.00  -0.00  25.00   3.03    F  5.24e-05  3.70e+01
 40.00  -0.00  25.00   3.03   Ne  1.25e+00  3.70e+01
 40.00  -0.00  25.00   3.03   Mg  2.59e-01  3.70e+01
 40.00  -0.00  25.00   3.03   Si  2.72e-01  3.70e+01
 40.00  -0.00  25.00   3.03    S  1.04e-01  3.70e+01
 40.00  -0.00  25.00   3.03   Fe  1.16e-01  3.70e+01
 60.00  -0.00  25.00   3.92    p  1.99e+01  5.61e+01
 60.00  -0.00  25.00   3.92   He  2.25e+01  5.61e+01
 60.00  -0.00  25.00   3.92    C  3.09e+00  5.61e+01
 60.00  -0.00  25.00   3.92    N  2.14e-01  5.61e+01
 60.00  -0.00  25.00   3.92    O  8.17e+00  5.61e+01
 60.00  -0.00  25.00   3.92    F  1.54e-05  5.61e+01
 60.00  -0.00  25.00   3.92   Ne  1.20e+00  5.61e+01
 60.00  -0.00  25.00   3.92   Mg  3.03e-01  5.61e+01
 60.00  -0.00  25.00   3.92   Si  4.03e-01  5.61e+01
 60.00  -0.00  25.00   3.92    S  1.67e-01  5.61e+01
 60.00  -0.00  25.00   3.92   Fe  1.38e-01  5.61e+01
 80.00  -0.00  25.00   5.22    p  2.47e+01  7.48e+01
 80.00  -0.00  25.00   5.22   He  3.12e+01  7.48e+01
 80.00  -0.00  25.00   5.22    C  4.33e+00  7.48e+01
 80.00  -0.00  25.00   5.22    N  2.94e-01  7.48e+01
 80.00  -0.00  25.00   5.22    O  1.16e+01  7.48e+01
 80.00  -0.00  25.00   5.22    F  1.54e-05  7.48e+01
 80.00  -0.00  25.00   5.22   Ne  1.24e+00  7.48e+01
 80.00  -0.00  25.00   5.22   Mg  4.02e-01  7.48e+01
 80.00  -0.00  25.00   5.22   Si  6.18e-01  7.48e+01
 80.00  -0.00  25.00   5.22    S  2.63e-01  7.48e+01
 80.00  -0.00  25.00   5.22   Fe  1.60e-01  7.48e+01
120.00  -0.00  25.00   6.00    p  3.60e+01  1.14e+02
120.00  -0.00  25.00   6.00   He  5.39e+01  1.14e+02
120.00  -0.00  25.00   6.00    C  5.91e+00  1.14e+02
120.00  -0.00  25.00   6.00    N  5.10e-01  1.14e+02
120.00  -0.00  25.00   6.00    O  1.47e+01  1.14e+02
120.00  -0.00  25.00   6.00    F  2.58e-05  1.14e+02
120.00  -0.00  25.00   6.00   Ne  1.23e+00  1.14e+02
120.00  -0.00  25.00   6.00   Mg  6.34e-01  1.14e+02
120.00  -0.00  25.00   6.00   Si  8.40e-01  1.14e+02
120.00  -0.00  25.00   6.00    S  3.18e-01  1.14e+02
120.00  -0.00  25.00   6.00   Fe  2.12e-01  1.14e+02
