#---Details of Columns:
#    M0 (solMass)          (F6.2)  [1/6.5] Initial mass [ucd=phys.mass]
#    [Fe/H]                (F7.2)  Initial metallicity [ucd=phys.abund.Z]
#    vel (km/s)            (F7.2)  Initial rotation [ucd=phys.mass]
#    M1 (solMass)          (F7.2)  Final mass (1) [ucd=phys.mass]
#    El                    (a4)    Species i (2) [ucd=phys.atmol.element]
#    M(i)lost (solMass)    (D9.2)  Mass of species i lost in the wind [ucd=phys.mass]
#    M(i)lostall (solMass) (D9.2)  Total mass lost in the wind [ucd=phys.mass]
#----- ------ ------ ------ ---- --------- -----------
#M0                                                                 
#(sol         vel    M1 (so      M(i)lost  M(i)lostall
#Mass) Z0     (km/s) lMass) El   (solMass) (solMass)  
#----- ------ ------ ------ ---- --------- -----------
 13.00  -2.00 150.00   2.12    p  4.87e+00  1.09e+01
 13.00  -2.00 150.00   2.12   He  3.80e+00  1.09e+01
 13.00  -2.00 150.00   2.12    C  3.04e-01  1.09e+01
 13.00  -2.00 150.00   2.12    N  5.81e-02  1.09e+01
 13.00  -2.00 150.00   2.12    O  1.47e+00  1.09e+01
 13.00  -2.00 150.00   2.12    F  5.28e-05  1.09e+01
 13.00  -2.00 150.00   2.12   Ne  1.33e-01  1.09e+01
 13.00  -2.00 150.00   2.12   Mg  3.41e-02  1.09e+01
 13.00  -2.00 150.00   2.12   Si  7.79e-02  1.09e+01
 13.00  -2.00 150.00   2.12    S  2.79e-02  1.09e+01
 13.00  -2.00 150.00   2.12   Fe  7.06e-02  1.09e+01
 15.00  -2.00 150.00   2.30    p  5.48e+00  1.27e+01
 15.00  -2.00 150.00   2.30   He  4.37e+00  1.27e+01
 15.00  -2.00 150.00   2.30    C  3.87e-01  1.27e+01
 15.00  -2.00 150.00   2.30    N  6.57e-02  1.27e+01
 15.00  -2.00 150.00   2.30    O  1.65e+00  1.27e+01
 15.00  -2.00 150.00   2.30    F  1.14e-04  1.27e+01
 15.00  -2.00 150.00   2.30   Ne  9.44e-02  1.27e+01
 15.00  -2.00 150.00   2.30   Mg  1.73e-02  1.27e+01
 15.00  -2.00 150.00   2.30   Si  1.99e-01  1.27e+01
 15.00  -2.00 150.00   2.30    S  2.04e-01  1.27e+01
 15.00  -2.00 150.00   2.30   Fe  7.19e-02  1.27e+01
 20.00  -2.00 150.00   2.98    p  6.97e+00  1.70e+01
 20.00  -2.00 150.00   2.98   He  5.70e+00  1.70e+01
 20.00  -2.00 150.00   2.98    C  5.58e-01  1.70e+01
 20.00  -2.00 150.00   2.98    N  9.41e-02  1.70e+01
 20.00  -2.00 150.00   2.98    O  3.05e+00  1.70e+01
 20.00  -2.00 150.00   2.98    F  1.72e-04  1.70e+01
 20.00  -2.00 150.00   2.98   Ne  1.17e-01  1.70e+01
 20.00  -2.00 150.00   2.98   Mg  5.14e-02  1.70e+01
 20.00  -2.00 150.00   2.98   Si  2.10e-01  1.70e+01
 20.00  -2.00 150.00   2.98    S  8.32e-02  1.70e+01
 20.00  -2.00 150.00   2.98   Fe  7.14e-02  1.70e+01
 25.00  -2.00 150.00   3.15    p  8.72e+00  2.19e+01
 25.00  -2.00 150.00   3.15   He  6.64e+00  2.19e+01
 25.00  -2.00 150.00   3.15    C  8.55e-01  2.19e+01
 25.00  -2.00 150.00   3.15    N  7.96e-03  2.19e+01
 25.00  -2.00 150.00   3.15    O  4.64e+00  2.19e+01
 25.00  -2.00 150.00   3.15    F  1.44e-04  2.19e+01
 25.00  -2.00 150.00   3.15   Ne  4.47e-01  2.19e+01
 25.00  -2.00 150.00   3.15   Mg  1.30e-01  2.19e+01
 25.00  -2.00 150.00   3.15   Si  2.23e-01  2.19e+01
 25.00  -2.00 150.00   3.15    S  7.21e-02  2.19e+01
 25.00  -2.00 150.00   3.15   Fe  7.12e-02  2.19e+01
 30.00  -2.00 150.00  26.75    p  2.20e+00  3.25e+00
 30.00  -2.00 150.00  26.75   He  1.04e+00  3.25e+00
 30.00  -2.00 150.00  26.75    C  2.30e-05  3.25e+00
 30.00  -2.00 150.00  26.75    N  4.02e-04  3.25e+00
 30.00  -2.00 150.00  26.75    O  3.88e-04  3.25e+00
 30.00  -2.00 150.00  26.75    F  5.74e-09  3.25e+00
 30.00  -2.00 150.00  26.75   Ne  3.59e-05  3.25e+00
 30.00  -2.00 150.00  26.75   Mg  3.92e-05  3.25e+00
 30.00  -2.00 150.00  26.75   Si  5.61e-05  3.25e+00
 30.00  -2.00 150.00  26.75    S  2.26e-05  3.25e+00
 30.00  -2.00 150.00  26.75   Fe  4.23e-05  3.25e+00
 40.00  -2.00 150.00  21.83    p  1.19e+01  1.82e+01
 40.00  -2.00 150.00  21.83   He  6.22e+00  1.82e+01
 40.00  -2.00 150.00  21.83    C  1.11e-02  1.82e+01
 40.00  -2.00 150.00  21.83    N  1.72e-02  1.82e+01
 40.00  -2.00 150.00  21.83    O  7.31e-03  1.82e+01
 40.00  -2.00 150.00  21.83    F  5.61e-08  1.82e+01
 40.00  -2.00 150.00  21.83   Ne  2.31e-04  1.82e+01
 40.00  -2.00 150.00  21.83   Mg  2.20e-04  1.82e+01
 40.00  -2.00 150.00  21.83   Si  3.14e-04  1.82e+01
 40.00  -2.00 150.00  21.83    S  1.27e-04  1.82e+01
 40.00  -2.00 150.00  21.83   Fe  2.36e-04  1.82e+01
 60.00  -2.00 150.00  36.01    p  1.52e+01  2.40e+01
 60.00  -2.00 150.00  36.01   He  8.70e+00  2.40e+01
 60.00  -2.00 150.00  36.01    C  3.75e-02  2.40e+01
 60.00  -2.00 150.00  36.01    N  2.84e-02  2.40e+01
 60.00  -2.00 150.00  36.01    O  2.66e-02  2.40e+01
 60.00  -2.00 150.00  36.01    F  6.51e-08  2.40e+01
 60.00  -2.00 150.00  36.01   Ne  3.43e-04  2.40e+01
 60.00  -2.00 150.00  36.01   Mg  2.90e-04  2.40e+01
 60.00  -2.00 150.00  36.01   Si  4.16e-04  2.40e+01
 60.00  -2.00 150.00  36.01    S  1.67e-04  2.40e+01
 60.00  -2.00 150.00  36.01   Fe  3.12e-04  2.40e+01
 80.00  -2.00 150.00  48.45    p  1.90e+01  3.15e+01
 80.00  -2.00 150.00  48.45   He  1.23e+01  3.15e+01
 80.00  -2.00 150.00  48.45    C  1.19e-01  3.15e+01
 80.00  -2.00 150.00  48.45    N  4.33e-02  3.15e+01
 80.00  -2.00 150.00  48.45    O  7.04e-02  3.15e+01
 80.00  -2.00 150.00  48.45    F  7.63e-08  3.15e+01
 80.00  -2.00 150.00  48.45   Ne  5.81e-04  3.15e+01
 80.00  -2.00 150.00  48.45   Mg  3.82e-04  3.15e+01
 80.00  -2.00 150.00  48.45   Si  5.50e-04  3.15e+01
 80.00  -2.00 150.00  48.45    S  2.20e-04  3.15e+01
 80.00  -2.00 150.00  48.45   Fe  4.10e-04  3.15e+01
120.00  -2.00 150.00  72.30    p  2.30e+01  4.77e+01
120.00  -2.00 150.00  72.30   He  2.38e+01  4.77e+01
120.00  -2.00 150.00  72.30    C  5.29e-01  4.77e+01
120.00  -2.00 150.00  72.30    N  6.20e-02  4.77e+01
120.00  -2.00 150.00  72.30    O  2.41e-01  4.77e+01
120.00  -2.00 150.00  72.30    F  8.03e-08  4.77e+01
120.00  -2.00 150.00  72.30   Ne  1.58e-03  4.77e+01
120.00  -2.00 150.00  72.30   Mg  5.87e-04  4.77e+01
120.00  -2.00 150.00  72.30   Si  8.53e-04  4.77e+01
120.00  -2.00 150.00  72.30    S  3.33e-04  4.77e+01
120.00  -2.00 150.00  72.30   Fe  6.18e-04  4.77e+01
