#---Details of Columns:
#    M0 (solMass)          (F6.2)  [1/6.5] Initial mass [ucd=phys.mass]
#    [Fe/H]                (F7.2)  Initial metallicity [ucd=phys.abund.Z]
#    vel (km/s)            (F7.2)  Initial rotation [ucd=phys.mass]
#    M1 (solMass)          (F7.2)  Final mass (1) [ucd=phys.mass]
#    El                    (a4)    Species i (2) [ucd=phys.atmol.element]
#    M(i)lost (solMass)    (D9.2)  Mass of species i lost in the wind [ucd=phys.mass]
#    M(i)lostall (solMass) (D9.2)  Total mass lost in the wind [ucd=phys.mass]
#----- ------ ------ ------ ---- --------- -----------
#M0                                                                 
#(sol         vel    M1 (so      M(i)lost  M(i)lostall
#Mass) Z0     (km/s) lMass) El   (solMass) (solMass)  
#----- ------ ------ ------ ---- --------- -----------
 13.00  -0.60 100.00   2.00    p  5.24e+00  1.10e+01
 13.00  -0.60 100.00   2.00   He  4.14e+00  1.10e+01
 13.00  -0.60 100.00   2.00    C  2.55e-01  1.10e+01
 13.00  -0.60 100.00   2.00    N  4.94e-02  1.10e+01
 13.00  -0.60 100.00   2.00    O  9.34e-01  1.10e+01
 13.00  -0.60 100.00   2.00    F  1.40e-05  1.10e+01
 13.00  -0.60 100.00   2.00   Ne  7.25e-02  1.10e+01
 13.00  -0.60 100.00   2.00   Mg  1.98e-02  1.10e+01
 13.00  -0.60 100.00   2.00   Si  1.13e-01  1.10e+01
 13.00  -0.60 100.00   2.00    S  9.57e-02  1.10e+01
 13.00  -0.60 100.00   2.00   Fe  7.61e-02  1.10e+01
 15.00  -0.60 100.00   2.20    p  5.79e+00  1.28e+01
 15.00  -0.60 100.00   2.20   He  4.58e+00  1.28e+01
 15.00  -0.60 100.00   2.20    C  3.57e-01  1.28e+01
 15.00  -0.60 100.00   2.20    N  6.64e-02  1.28e+01
 15.00  -0.60 100.00   2.20    O  1.56e+00  1.28e+01
 15.00  -0.60 100.00   2.20    F  5.89e-05  1.28e+01
 15.00  -0.60 100.00   2.20   Ne  1.20e-01  1.28e+01
 15.00  -0.60 100.00   2.20   Mg  3.76e-02  1.28e+01
 15.00  -0.60 100.00   2.20   Si  1.12e-01  1.28e+01
 15.00  -0.60 100.00   2.20    S  5.67e-02  1.28e+01
 15.00  -0.60 100.00   2.20   Fe  7.94e-02  1.28e+01
 20.00  -0.60 100.00   2.63    p  7.07e+00  1.74e+01
 20.00  -0.60 100.00   2.63   He  6.29e+00  1.74e+01
 20.00  -0.60 100.00   2.63    C  5.37e-01  1.74e+01
 20.00  -0.60 100.00   2.63    N  9.45e-02  1.74e+01
 20.00  -0.60 100.00   2.63    O  2.68e+00  1.74e+01
 20.00  -0.60 100.00   2.63    F  2.82e-04  1.74e+01
 20.00  -0.60 100.00   2.63   Ne  2.95e-01  1.74e+01
 20.00  -0.60 100.00   2.63   Mg  8.49e-02  1.74e+01
 20.00  -0.60 100.00   2.63   Si  1.88e-01  1.74e+01
 20.00  -0.60 100.00   2.63    S  6.61e-02  1.74e+01
 20.00  -0.60 100.00   2.63   Fe  7.62e-02  1.74e+01
 25.00  -0.60 100.00   2.80    p  8.60e+00  2.22e+01
 25.00  -0.60 100.00   2.80   He  7.55e+00  2.22e+01
 25.00  -0.60 100.00   2.80    C  7.05e-01  2.22e+01
 25.00  -0.60 100.00   2.80    N  6.12e-02  2.22e+01
 25.00  -0.60 100.00   2.80    O  4.16e+00  2.22e+01
 25.00  -0.60 100.00   2.80    F  3.38e-04  2.22e+01
 25.00  -0.60 100.00   2.80   Ne  6.08e-01  2.22e+01
 25.00  -0.60 100.00   2.80   Mg  1.28e-01  2.22e+01
 25.00  -0.60 100.00   2.80   Si  2.08e-01  2.22e+01
 25.00  -0.60 100.00   2.80    S  6.96e-02  2.22e+01
 25.00  -0.60 100.00   2.80   Fe  7.65e-02  2.22e+01
 30.00  -0.60 100.00   3.43    p  9.96e+00  2.66e+01
 30.00  -0.60 100.00   3.43   He  9.72e+00  2.66e+01
 30.00  -0.60 100.00   3.43    C  9.70e-01  2.66e+01
 30.00  -0.60 100.00   3.43    N  3.05e-02  2.66e+01
 30.00  -0.60 100.00   3.43    O  4.87e+00  2.66e+01
 30.00  -0.60 100.00   3.43    F  1.66e-04  2.66e+01
 30.00  -0.60 100.00   3.43   Ne  5.10e-01  2.66e+01
 30.00  -0.60 100.00   3.43   Mg  1.25e-01  2.66e+01
 30.00  -0.60 100.00   3.43   Si  2.46e-01  2.66e+01
 30.00  -0.60 100.00   3.43    S  9.33e-02  2.66e+01
 30.00  -0.60 100.00   3.43   Fe  7.71e-02  2.66e+01
 40.00  -0.60 100.00   4.25    p  1.20e+01  3.57e+01
 40.00  -0.60 100.00   4.25   He  1.11e+01  3.57e+01
 40.00  -0.60 100.00   4.25    C  1.71e+00  3.57e+01
 40.00  -0.60 100.00   4.25    N  4.76e-02  3.57e+01
 40.00  -0.60 100.00   4.25    O  8.96e+00  3.57e+01
 40.00  -0.60 100.00   4.25    F  3.59e-05  3.57e+01
 40.00  -0.60 100.00   4.25   Ne  1.05e+00  3.57e+01
 40.00  -0.60 100.00   4.25   Mg  2.94e-01  3.57e+01
 40.00  -0.60 100.00   4.25   Si  4.06e-01  3.57e+01
 40.00  -0.60 100.00   4.25    S  1.50e-01  3.57e+01
 40.00  -0.60 100.00   4.25   Fe  7.83e-02  3.57e+01
 60.00  -0.60 100.00   5.39    p  1.67e+01  5.46e+01
 60.00  -0.60 100.00   5.39   He  1.85e+01  5.46e+01
 60.00  -0.60 100.00   5.39    C  3.30e+00  5.46e+01
 60.00  -0.60 100.00   5.39    N  5.04e-02  5.46e+01
 60.00  -0.60 100.00   5.39    O  1.31e+01  5.46e+01
 60.00  -0.60 100.00   5.39    F  3.04e-05  5.46e+01
 60.00  -0.60 100.00   5.39   Ne  1.48e+00  5.46e+01
 60.00  -0.60 100.00   5.39   Mg  4.38e-01  5.46e+01
 60.00  -0.60 100.00   5.39   Si  6.18e-01  5.46e+01
 60.00  -0.60 100.00   5.39    S  2.14e-01  5.46e+01
 60.00  -0.60 100.00   5.39   Fe  8.24e-02  5.46e+01
 80.00  -0.60 100.00   8.56    p  2.04e+01  7.14e+01
 80.00  -0.60 100.00   8.56   He  2.31e+01  7.14e+01
 80.00  -0.60 100.00   8.56    C  4.46e+00  7.14e+01
 80.00  -0.60 100.00   8.56    N  5.95e-02  7.14e+01
 80.00  -0.60 100.00   8.56    O  1.97e+01  7.14e+01
 80.00  -0.60 100.00   8.56    F  1.45e-05  7.14e+01
 80.00  -0.60 100.00   8.56   Ne  1.66e+00  7.14e+01
 80.00  -0.60 100.00   8.56   Mg  7.09e-01  7.14e+01
 80.00  -0.60 100.00   8.56   Si  1.03e+00  7.14e+01
 80.00  -0.60 100.00   8.56    S  3.35e-01  7.14e+01
 80.00  -0.60 100.00   8.56   Fe  8.53e-02  7.14e+01
120.00  -0.60 100.00   8.30    p  2.73e+01  1.12e+02
120.00  -0.60 100.00   8.30   He  4.67e+01  1.12e+02
120.00  -0.60 100.00   8.30    C  6.10e+00  1.12e+02
120.00  -0.60 100.00   8.30    N  1.22e-01  1.12e+02
120.00  -0.60 100.00   8.30    O  2.58e+01  1.12e+02
120.00  -0.60 100.00   8.30    F  5.12e-06  1.12e+02
120.00  -0.60 100.00   8.30   Ne  2.49e+00  1.12e+02
120.00  -0.60 100.00   8.30   Mg  1.47e+00  1.12e+02
120.00  -0.60 100.00   8.30   Si  1.31e+00  1.12e+02
120.00  -0.60 100.00   8.30    S  4.22e-01  1.12e+02
120.00  -0.60 100.00   8.30   Fe  9.36e-02  1.12e+02
