#---Details of Columns:
#    M0 (solMass)          (F6.2)  [1/6.5] Initial mass [ucd=phys.mass]
#    [Fe/H]                (F7.2)  Initial metallicity [ucd=phys.abund.Z]
#    vel (km/s)            (F7.2)  Initial rotation [ucd=phys.mass]
#    M1 (solMass)          (F7.2)  Final mass (1) [ucd=phys.mass]
#    El                    (a4)    Species i (2) [ucd=phys.atmol.element]
#    M(i)lost (solMass)    (D9.2)  Mass of species i lost in the wind [ucd=phys.mass]
#    M(i)lostall (solMass) (D9.2)  Total mass lost in the wind [ucd=phys.mass]
#----- ------ ------ ------ ---- --------- -----------
#M0                                                                 
#(sol         vel    M1 (so      M(i)lost  M(i)lostall
#Mass) Z0     (km/s) lMass) El   (solMass) (solMass)  
#----- ------ ------ ------ ---- --------- -----------
 13.00  -0.30 250.00   2.37    p  4.42e+00  1.06e+01
 13.00  -0.30 250.00   2.37   He  3.84e+00  1.06e+01
 13.00  -0.30 250.00   2.37    C  3.00e-01  1.06e+01
 13.00  -0.30 250.00   2.37    N  5.51e-02  1.06e+01
 13.00  -0.30 250.00   2.37    O  1.36e+00  1.06e+01
 13.00  -0.30 250.00   2.37    F  1.34e-04  1.06e+01
 13.00  -0.30 250.00   2.37   Ne  1.03e-01  1.06e+01
 13.00  -0.30 250.00   2.37   Mg  3.90e-02  1.06e+01
 13.00  -0.30 250.00   2.37   Si  2.33e-01  1.06e+01
 13.00  -0.30 250.00   2.37    S  1.89e-01  1.06e+01
 13.00  -0.30 250.00   2.37   Fe  9.44e-02  1.06e+01
 15.00  -0.30 250.00   2.50    p  4.90e+00  1.25e+01
 15.00  -0.30 250.00   2.50   He  4.42e+00  1.25e+01
 15.00  -0.30 250.00   2.50    C  3.47e-01  1.25e+01
 15.00  -0.30 250.00   2.50    N  7.30e-02  1.25e+01
 15.00  -0.30 250.00   2.50    O  1.86e+00  1.25e+01
 15.00  -0.30 250.00   2.50    F  1.68e-04  1.25e+01
 15.00  -0.30 250.00   2.50   Ne  1.31e-01  1.25e+01
 15.00  -0.30 250.00   2.50   Mg  4.77e-02  1.25e+01
 15.00  -0.30 250.00   2.50   Si  3.08e-01  1.25e+01
 15.00  -0.30 250.00   2.50    S  2.38e-01  1.25e+01
 15.00  -0.30 250.00   2.50   Fe  1.58e-01  1.25e+01
 20.00  -0.30 250.00   3.05    p  6.11e+00  1.70e+01
 20.00  -0.30 250.00   3.05   He  6.17e+00  1.70e+01
 20.00  -0.30 250.00   3.05    C  7.83e-01  1.70e+01
 20.00  -0.30 250.00   3.05    N  9.40e-02  1.70e+01
 20.00  -0.30 250.00   3.05    O  3.14e+00  1.70e+01
 20.00  -0.30 250.00   3.05    F  2.53e-04  1.70e+01
 20.00  -0.30 250.00   3.05   Ne  1.97e-01  1.70e+01
 20.00  -0.30 250.00   3.05   Mg  6.89e-02  1.70e+01
 20.00  -0.30 250.00   3.05   Si  2.20e-01  1.70e+01
 20.00  -0.30 250.00   3.05    S  9.24e-02  1.70e+01
 20.00  -0.30 250.00   3.05   Fe  8.42e-02  1.70e+01
 25.00  -0.30 250.00   3.03    p  7.36e+00  2.20e+01
 25.00  -0.30 250.00   3.03   He  7.32e+00  2.20e+01
 25.00  -0.30 250.00   3.03    C  1.07e+00  2.20e+01
 25.00  -0.30 250.00   3.03    N  7.72e-02  2.20e+01
 25.00  -0.30 250.00   3.03    O  4.85e+00  2.20e+01
 25.00  -0.30 250.00   3.03    F  5.69e-04  2.20e+01
 25.00  -0.30 250.00   3.03   Ne  7.04e-01  2.20e+01
 25.00  -0.30 250.00   3.03   Mg  1.55e-01  2.20e+01
 25.00  -0.30 250.00   3.03   Si  2.63e-01  2.20e+01
 25.00  -0.30 250.00   3.03    S  9.31e-02  2.20e+01
 25.00  -0.30 250.00   3.03   Fe  8.52e-02  2.20e+01
 30.00  -0.30 250.00   3.54    p  8.17e+00  2.65e+01
 30.00  -0.30 250.00   3.54   He  8.87e+00  2.65e+01
 30.00  -0.30 250.00   3.54    C  1.40e+00  2.65e+01
 30.00  -0.30 250.00   3.54    N  7.51e-02  2.65e+01
 30.00  -0.30 250.00   3.54    O  6.37e+00  2.65e+01
 30.00  -0.30 250.00   3.54    F  1.23e-03  2.65e+01
 30.00  -0.30 250.00   3.54   Ne  8.67e-01  2.65e+01
 30.00  -0.30 250.00   3.54   Mg  1.98e-01  2.65e+01
 30.00  -0.30 250.00   3.54   Si  3.04e-01  2.65e+01
 30.00  -0.30 250.00   3.54    S  1.16e-01  2.65e+01
 30.00  -0.30 250.00   3.54   Fe  8.69e-02  2.65e+01
 40.00  -0.30 250.00   4.36    p  1.05e+01  3.56e+01
 40.00  -0.30 250.00   4.36   He  1.13e+01  3.56e+01
 40.00  -0.30 250.00   4.36    C  2.20e+00  3.56e+01
 40.00  -0.30 250.00   4.36    N  1.11e-01  3.56e+01
 40.00  -0.30 250.00   4.36    O  9.32e+00  3.56e+01
 40.00  -0.30 250.00   4.36    F  8.57e-05  3.56e+01
 40.00  -0.30 250.00   4.36   Ne  1.17e+00  3.56e+01
 40.00  -0.30 250.00   4.36   Mg  3.18e-01  3.56e+01
 40.00  -0.30 250.00   4.36   Si  4.11e-01  3.56e+01
 40.00  -0.30 250.00   4.36    S  1.55e-01  3.56e+01
 40.00  -0.30 250.00   4.36   Fe  9.03e-02  3.56e+01
 60.00  -0.30 250.00   5.15    p  1.47e+01  5.48e+01
 60.00  -0.30 250.00   5.15   He  2.05e+01  5.48e+01
 60.00  -0.30 250.00   5.15    C  3.76e+00  5.48e+01
 60.00  -0.30 250.00   5.15    N  1.29e-01  5.48e+01
 60.00  -0.30 250.00   5.15    O  1.26e+01  5.48e+01
 60.00  -0.30 250.00   5.15    F  9.74e-06  5.48e+01
 60.00  -0.30 250.00   5.15   Ne  1.73e+00  5.48e+01
 60.00  -0.30 250.00   5.15   Mg  5.35e-01  5.48e+01
 60.00  -0.30 250.00   5.15   Si  5.88e-01  5.48e+01
 60.00  -0.30 250.00   5.15    S  2.16e-01  5.48e+01
 60.00  -0.30 250.00   5.15   Fe  1.01e-01  5.48e+01
 80.00  -0.30 250.00   6.40    p  1.90e+01  7.36e+01
 80.00  -0.30 250.00   6.40   He  3.05e+01  7.36e+01
 80.00  -0.30 250.00   6.40    C  4.69e+00  7.36e+01
 80.00  -0.30 250.00   6.40    N  1.79e-01  7.36e+01
 80.00  -0.30 250.00   6.40    O  1.56e+01  7.36e+01
 80.00  -0.30 250.00   6.40    F  8.04e-06  7.36e+01
 80.00  -0.30 250.00   6.40   Ne  1.70e+00  7.36e+01
 80.00  -0.30 250.00   6.40   Mg  6.15e-01  7.36e+01
 80.00  -0.30 250.00   6.40   Si  7.95e-01  7.36e+01
 80.00  -0.30 250.00   6.40    S  2.88e-01  7.36e+01
 80.00  -0.30 250.00   6.40   Fe  1.12e-01  7.36e+01
120.00  -0.30 250.00   7.52    p  2.78e+01  1.12e+02
120.00  -0.30 250.00   7.52   He  5.61e+01  1.12e+02
120.00  -0.30 250.00   7.52    C  5.59e+00  1.12e+02
120.00  -0.30 250.00   7.52    N  3.16e-01  1.12e+02
120.00  -0.30 250.00   7.52    O  1.83e+01  1.12e+02
120.00  -0.30 250.00   7.52    F  1.12e-05  1.12e+02
120.00  -0.30 250.00   7.52   Ne  1.79e+00  1.12e+02
120.00  -0.30 250.00   7.52   Mg  9.83e-01  1.12e+02
120.00  -0.30 250.00   7.52   Si  1.04e+00  1.12e+02
120.00  -0.30 250.00   7.52    S  3.42e-01  1.12e+02
120.00  -0.30 250.00   7.52   Fe  1.34e-01  1.12e+02
