#---Details of Columns:
#    M0 (solMass)          (F6.2)  [1/6.5] Initial mass [ucd=phys.mass]
#    [Fe/H]                (F7.2)  Initial metallicity [ucd=phys.abund.Z]
#    vel (km/s)            (F7.2)  Initial rotation [ucd=phys.mass]
#    M1 (solMass)          (F7.2)  Final mass (1) [ucd=phys.mass]
#    El                    (a4)    Species i (2) [ucd=phys.atmol.element]
#    M(i)lost (solMass)    (D9.2)  Mass of species i lost in the wind [ucd=phys.mass]
#    M(i)lostall (solMass) (D9.2)  Total mass lost in the wind [ucd=phys.mass]
#----- ------ ------ ------ ---- --------- -----------
#M0                                                                 
#(sol         vel    M1 (so      M(i)lost  M(i)lostall
#Mass) Z0     (km/s) lMass) El   (solMass) (solMass)  
#----- ------ ------ ------ ---- --------- -----------
 13.00  -0.30   0.00   1.57    p  6.19e+00  1.14e+01
 13.00  -0.30   0.00   1.57   He  4.59e+00  1.14e+01
 13.00  -0.30   0.00   1.57    C  1.27e-01  1.14e+01
 13.00  -0.30   0.00   1.57    N  1.64e-02  1.14e+01
 13.00  -0.30   0.00   1.57    O  2.67e-01  1.14e+01
 13.00  -0.30   0.00   1.57    F  1.51e-06  1.14e+01
 13.00  -0.30   0.00   1.57   Ne  5.06e-02  1.14e+01
 13.00  -0.30   0.00   1.57   Mg  2.21e-02  1.14e+01
 13.00  -0.30   0.00   1.57   Si  5.87e-02  1.14e+01
 13.00  -0.30   0.00   1.57    S  2.12e-02  1.14e+01
 13.00  -0.30   0.00   1.57   Fe  7.74e-02  1.14e+01
 15.00  -0.30   0.00   1.77    p  6.92e+00  1.32e+01
 15.00  -0.30   0.00   1.77   He  4.87e+00  1.32e+01
 15.00  -0.30   0.00   1.77    C  2.46e-01  1.32e+01
 15.00  -0.30   0.00   1.77    N  1.78e-02  1.32e+01
 15.00  -0.30   0.00   1.77    O  7.64e-01  1.32e+01
 15.00  -0.30   0.00   1.77    F  1.67e-06  1.32e+01
 15.00  -0.30   0.00   1.77   Ne  1.12e-01  1.32e+01
 15.00  -0.30   0.00   1.77   Mg  3.77e-02  1.32e+01
 15.00  -0.30   0.00   1.77   Si  1.09e-01  1.32e+01
 15.00  -0.30   0.00   1.77    S  3.96e-02  1.32e+01
 15.00  -0.30   0.00   1.77   Fe  7.95e-02  1.32e+01
 20.00  -0.30   0.00   1.77    p  8.63e+00  1.82e+01
 20.00  -0.30   0.00   1.77   He  6.99e+00  1.82e+01
 20.00  -0.30   0.00   1.77    C  4.06e-01  1.82e+01
 20.00  -0.30   0.00   1.77    N  2.21e-02  1.82e+01
 20.00  -0.30   0.00   1.77    O  1.31e+00  1.82e+01
 20.00  -0.30   0.00   1.77    F  2.29e-06  1.82e+01
 20.00  -0.30   0.00   1.77   Ne  4.58e-01  1.82e+01
 20.00  -0.30   0.00   1.77   Mg  1.24e-01  1.82e+01
 20.00  -0.30   0.00   1.77   Si  1.27e-01  1.82e+01
 20.00  -0.30   0.00   1.77    S  3.63e-02  1.82e+01
 20.00  -0.30   0.00   1.77   Fe  8.21e-02  1.82e+01
 25.00  -0.30   0.00   2.53    p  1.01e+01  2.25e+01
 25.00  -0.30   0.00   2.53   He  7.94e+00  2.25e+01
 25.00  -0.30   0.00   2.53    C  6.63e-01  2.25e+01
 25.00  -0.30   0.00   2.53    N  2.86e-02  2.25e+01
 25.00  -0.30   0.00   2.53    O  2.62e+00  2.25e+01
 25.00  -0.30   0.00   2.53    F  3.81e-06  2.25e+01
 25.00  -0.30   0.00   2.53   Ne  6.17e-01  2.25e+01
 25.00  -0.30   0.00   2.53   Mg  1.16e-01  2.25e+01
 25.00  -0.30   0.00   2.53   Si  1.65e-01  2.25e+01
 25.00  -0.30   0.00   2.53    S  5.40e-02  2.25e+01
 25.00  -0.30   0.00   2.53   Fe  8.24e-02  2.25e+01
 30.00  -0.30   0.00  22.31    p  4.81e+00  7.69e+00
 30.00  -0.30   0.00  22.31   He  2.79e+00  7.69e+00
 30.00  -0.30   0.00  22.31    C  9.04e-03  7.69e+00
 30.00  -0.30   0.00  22.31    N  2.32e-02  7.69e+00
 30.00  -0.30   0.00  22.31    O  2.75e-02  7.69e+00
 30.00  -0.30   0.00  22.31    F  2.18e-06  7.69e+00
 30.00  -0.30   0.00  22.31   Ne  8.10e-03  7.69e+00
 30.00  -0.30   0.00  22.31   Mg  4.79e-03  7.69e+00
 30.00  -0.30   0.00  22.31   Si  4.57e-03  7.69e+00
 30.00  -0.30   0.00  22.31    S  2.12e-03  7.69e+00
 30.00  -0.30   0.00  22.31   Fe  8.65e-03  7.69e+00
 40.00  -0.30   0.00  23.71    p  1.02e+01  1.63e+01
 40.00  -0.30   0.00  23.71   He  5.89e+00  1.63e+01
 40.00  -0.30   0.00  23.71    C  1.36e-02  1.63e+01
 40.00  -0.30   0.00  23.71    N  3.87e-02  1.63e+01
 40.00  -0.30   0.00  23.71    O  4.30e-02  1.63e+01
 40.00  -0.30   0.00  23.71    F  2.83e-06  1.63e+01
 40.00  -0.30   0.00  23.71   Ne  1.15e-02  1.63e+01
 40.00  -0.30   0.00  23.71   Mg  7.19e-03  1.63e+01
 40.00  -0.30   0.00  23.71   Si  7.19e-03  1.63e+01
 40.00  -0.30   0.00  23.71    S  3.27e-03  1.63e+01
 40.00  -0.30   0.00  23.71   Fe  1.25e-02  1.63e+01
 60.00  -0.30   0.00  33.46    p  1.48e+01  2.65e+01
 60.00  -0.30   0.00  33.46   He  1.14e+01  2.65e+01
 60.00  -0.30   0.00  33.46    C  1.39e-01  2.65e+01
 60.00  -0.30   0.00  33.46    N  7.97e-02  2.65e+01
 60.00  -0.30   0.00  33.46    O  6.83e-02  2.65e+01
 60.00  -0.30   0.00  33.46    F  5.06e-06  2.65e+01
 60.00  -0.30   0.00  33.46   Ne  2.38e-02  2.65e+01
 60.00  -0.30   0.00  33.46   Mg  1.18e-02  2.65e+01
 60.00  -0.30   0.00  33.46   Si  1.19e-02  2.65e+01
 60.00  -0.30   0.00  33.46    S  5.40e-03  2.65e+01
 60.00  -0.30   0.00  33.46   Fe  2.07e-02  2.65e+01
 80.00  -0.30   0.00  34.02    p  2.38e+01  4.60e+01
 80.00  -0.30   0.00  34.02   He  2.14e+01  4.60e+01
 80.00  -0.30   0.00  34.02    C  3.88e-01  4.60e+01
 80.00  -0.30   0.00  34.02    N  1.30e-01  4.60e+01
 80.00  -0.30   0.00  34.02    O  1.09e-01  4.60e+01
 80.00  -0.30   0.00  34.02    F  5.86e-06  4.60e+01
 80.00  -0.30   0.00  34.02   Ne  4.20e-02  4.60e+01
 80.00  -0.30   0.00  34.02   Mg  1.68e-02  4.60e+01
 80.00  -0.30   0.00  34.02   Si  1.77e-02  4.60e+01
 80.00  -0.30   0.00  34.02    S  7.92e-03  4.60e+01
 80.00  -0.30   0.00  34.02   Fe  2.89e-02  4.60e+01
120.00  -0.30   0.00  42.91    p  3.33e+01  7.71e+01
120.00  -0.30   0.00  42.91   He  4.22e+01  7.71e+01
120.00  -0.30   0.00  42.91    C  8.50e-01  7.71e+01
120.00  -0.30   0.00  42.91    N  2.40e-01  7.71e+01
120.00  -0.30   0.00  42.91    O  2.41e-01  7.71e+01
120.00  -0.30   0.00  42.91    F  9.48e-06  7.71e+01
120.00  -0.30   0.00  42.91   Ne  7.74e-02  7.71e+01
120.00  -0.30   0.00  42.91   Mg  2.72e-02  7.71e+01
120.00  -0.30   0.00  42.91   Si  2.89e-02  7.71e+01
120.00  -0.30   0.00  42.91    S  1.30e-02  7.71e+01
120.00  -0.30   0.00  42.91   Fe  4.69e-02  7.71e+01
