#---Details of Columns:
#    M0 (solMass)          (F6.2)  [1/6.5] Initial mass [ucd=phys.mass]
#    [Fe/H]                (F7.2)  Initial metallicity [ucd=phys.abund.Z]
#    vel (km/s)            (F7.2)  Initial rotation [ucd=phys.mass]
#    M1 (solMass)          (F7.2)  Final mass (1) [ucd=phys.mass]
#    El                    (a4)    Species i (2) [ucd=phys.atmol.element]
#    M(i)lost (solMass)    (D9.2)  Mass of species i lost in the wind [ucd=phys.mass]
#    M(i)lostall (solMass) (D9.2)  Total mass lost in the wind [ucd=phys.mass]
#----- ------ ------ ------ ---- --------- -----------
#M0                                                                 
#(sol         vel    M1 (so      M(i)lost  M(i)lostall
#Mass) Z0     (km/s) lMass) El   (solMass) (solMass)  
#----- ------ ------ ------ ---- --------- -----------
 13.00  -2.00 100.00   2.05    p  5.33e+00  1.09e+01
 13.00  -2.00 100.00   2.05   He  4.03e+00  1.09e+01
 13.00  -2.00 100.00   2.05    C  2.44e-01  1.09e+01
 13.00  -2.00 100.00   2.05    N  2.88e-02  1.09e+01
 13.00  -2.00 100.00   2.05    O  1.07e+00  1.09e+01
 13.00  -2.00 100.00   2.05    F  5.56e-05  1.09e+01
 13.00  -2.00 100.00   2.05   Ne  6.42e-02  1.09e+01
 13.00  -2.00 100.00   2.05   Mg  2.10e-02  1.09e+01
 13.00  -2.00 100.00   2.05   Si  7.25e-02  1.09e+01
 13.00  -2.00 100.00   2.05    S  2.82e-02  1.09e+01
 13.00  -2.00 100.00   2.05   Fe  7.29e-02  1.09e+01
 15.00  -2.00 100.00   2.16    p  5.97e+00  1.28e+01
 15.00  -2.00 100.00   2.16   He  4.55e+00  1.28e+01
 15.00  -2.00 100.00   2.16    C  3.43e-01  1.28e+01
 15.00  -2.00 100.00   2.16    N  2.42e-02  1.28e+01
 15.00  -2.00 100.00   2.16    O  1.50e+00  1.28e+01
 15.00  -2.00 100.00   2.16    F  6.89e-04  1.28e+01
 15.00  -2.00 100.00   2.16   Ne  7.10e-02  1.28e+01
 15.00  -2.00 100.00   2.16   Mg  1.71e-02  1.28e+01
 15.00  -2.00 100.00   2.16   Si  1.60e-01  1.28e+01
 15.00  -2.00 100.00   2.16    S  1.26e-01  1.28e+01
 15.00  -2.00 100.00   2.16   Fe  7.34e-02  1.28e+01
 20.00  -2.00 100.00   2.59    p  7.66e+00  1.74e+01
 20.00  -2.00 100.00   2.59   He  6.02e+00  1.74e+01
 20.00  -2.00 100.00   2.59    C  5.06e-01  1.74e+01
 20.00  -2.00 100.00   2.59    N  4.67e-02  1.74e+01
 20.00  -2.00 100.00   2.59    O  2.55e+00  1.74e+01
 20.00  -2.00 100.00   2.59    F  4.82e-04  1.74e+01
 20.00  -2.00 100.00   2.59   Ne  2.61e-01  1.74e+01
 20.00  -2.00 100.00   2.59   Mg  7.30e-02  1.74e+01
 20.00  -2.00 100.00   2.59   Si  1.52e-01  1.74e+01
 20.00  -2.00 100.00   2.59    S  5.33e-02  1.74e+01
 20.00  -2.00 100.00   2.59   Fe  7.31e-02  1.74e+01
 25.00  -2.00 100.00   2.83    p  9.23e+00  2.22e+01
 25.00  -2.00 100.00   2.83   He  7.23e+00  2.22e+01
 25.00  -2.00 100.00   2.83    C  6.69e-01  2.22e+01
 25.00  -2.00 100.00   2.83    N  3.96e-02  2.22e+01
 25.00  -2.00 100.00   2.83    O  3.97e+00  2.22e+01
 25.00  -2.00 100.00   2.83    F  1.25e-04  2.22e+01
 25.00  -2.00 100.00   2.83   Ne  5.81e-01  2.22e+01
 25.00  -2.00 100.00   2.83   Mg  1.21e-01  2.22e+01
 25.00  -2.00 100.00   2.83   Si  1.81e-01  2.22e+01
 25.00  -2.00 100.00   2.83    S  5.66e-02  2.22e+01
 25.00  -2.00 100.00   2.83   Fe  7.30e-02  2.22e+01
 30.00  -2.00 100.00   3.35    p  1.02e+01  2.67e+01
 30.00  -2.00 100.00   3.35   He  7.73e+00  2.67e+01
 30.00  -2.00 100.00   3.35    C  1.20e+00  2.67e+01
 30.00  -2.00 100.00   3.35    N  2.06e-02  2.67e+01
 30.00  -2.00 100.00   3.35    O  5.99e+00  2.67e+01
 30.00  -2.00 100.00   3.35    F  8.82e-04  2.67e+01
 30.00  -2.00 100.00   3.35   Ne  9.16e-01  2.67e+01
 30.00  -2.00 100.00   3.35   Mg  1.66e-01  2.67e+01
 30.00  -2.00 100.00   3.35   Si  2.45e-01  2.67e+01
 30.00  -2.00 100.00   3.35    S  7.53e-02  2.67e+01
 30.00  -2.00 100.00   3.35   Fe  7.26e-02  2.67e+01
 40.00  -2.00 100.00   4.72    p  1.24e+01  3.53e+01
 40.00  -2.00 100.00   4.72   He  8.79e+00  3.53e+01
 40.00  -2.00 100.00   4.72    C  1.81e+00  3.53e+01
 40.00  -2.00 100.00   4.72    N  6.75e-03  3.53e+01
 40.00  -2.00 100.00   4.72    O  1.02e+01  3.53e+01
 40.00  -2.00 100.00   4.72    F  1.29e-04  3.53e+01
 40.00  -2.00 100.00   4.72   Ne  1.10e+00  3.53e+01
 40.00  -2.00 100.00   4.72   Mg  3.18e-01  3.53e+01
 40.00  -2.00 100.00   4.72   Si  4.32e-01  3.53e+01
 40.00  -2.00 100.00   4.72    S  1.41e-01  3.53e+01
 40.00  -2.00 100.00   4.72   Fe  7.34e-02  3.53e+01
 60.00  -2.00 100.00   7.70    p  1.58e+01  5.23e+01
 60.00  -2.00 100.00   7.70   He  1.22e+01  5.23e+01
 60.00  -2.00 100.00   7.70    C  2.40e+00  5.23e+01
 60.00  -2.00 100.00   7.70    N  1.24e-02  5.23e+01
 60.00  -2.00 100.00   7.70    O  1.80e+01  5.23e+01
 60.00  -2.00 100.00   7.70    F  1.16e-04  5.23e+01
 60.00  -2.00 100.00   7.70   Ne  1.82e+00  5.23e+01
 60.00  -2.00 100.00   7.70   Mg  9.65e-01  5.23e+01
 60.00  -2.00 100.00   7.70   Si  7.73e-01  5.23e+01
 60.00  -2.00 100.00   7.70    S  2.60e-01  5.23e+01
 60.00  -2.00 100.00   7.70   Fe  7.46e-02  5.23e+01
 80.00  -2.00 100.00   8.12    p  2.06e+01  7.19e+01
 80.00  -2.00 100.00   8.12   He  1.65e+01  7.19e+01
 80.00  -2.00 100.00   8.12    C  2.98e+00  7.19e+01
 80.00  -2.00 100.00   8.12    N  1.67e-02  7.19e+01
 80.00  -2.00 100.00   8.12    O  2.65e+01  7.19e+01
 80.00  -2.00 100.00   8.12    F  2.03e-04  7.19e+01
 80.00  -2.00 100.00   8.12   Ne  2.55e+00  7.19e+01
 80.00  -2.00 100.00   8.12   Mg  1.35e+00  7.19e+01
 80.00  -2.00 100.00   8.12   Si  1.09e+00  7.19e+01
 80.00  -2.00 100.00   8.12    S  3.67e-01  7.19e+01
 80.00  -2.00 100.00   8.12   Fe  7.61e-02  7.19e+01
120.00  -2.00 100.00  19.87    p  2.69e+01  1.00e+02
120.00  -2.00 100.00  19.87   He  2.83e+01  1.00e+02
120.00  -2.00 100.00  19.87    C  4.11e+00  1.00e+02
120.00  -2.00 100.00  19.87    N  5.63e-02  1.00e+02
120.00  -2.00 100.00  19.87    O  3.71e+01  1.00e+02
120.00  -2.00 100.00  19.87    F  7.36e-07  1.00e+02
120.00  -2.00 100.00  19.87   Ne  2.33e+00  1.00e+02
120.00  -2.00 100.00  19.87   Mg  6.57e-01  1.00e+02
120.00  -2.00 100.00  19.87   Si  3.54e-01  1.00e+02
120.00  -2.00 100.00  19.87    S  1.19e-01  1.00e+02
120.00  -2.00 100.00  19.87   Fe  5.63e-02  1.00e+02
