#---Details of Columns:
#    M0 (solMass)          (F6.2)  [1/6.5] Initial mass [ucd=phys.mass]
#    [Fe/H]                (F7.2)  Initial metallicity [ucd=phys.abund.Z]
#    vel (km/s)            (F7.2)  Initial rotation [ucd=phys.mass]
#    M1 (solMass)          (F7.2)  Final mass (1) [ucd=phys.mass]
#    El                    (a4)    Species i (2) [ucd=phys.atmol.element]
#    M(i)lost (solMass)    (D9.2)  Mass of species i lost in the wind [ucd=phys.mass]
#    M(i)lostall (solMass) (D9.2)  Total mass lost in the wind [ucd=phys.mass]
#----- ------ ------ ------ ---- --------- -----------
#M0                                                                 
#(sol         vel    M1 (so      M(i)lost  M(i)lostall
#Mass) Z0     (km/s) lMass) El   (solMass) (solMass)  
#----- ------ ------ ------ ---- --------- -----------
 13.00  -3.00 100.00   2.03    p  5.33e+00  1.10e+01
 13.00  -3.00 100.00   2.03   He  4.03e+00  1.10e+01
 13.00  -3.00 100.00   2.03    C  2.38e-01  1.10e+01
 13.00  -3.00 100.00   2.03    N  2.08e-02  1.10e+01
 13.00  -3.00 100.00   2.03    O  1.06e+00  1.10e+01
 13.00  -3.00 100.00   2.03    F  6.67e-05  1.10e+01
 13.00  -3.00 100.00   2.03   Ne  4.87e-02  1.10e+01
 13.00  -3.00 100.00   2.03   Mg  1.80e-02  1.10e+01
 13.00  -3.00 100.00   2.03   Si  7.24e-02  1.10e+01
 13.00  -3.00 100.00   2.03    S  2.93e-02  1.10e+01
 13.00  -3.00 100.00   2.03   Fe  7.04e-02  1.10e+01
 15.00  -3.00 100.00   2.13    p  5.96e+00  1.29e+01
 15.00  -3.00 100.00   2.13   He  4.50e+00  1.29e+01
 15.00  -3.00 100.00   2.13    C  3.41e-01  1.29e+01
 15.00  -3.00 100.00   2.13    N  1.12e-02  1.29e+01
 15.00  -3.00 100.00   2.13    O  1.61e+00  1.29e+01
 15.00  -3.00 100.00   2.13    F  1.02e-03  1.29e+01
 15.00  -3.00 100.00   2.13   Ne  6.64e-02  1.29e+01
 15.00  -3.00 100.00   2.13   Mg  1.53e-02  1.29e+01
 15.00  -3.00 100.00   2.13   Si  1.58e-01  1.29e+01
 15.00  -3.00 100.00   2.13    S  1.16e-01  1.29e+01
 15.00  -3.00 100.00   2.13   Fe  7.10e-02  1.29e+01
 20.00  -3.00 100.00   2.57    p  7.70e+00  1.74e+01
 20.00  -3.00 100.00   2.57   He  5.98e+00  1.74e+01
 20.00  -3.00 100.00   2.57    C  5.04e-01  1.74e+01
 20.00  -3.00 100.00   2.57    N  3.27e-02  1.74e+01
 20.00  -3.00 100.00   2.57    O  2.55e+00  1.74e+01
 20.00  -3.00 100.00   2.57    F  6.80e-04  1.74e+01
 20.00  -3.00 100.00   2.57   Ne  2.74e-01  1.74e+01
 20.00  -3.00 100.00   2.57   Mg  7.40e-02  1.74e+01
 20.00  -3.00 100.00   2.57   Si  1.40e-01  1.74e+01
 20.00  -3.00 100.00   2.57    S  4.68e-02  1.74e+01
 20.00  -3.00 100.00   2.57   Fe  7.05e-02  1.74e+01
 25.00  -3.00 100.00   2.83    p  9.21e+00  2.22e+01
 25.00  -3.00 100.00   2.83   He  7.23e+00  2.22e+01
 25.00  -3.00 100.00   2.83    C  6.06e-01  2.22e+01
 25.00  -3.00 100.00   2.83    N  5.27e-02  2.22e+01
 25.00  -3.00 100.00   2.83    O  3.94e+00  2.22e+01
 25.00  -3.00 100.00   2.83    F  1.40e-04  2.22e+01
 25.00  -3.00 100.00   2.83   Ne  5.95e-01  2.22e+01
 25.00  -3.00 100.00   2.83   Mg  1.18e-01  2.22e+01
 25.00  -3.00 100.00   2.83   Si  1.80e-01  2.22e+01
 25.00  -3.00 100.00   2.83    S  5.57e-02  2.22e+01
 25.00  -3.00 100.00   2.83   Fe  7.04e-02  2.22e+01
 30.00  -3.00 100.00  28.45    p  1.07e+00  1.55e+00
 30.00  -3.00 100.00  28.45   He  4.82e-01  1.55e+00
 30.00  -3.00 100.00  28.45    C  5.68e-06  1.55e+00
 30.00  -3.00 100.00  28.45    N  6.34e-05  1.55e+00
 30.00  -3.00 100.00  28.45    O  2.95e-05  1.55e+00
 30.00  -3.00 100.00  28.45    F  3.61e-10  1.55e+00
 30.00  -3.00 100.00  28.45   Ne  1.58e-06  1.55e+00
 30.00  -3.00 100.00  28.45   Mg  2.06e-06  1.55e+00
 30.00  -3.00 100.00  28.45   Si  2.79e-06  1.55e+00
 30.00  -3.00 100.00  28.45    S  1.08e-06  1.55e+00
 30.00  -3.00 100.00  28.45   Fe  2.02e-06  1.55e+00
 40.00  -3.00 100.00  29.72    p  7.41e+00  1.03e+01
 40.00  -3.00 100.00  29.72   He  2.89e+00  1.03e+01
 40.00  -3.00 100.00  29.72    C  4.73e-06  1.03e+01
 40.00  -3.00 100.00  29.72    N  1.13e-04  1.03e+01
 40.00  -3.00 100.00  29.72    O  1.41e-04  1.03e+01
 40.00  -3.00 100.00  29.72    F  3.27e-09  1.03e+01
 40.00  -3.00 100.00  29.72   Ne  1.08e-05  1.03e+01
 40.00  -3.00 100.00  29.72   Mg  1.36e-05  1.03e+01
 40.00  -3.00 100.00  29.72   Si  1.82e-05  1.03e+01
 40.00  -3.00 100.00  29.72    S  7.14e-06  1.03e+01
 40.00  -3.00 100.00  29.72   Fe  1.33e-05  1.03e+01
 60.00  -3.00 100.00  47.91    p  8.75e+00  1.21e+01
 60.00  -3.00 100.00  47.91   He  3.32e+00  1.21e+01
 60.00  -3.00 100.00  47.91    C  7.55e-06  1.21e+01
 60.00  -3.00 100.00  47.91    N  1.34e-04  1.21e+01
 60.00  -3.00 100.00  47.91    O  1.62e-04  1.21e+01
 60.00  -3.00 100.00  47.91    F  3.98e-09  1.21e+01
 60.00  -3.00 100.00  47.91   Ne  1.27e-05  1.21e+01
 60.00  -3.00 100.00  47.91   Mg  1.54e-05  1.21e+01
 60.00  -3.00 100.00  47.91   Si  2.17e-05  1.21e+01
 60.00  -3.00 100.00  47.91    S  8.41e-06  1.21e+01
 60.00  -3.00 100.00  47.91   Fe  1.57e-05  1.21e+01
 80.00  -3.00 100.00  62.43    p  1.26e+01  1.76e+01
 80.00  -3.00 100.00  62.43   He  5.03e+00  1.76e+01
 80.00  -3.00 100.00  62.43    C  1.21e-05  1.76e+01
 80.00  -3.00 100.00  62.43    N  2.24e-04  1.76e+01
 80.00  -3.00 100.00  62.43    O  2.01e-04  1.76e+01
 80.00  -3.00 100.00  62.43    F  4.83e-09  1.76e+01
 80.00  -3.00 100.00  62.43   Ne  1.72e-05  1.76e+01
 80.00  -3.00 100.00  62.43   Mg  2.20e-05  1.76e+01
 80.00  -3.00 100.00  62.43   Si  3.29e-05  1.76e+01
 80.00  -3.00 100.00  62.43    S  1.22e-05  1.76e+01
 80.00  -3.00 100.00  62.43   Fe  2.28e-05  1.76e+01
120.00  -3.00 100.00  89.75    p  1.69e+01  3.02e+01
120.00  -3.00 100.00  89.75   He  1.34e+01  3.02e+01
120.00  -3.00 100.00  89.75    C  2.97e-05  3.02e+01
120.00  -3.00 100.00  89.75    N  9.33e-04  3.02e+01
120.00  -3.00 100.00  89.75    O  2.22e-04  3.02e+01
120.00  -3.00 100.00  89.75    F  4.19e-09  3.02e+01
120.00  -3.00 100.00  89.75   Ne  1.83e-05  3.02e+01
120.00  -3.00 100.00  89.75   Mg  2.21e-05  3.02e+01
120.00  -3.00 100.00  89.75   Si  8.89e-05  3.02e+01
120.00  -3.00 100.00  89.75    S  2.11e-05  3.02e+01
120.00  -3.00 100.00  89.75   Fe  3.93e-05  3.02e+01
