#---Details of Columns:
#    M0 (solMass)          (F6.2)  [1/6.5] Initial mass [ucd=phys.mass]
#    [Fe/H]                (F7.2)  Initial metallicity [ucd=phys.abund.Z]
#    vel (km/s)            (F7.2)  Initial rotation [ucd=phys.mass]
#    M1 (solMass)          (F7.2)  Final mass (1) [ucd=phys.mass]
#    El                    (a4)    Species i (2) [ucd=phys.atmol.element]
#    M(i)lost (solMass)    (D9.2)  Mass of species i lost in the wind [ucd=phys.mass]
#    M(i)lostall (solMass) (D9.2)  Total mass lost in the wind [ucd=phys.mass]
#----- ------ ------ ------ ---- --------- -----------
#M0                                                                 
#(sol         vel    M1 (so      M(i)lost  M(i)lostall
#Mass) Z0     (km/s) lMass) El   (solMass) (solMass)  
#----- ------ ------ ------ ---- --------- -----------
 13.00  -1.00 100.00   1.95    p  5.30e+00  1.10e+01
 13.00  -1.00 100.00   1.95   He  4.06e+00  1.10e+01
 13.00  -1.00 100.00   1.95    C  2.55e-01  1.10e+01
 13.00  -1.00 100.00   1.95    N  4.24e-02  1.10e+01
 13.00  -1.00 100.00   1.95    O  1.02e+00  1.10e+01
 13.00  -1.00 100.00   1.95    F  2.78e-05  1.10e+01
 13.00  -1.00 100.00   1.95   Ne  8.57e-02  1.10e+01
 13.00  -1.00 100.00   1.95   Mg  2.42e-02  1.10e+01
 13.00  -1.00 100.00   1.95   Si  8.70e-02  1.10e+01
 13.00  -1.00 100.00   1.95    S  5.07e-02  1.10e+01
 13.00  -1.00 100.00   1.95   Fe  7.16e-02  1.10e+01
 15.00  -1.00 100.00   2.14    p  5.92e+00  1.29e+01
 15.00  -1.00 100.00   2.14   He  4.61e+00  1.29e+01
 15.00  -1.00 100.00   2.14    C  3.50e-01  1.29e+01
 15.00  -1.00 100.00   2.14    N  5.07e-02  1.29e+01
 15.00  -1.00 100.00   2.14    O  1.38e+00  1.29e+01
 15.00  -1.00 100.00   2.14    F  6.83e-05  1.29e+01
 15.00  -1.00 100.00   2.14   Ne  9.28e-02  1.29e+01
 15.00  -1.00 100.00   2.14   Mg  2.64e-02  1.29e+01
 15.00  -1.00 100.00   2.14   Si  1.45e-01  1.29e+01
 15.00  -1.00 100.00   2.14    S  1.15e-01  1.29e+01
 15.00  -1.00 100.00   2.14   Fe  7.27e-02  1.29e+01
 20.00  -1.00 100.00   2.60    p  7.40e+00  1.74e+01
 20.00  -1.00 100.00   2.60   He  6.13e+00  1.74e+01
 20.00  -1.00 100.00   2.60    C  5.16e-01  1.74e+01
 20.00  -1.00 100.00   2.60    N  7.10e-02  1.74e+01
 20.00  -1.00 100.00   2.60    O  2.54e+00  1.74e+01
 20.00  -1.00 100.00   2.60    F  1.74e-04  1.74e+01
 20.00  -1.00 100.00   2.60   Ne  2.56e-01  1.74e+01
 20.00  -1.00 100.00   2.60   Mg  7.60e-02  1.74e+01
 20.00  -1.00 100.00   2.60   Si  1.80e-01  1.74e+01
 20.00  -1.00 100.00   2.60    S  6.56e-02  1.74e+01
 20.00  -1.00 100.00   2.60   Fe  7.21e-02  1.74e+01
 25.00  -1.00 100.00   2.78    p  9.04e+00  2.22e+01
 25.00  -1.00 100.00   2.78   He  7.31e+00  2.22e+01
 25.00  -1.00 100.00   2.78    C  7.55e-01  2.22e+01
 25.00  -1.00 100.00   2.78    N  2.26e-02  2.22e+01
 25.00  -1.00 100.00   2.78    O  3.97e+00  2.22e+01
 25.00  -1.00 100.00   2.78    F  1.83e-04  2.22e+01
 25.00  -1.00 100.00   2.78   Ne  5.72e-01  2.22e+01
 25.00  -1.00 100.00   2.78   Mg  1.26e-01  2.22e+01
 25.00  -1.00 100.00   2.78   Si  1.92e-01  2.22e+01
 25.00  -1.00 100.00   2.78    S  6.21e-02  2.22e+01
 25.00  -1.00 100.00   2.78   Fe  7.20e-02  2.22e+01
 30.00  -1.00 100.00  27.40    p  1.74e+00  2.60e+00
 30.00  -1.00 100.00  27.40   He  8.47e-01  2.60e+00
 30.00  -1.00 100.00  27.40    C  3.10e-04  2.60e+00
 30.00  -1.00 100.00  27.40    N  1.14e-03  2.60e+00
 30.00  -1.00 100.00  27.40    O  1.80e-03  2.60e+00
 30.00  -1.00 100.00  27.40    F  4.09e-08  2.60e+00
 30.00  -1.00 100.00  27.40   Ne  1.55e-04  2.60e+00
 30.00  -1.00 100.00  27.40   Mg  1.62e-04  2.60e+00
 30.00  -1.00 100.00  27.40   Si  2.25e-04  2.60e+00
 30.00  -1.00 100.00  27.40    S  9.09e-05  2.60e+00
 30.00  -1.00 100.00  27.40   Fe  1.70e-04  2.60e+00
 40.00  -1.00 100.00  26.37    p  8.70e+00  1.36e+01
 40.00  -1.00 100.00  26.37   He  4.86e+00  1.36e+01
 40.00  -1.00 100.00  26.37    C  5.60e-03  1.36e+01
 40.00  -1.00 100.00  26.37    N  1.52e-02  1.36e+01
 40.00  -1.00 100.00  26.37    O  8.62e-03  1.36e+01
 40.00  -1.00 100.00  26.37    F  1.17e-07  1.36e+01
 40.00  -1.00 100.00  26.37   Ne  7.57e-04  1.36e+01
 40.00  -1.00 100.00  26.37   Mg  7.97e-04  1.36e+01
 40.00  -1.00 100.00  26.37   Si  1.12e-03  1.36e+01
 40.00  -1.00 100.00  26.37    S  4.51e-04  1.36e+01
 40.00  -1.00 100.00  26.37   Fe  8.43e-04  1.36e+01
 60.00  -1.00 100.00  39.57    p  1.17e+01  2.04e+01
 60.00  -1.00 100.00  39.57   He  8.38e+00  2.04e+01
 60.00  -1.00 100.00  39.57    C  2.50e-01  2.04e+01
 60.00  -1.00 100.00  39.57    N  2.50e-02  2.04e+01
 60.00  -1.00 100.00  39.57    O  5.20e-02  2.04e+01
 60.00  -1.00 100.00  39.57    F  8.97e-07  2.04e+01
 60.00  -1.00 100.00  39.57   Ne  4.31e-03  2.04e+01
 60.00  -1.00 100.00  39.57   Mg  1.32e-03  2.04e+01
 60.00  -1.00 100.00  39.57   Si  1.90e-03  2.04e+01
 60.00  -1.00 100.00  39.57    S  7.66e-04  2.04e+01
 60.00  -1.00 100.00  39.57   Fe  1.43e-03  2.04e+01
 80.00  -1.00 100.00  51.46    p  1.56e+01  2.85e+01
 80.00  -1.00 100.00  51.46   He  1.23e+01  2.85e+01
 80.00  -1.00 100.00  51.46    C  4.80e-01  2.85e+01
 80.00  -1.00 100.00  51.46    N  3.81e-02  2.85e+01
 80.00  -1.00 100.00  51.46    O  1.15e-01  2.85e+01
 80.00  -1.00 100.00  51.46    F  9.43e-07  2.85e+01
 80.00  -1.00 100.00  51.46   Ne  6.80e-03  2.85e+01
 80.00  -1.00 100.00  51.46   Mg  1.93e-03  2.85e+01
 80.00  -1.00 100.00  51.46   Si  2.76e-03  2.85e+01
 80.00  -1.00 100.00  51.46    S  1.12e-03  2.85e+01
 80.00  -1.00 100.00  51.46   Fe  2.08e-03  2.85e+01
120.00  -1.00 100.00  69.46    p  2.22e+01  5.05e+01
120.00  -1.00 100.00  69.46   He  2.73e+01  5.05e+01
120.00  -1.00 100.00  69.46    C  7.06e-01  5.05e+01
120.00  -1.00 100.00  69.46    N  6.79e-02  5.05e+01
120.00  -1.00 100.00  69.46    O  1.93e-01  5.05e+01
120.00  -1.00 100.00  69.46    F  1.72e-06  5.05e+01
120.00  -1.00 100.00  69.46   Ne  1.01e-02  5.05e+01
120.00  -1.00 100.00  69.46   Mg  3.31e-03  5.05e+01
120.00  -1.00 100.00  69.46   Si  4.93e-03  5.05e+01
120.00  -1.00 100.00  69.46    S  1.99e-03  5.05e+01
120.00  -1.00 100.00  69.46   Fe  3.71e-03  5.05e+01
