#---Details of Columns:
#    M0 (solMass)          (F6.2)  [1/6.5] Initial mass [ucd=phys.mass]
#    [Fe/H]                (F7.2)  Initial metallicity [ucd=phys.abund.Z]
#    vel (km/s)            (F7.2)  Initial rotation [ucd=phys.mass]
#    M1 (solMass)          (F7.2)  Final mass (1) [ucd=phys.mass]
#    El                    (a4)    Species i (2) [ucd=phys.atmol.element]
#    M(i)lost (solMass)    (D9.2)  Mass of species i lost in the wind [ucd=phys.mass]
#    M(i)lostall (solMass) (D9.2)  Total mass lost in the wind [ucd=phys.mass]
#----- ------ ------ ------ ---- --------- -----------
#M0                                                                 
#(sol         vel    M1 (so      M(i)lost  M(i)lostall
#Mass) Z0     (km/s) lMass) El   (solMass) (solMass)  
#----- ------ ------ ------ ---- --------- -----------
 13.00  -1.00   0.00   1.66    p  6.24e+00  1.13e+01
 13.00  -1.00   0.00   1.66   He  4.49e+00  1.13e+01
 13.00  -1.00   0.00   1.66    C  1.49e-01  1.13e+01
 13.00  -1.00   0.00   1.66    N  3.25e-03  1.13e+01
 13.00  -1.00   0.00   1.66    O  2.75e-01  1.13e+01
 13.00  -1.00   0.00   1.66    F  1.60e-07  1.13e+01
 13.00  -1.00   0.00   1.66   Ne  2.68e-02  1.13e+01
 13.00  -1.00   0.00   1.66   Mg  1.53e-02  1.13e+01
 13.00  -1.00   0.00   1.66   Si  5.90e-02  1.13e+01
 13.00  -1.00   0.00   1.66    S  2.03e-02  1.13e+01
 13.00  -1.00   0.00   1.66   Fe  7.13e-02  1.13e+01
 15.00  -1.00   0.00   1.74    p  6.99e+00  1.33e+01
 15.00  -1.00   0.00   1.74   He  5.00e+00  1.33e+01
 15.00  -1.00   0.00   1.74    C  2.62e-01  1.33e+01
 15.00  -1.00   0.00   1.74    N  3.47e-03  1.33e+01
 15.00  -1.00   0.00   1.74    O  6.64e-01  1.33e+01
 15.00  -1.00   0.00   1.74    F  1.77e-07  1.33e+01
 15.00  -1.00   0.00   1.74   Ne  6.46e-02  1.33e+01
 15.00  -1.00   0.00   1.74   Mg  2.86e-02  1.33e+01
 15.00  -1.00   0.00   1.74   Si  9.79e-02  1.33e+01
 15.00  -1.00   0.00   1.74    S  3.27e-02  1.33e+01
 15.00  -1.00   0.00   1.74   Fe  7.18e-02  1.33e+01
 20.00  -1.00   0.00   1.80    p  8.75e+00  1.82e+01
 20.00  -1.00   0.00   1.80   He  6.81e+00  1.82e+01
 20.00  -1.00   0.00   1.80    C  4.05e-01  1.82e+01
 20.00  -1.00   0.00   1.80    N  4.60e-03  1.82e+01
 20.00  -1.00   0.00   1.80    O  1.35e+00  1.82e+01
 20.00  -1.00   0.00   1.80    F  2.70e-07  1.82e+01
 20.00  -1.00   0.00   1.80   Ne  4.73e-01  1.82e+01
 20.00  -1.00   0.00   1.80   Mg  1.14e-01  1.82e+01
 20.00  -1.00   0.00   1.80   Si  1.11e-01  1.82e+01
 20.00  -1.00   0.00   1.80    S  3.02e-02  1.82e+01
 20.00  -1.00   0.00   1.80   Fe  7.21e-02  1.82e+01
 25.00  -1.00   0.00   2.35    p  1.03e+01  2.27e+01
 25.00  -1.00   0.00   2.35   He  8.12e+00  2.27e+01
 25.00  -1.00   0.00   2.35    C  6.59e-01  2.27e+01
 25.00  -1.00   0.00   2.35    N  5.48e-03  2.27e+01
 25.00  -1.00   0.00   2.35    O  2.49e+00  2.27e+01
 25.00  -1.00   0.00   2.35    F  9.75e-07  2.27e+01
 25.00  -1.00   0.00   2.35   Ne  6.63e-01  2.27e+01
 25.00  -1.00   0.00   2.35   Mg  1.08e-01  2.27e+01
 25.00  -1.00   0.00   2.35   Si  1.32e-01  2.27e+01
 25.00  -1.00   0.00   2.35    S  3.92e-02  2.27e+01
 25.00  -1.00   0.00   2.35   Fe  7.16e-02  2.27e+01
 30.00  -1.00   0.00  29.31    p  5.21e-01  6.93e-01
 30.00  -1.00   0.00  29.31   He  1.73e-01  6.93e-01
 30.00  -1.00   0.00  29.31    C  2.69e-04  6.93e-01
 30.00  -1.00   0.00  29.31    N  4.27e-05  6.93e-01
 30.00  -1.00   0.00  29.31    O  1.25e-03  6.93e-01
 30.00  -1.00   0.00  29.31    F  3.11e-08  6.93e-01
 30.00  -1.00   0.00  29.31   Ne  7.72e-05  6.93e-01
 30.00  -1.00   0.00  29.31   Mg  7.76e-05  6.93e-01
 30.00  -1.00   0.00  29.31   Si  1.06e-04  6.93e-01
 30.00  -1.00   0.00  29.31    S  4.27e-05  6.93e-01
 30.00  -1.00   0.00  29.31   Fe  7.97e-05  6.93e-01
 40.00  -1.00   0.00  35.87    p  2.93e+00  4.13e+00
 40.00  -1.00   0.00  35.87   He  1.18e+00  4.13e+00
 40.00  -1.00   0.00  35.87    C  1.45e-03  4.13e+00
 40.00  -1.00   0.00  35.87    N  1.52e-03  4.13e+00
 40.00  -1.00   0.00  35.87    O  7.05e-03  4.13e+00
 40.00  -1.00   0.00  35.87    F  1.74e-07  4.13e+00
 40.00  -1.00   0.00  35.87   Ne  4.90e-04  4.13e+00
 40.00  -1.00   0.00  35.87   Mg  5.00e-04  4.13e+00
 40.00  -1.00   0.00  35.87   Si  6.83e-04  4.13e+00
 40.00  -1.00   0.00  35.87    S  2.77e-04  4.13e+00
 40.00  -1.00   0.00  35.87   Fe  5.18e-04  4.13e+00
 60.00  -1.00   0.00  53.44    p  4.36e+00  6.56e+00
 60.00  -1.00   0.00  53.44   He  2.20e+00  6.56e+00
 60.00  -1.00   0.00  53.44    C  1.86e-03  6.56e+00
 60.00  -1.00   0.00  53.44    N  4.63e-03  6.56e+00
 60.00  -1.00   0.00  53.44    O  9.34e-03  6.56e+00
 60.00  -1.00   0.00  53.44    F  2.22e-07  6.56e+00
 60.00  -1.00   0.00  53.44   Ne  7.57e-04  6.56e+00
 60.00  -1.00   0.00  53.44   Mg  7.85e-04  6.56e+00
 60.00  -1.00   0.00  53.44   Si  1.09e-03  6.56e+00
 60.00  -1.00   0.00  53.44    S  4.40e-04  6.56e+00
 60.00  -1.00   0.00  53.44   Fe  8.24e-04  6.56e+00
 80.00  -1.00   0.00  65.03    p  8.80e+00  1.50e+01
 80.00  -1.00   0.00  65.03   He  6.15e+00  1.50e+01
 80.00  -1.00   0.00  65.03    C  3.01e-03  1.50e+01
 80.00  -1.00   0.00  65.03    N  1.75e-02  1.50e+01
 80.00  -1.00   0.00  65.03    O  1.43e-02  1.50e+01
 80.00  -1.00   0.00  65.03    F  3.44e-07  1.50e+01
 80.00  -1.00   0.00  65.03   Ne  1.61e-03  1.50e+01
 80.00  -1.00   0.00  65.03   Mg  1.71e-03  1.50e+01
 80.00  -1.00   0.00  65.03   Si  2.44e-03  1.50e+01
 80.00  -1.00   0.00  65.03    S  9.88e-04  1.50e+01
 80.00  -1.00   0.00  65.03   Fe  1.85e-03  1.50e+01
120.00  -1.00   0.00  84.53    p  1.93e+01  3.55e+01
120.00  -1.00   0.00  84.53   He  1.60e+01  3.55e+01
120.00  -1.00   0.00  84.53    C  8.56e-02  3.55e+01
120.00  -1.00   0.00  84.53    N  3.76e-02  3.55e+01
120.00  -1.00   0.00  84.53    O  6.33e-02  3.55e+01
120.00  -1.00   0.00  84.53    F  4.76e-07  3.55e+01
120.00  -1.00   0.00  84.53   Ne  3.51e-03  3.55e+01
120.00  -1.00   0.00  84.53   Mg  2.99e-03  3.55e+01
120.00  -1.00   0.00  84.53   Si  4.37e-03  3.55e+01
120.00  -1.00   0.00  84.53    S  1.77e-03  3.55e+01
120.00  -1.00   0.00  84.53   Fe  3.31e-03  3.55e+01
