#---Details of Columns:
#    M0 (solMass)          (F6.2)  [1/6.5] Initial mass [ucd=phys.mass]
#    [Fe/H]                (F7.2)  Initial metallicity [ucd=phys.abund.Z]
#    vel (km/s)            (F7.2)  Initial rotation [ucd=phys.mass]
#    M1 (solMass)          (F7.2)  Final mass (1) [ucd=phys.mass]
#    El                    (a4)    Species i (2) [ucd=phys.atmol.element]
#    M(i)lost (solMass)    (D9.2)  Mass of species i lost in the wind [ucd=phys.mass]
#    M(i)lostall (solMass) (D9.2)  Total mass lost in the wind [ucd=phys.mass]
#----- ------ ------ ------ ---- --------- -----------
#M0                                                                 
#(sol         vel    M1 (so      M(i)lost  M(i)lostall
#Mass) Z0     (km/s) lMass) El   (solMass) (solMass)  
#----- ------ ------ ------ ---- --------- -----------
 13.00  -3.00 300.00   2.09    p  4.52e+00  1.09e+01
 13.00  -3.00 300.00   2.09   He  3.90e+00  1.09e+01
 13.00  -3.00 300.00   2.09    C  3.51e-01  1.09e+01
 13.00  -3.00 300.00   2.09    N  1.37e-01  1.09e+01
 13.00  -3.00 300.00   2.09    O  1.57e+00  1.09e+01
 13.00  -3.00 300.00   2.09    F  4.05e-05  1.09e+01
 13.00  -3.00 300.00   2.09   Ne  1.31e-01  1.09e+01
 13.00  -3.00 300.00   2.09   Mg  2.81e-02  1.09e+01
 13.00  -3.00 300.00   2.09   Si  1.27e-01  1.09e+01
 13.00  -3.00 300.00   2.09    S  8.13e-02  1.09e+01
 13.00  -3.00 300.00   2.09   Fe  7.66e-02  1.09e+01
 15.00  -3.00 300.00   2.42    p  5.03e+00  1.26e+01
 15.00  -3.00 300.00   2.42   He  4.51e+00  1.26e+01
 15.00  -3.00 300.00   2.42    C  4.25e-01  1.26e+01
 15.00  -3.00 300.00   2.42    N  1.53e-01  1.26e+01
 15.00  -3.00 300.00   2.42    O  1.89e+00  1.26e+01
 15.00  -3.00 300.00   2.42    F  5.10e-05  1.26e+01
 15.00  -3.00 300.00   2.42   Ne  1.17e-01  1.26e+01
 15.00  -3.00 300.00   2.42   Mg  2.77e-02  1.26e+01
 15.00  -3.00 300.00   2.42   Si  2.14e-01  1.26e+01
 15.00  -3.00 300.00   2.42    S  1.15e-01  1.26e+01
 15.00  -3.00 300.00   2.42   Fe  1.10e-01  1.26e+01
 20.00  -3.00 300.00   2.87    p  6.73e+00  1.71e+01
 20.00  -3.00 300.00   2.87   He  6.21e+00  1.71e+01
 20.00  -3.00 300.00   2.87    C  6.47e-01  1.71e+01
 20.00  -3.00 300.00   2.87    N  1.45e-02  1.71e+01
 20.00  -3.00 300.00   2.87    O  2.96e+00  1.71e+01
 20.00  -3.00 300.00   2.87    F  1.33e-04  1.71e+01
 20.00  -3.00 300.00   2.87   Ne  1.57e-01  1.71e+01
 20.00  -3.00 300.00   2.87   Mg  4.81e-02  1.71e+01
 20.00  -3.00 300.00   2.87   Si  1.99e-01  1.71e+01
 20.00  -3.00 300.00   2.87    S  8.96e-02  1.71e+01
 20.00  -3.00 300.00   2.87   Fe  7.64e-02  1.71e+01
 25.00  -3.00 300.00   3.53    p  7.81e+00  2.15e+01
 25.00  -3.00 300.00   3.53   He  5.30e+00  2.15e+01
 25.00  -3.00 300.00   3.53    C  1.01e+00  2.15e+01
 25.00  -3.00 300.00   3.53    N  1.97e-02  2.15e+01
 25.00  -3.00 300.00   3.53    O  5.93e+00  2.15e+01
 25.00  -3.00 300.00   3.53    F  7.47e-04  2.15e+01
 25.00  -3.00 300.00   3.53   Ne  8.12e-01  2.15e+01
 25.00  -3.00 300.00   3.53   Mg  1.57e-01  2.15e+01
 25.00  -3.00 300.00   3.53   Si  2.67e-01  2.15e+01
 25.00  -3.00 300.00   3.53    S  8.80e-02  2.15e+01
 25.00  -3.00 300.00   3.53   Fe  7.30e-02  2.15e+01
 30.00  -3.00 300.00   4.08    p  8.94e+00  2.59e+01
 30.00  -3.00 300.00   4.08   He  5.38e+00  2.59e+01
 30.00  -3.00 300.00   4.08    C  1.48e+00  2.59e+01
 30.00  -3.00 300.00   4.08    N  3.24e-02  2.59e+01
 30.00  -3.00 300.00   4.08    O  8.25e+00  2.59e+01
 30.00  -3.00 300.00   4.08    F  1.85e-03  2.59e+01
 30.00  -3.00 300.00   4.08   Ne  1.07e+00  2.59e+01
 30.00  -3.00 300.00   4.08   Mg  2.48e-01  2.59e+01
 30.00  -3.00 300.00   4.08   Si  3.31e-01  2.59e+01
 30.00  -3.00 300.00   4.08    S  1.14e-01  2.59e+01
 30.00  -3.00 300.00   4.08   Fe  7.36e-02  2.59e+01
 40.00  -3.00 300.00   5.79    p  1.11e+01  3.42e+01
 40.00  -3.00 300.00   5.79   He  5.61e+00  3.42e+01
 40.00  -3.00 300.00   5.79    C  2.22e+00  3.42e+01
 40.00  -3.00 300.00   5.79    N  1.79e-02  3.42e+01
 40.00  -3.00 300.00   5.79    O  1.29e+01  3.42e+01
 40.00  -3.00 300.00   5.79    F  8.25e-04  3.42e+01
 40.00  -3.00 300.00   5.79   Ne  1.07e+00  3.42e+01
 40.00  -3.00 300.00   5.79   Mg  4.45e-01  3.42e+01
 40.00  -3.00 300.00   5.79   Si  5.50e-01  3.42e+01
 40.00  -3.00 300.00   5.79    S  1.92e-01  3.42e+01
 40.00  -3.00 300.00   5.79   Fe  7.47e-02  3.42e+01
 60.00  -3.00 300.00   7.52    p  1.55e+01  5.25e+01
 60.00  -3.00 300.00   7.52   He  8.00e+00  5.25e+01
 60.00  -3.00 300.00   7.52    C  2.81e+00  5.25e+01
 60.00  -3.00 300.00   7.52    N  2.70e-02  5.25e+01
 60.00  -3.00 300.00   7.52    O  2.13e+01  5.25e+01
 60.00  -3.00 300.00   7.52    F  1.64e-03  5.25e+01
 60.00  -3.00 300.00   7.52   Ne  2.53e+00  5.25e+01
 60.00  -3.00 300.00   7.52   Mg  1.15e+00  5.25e+01
 60.00  -3.00 300.00   7.52   Si  8.26e-01  5.25e+01
 60.00  -3.00 300.00   7.52    S  2.93e-01  5.25e+01
 60.00  -3.00 300.00   7.52   Fe  7.85e-02  5.25e+01
 80.00  -3.00 300.00   3.64    p  1.75e+01  7.64e+01
 80.00  -3.00 300.00   3.64   He  1.15e+01  7.64e+01
 80.00  -3.00 300.00   3.64    C  4.49e+00  7.64e+01
 80.00  -3.00 300.00   3.64    N  8.57e-02  7.64e+01
 80.00  -3.00 300.00   3.64    O  3.84e+01  7.64e+01
 80.00  -3.00 300.00   3.64    F  4.63e-05  7.64e+01
 80.00  -3.00 300.00   3.64   Ne  2.61e+00  7.64e+01
 80.00  -3.00 300.00   3.64   Mg  8.34e-01  7.64e+01
 80.00  -3.00 300.00   3.64   Si  7.62e-01  7.64e+01
 80.00  -3.00 300.00   3.64    S  2.20e-01  7.64e+01
 80.00  -3.00 300.00   3.64   Fe  7.57e-02  7.64e+01
120.00  -3.00 300.00   0.92    p  2.26e+01  1.19e+02
120.00  -3.00 300.00   0.92   He  2.56e+01  1.19e+02
120.00  -3.00 300.00   0.92    C  1.82e+01  1.19e+02
120.00  -3.00 300.00   0.92    N  2.26e-01  1.19e+02
120.00  -3.00 300.00   0.92    O  5.14e+01  1.19e+02
120.00  -3.00 300.00   0.92    F  4.78e-07  1.19e+02
120.00  -3.00 300.00   0.92   Ne  9.03e-01  1.19e+02
120.00  -3.00 300.00   0.92   Mg  1.99e-01  1.19e+02
120.00  -3.00 300.00   0.92   Si  8.62e-04  1.19e+02
120.00  -3.00 300.00   0.92    S  1.27e-04  1.19e+02
120.00  -3.00 300.00   0.92   Fe  5.72e-05  1.19e+02
