#---Details of Columns:
#    M0 (solMass)          (F6.2)  [1/6.5] Initial mass [ucd=phys.mass]
#    [Fe/H]                (F7.2)  Initial metallicity [ucd=phys.abund.Z]
#    vel (km/s)            (F7.2)  Initial rotation [ucd=phys.mass]
#    M1 (solMass)          (F7.2)  Final mass (1) [ucd=phys.mass]
#    El                    (a4)    Species i (2) [ucd=phys.atmol.element]
#    M(i)lost (solMass)    (D9.2)  Mass of species i lost in the wind [ucd=phys.mass]
#    M(i)lostall (solMass) (D9.2)  Total mass lost in the wind [ucd=phys.mass]
#----- ------ ------ ------ ---- --------- -----------
#M0                                                                 
#(sol         vel    M1 (so      M(i)lost  M(i)lostall
#Mass) Z0     (km/s) lMass) El   (solMass) (solMass)  
#----- ------ ------ ------ ---- --------- -----------
 13.00  -0.60 200.00   2.17    p  4.62e+00  1.08e+01
 13.00  -0.60 200.00   2.17   He  3.82e+00  1.08e+01
 13.00  -0.60 200.00   2.17    C  2.63e-01  1.08e+01
 13.00  -0.60 200.00   2.17    N  6.33e-02  1.08e+01
 13.00  -0.60 200.00   2.17    O  1.26e+00  1.08e+01
 13.00  -0.60 200.00   2.17    F  2.33e-05  1.08e+01
 13.00  -0.60 200.00   2.17   Ne  9.39e-02  1.08e+01
 13.00  -0.60 200.00   2.17   Mg  3.03e-02  1.08e+01
 13.00  -0.60 200.00   2.17   Si  2.18e-01  1.08e+01
 13.00  -0.60 200.00   2.17    S  1.91e-01  1.08e+01
 13.00  -0.60 200.00   2.17   Fe  8.40e-02  1.08e+01
 15.00  -0.60 200.00   2.40    p  5.09e+00  1.26e+01
 15.00  -0.60 200.00   2.40   He  4.42e+00  1.26e+01
 15.00  -0.60 200.00   2.40    C  3.42e-01  1.26e+01
 15.00  -0.60 200.00   2.40    N  8.15e-02  1.26e+01
 15.00  -0.60 200.00   2.40    O  1.82e+00  1.26e+01
 15.00  -0.60 200.00   2.40    F  9.70e-05  1.26e+01
 15.00  -0.60 200.00   2.40   Ne  1.30e-01  1.26e+01
 15.00  -0.60 200.00   2.40   Mg  4.45e-02  1.26e+01
 15.00  -0.60 200.00   2.40   Si  2.33e-01  1.26e+01
 15.00  -0.60 200.00   2.40    S  1.85e-01  1.26e+01
 15.00  -0.60 200.00   2.40   Fe  8.33e-02  1.26e+01
 20.00  -0.60 200.00   3.00    p  6.23e+00  1.70e+01
 20.00  -0.60 200.00   3.00   He  6.04e+00  1.70e+01
 20.00  -0.60 200.00   3.00    C  6.23e-01  1.70e+01
 20.00  -0.60 200.00   3.00    N  9.92e-02  1.70e+01
 20.00  -0.60 200.00   3.00    O  3.25e+00  1.70e+01
 20.00  -0.60 200.00   3.00    F  3.70e-04  1.70e+01
 20.00  -0.60 200.00   3.00   Ne  2.05e-01  1.70e+01
 20.00  -0.60 200.00   3.00   Mg  6.87e-02  1.70e+01
 20.00  -0.60 200.00   3.00   Si  2.15e-01  1.70e+01
 20.00  -0.60 200.00   3.00    S  8.49e-02  1.70e+01
 20.00  -0.60 200.00   3.00   Fe  7.46e-02  1.70e+01
 25.00  -0.60 200.00   2.93    p  7.73e+00  2.21e+01
 25.00  -0.60 200.00   2.93   He  7.01e+00  2.21e+01
 25.00  -0.60 200.00   2.93    C  7.83e-01  2.21e+01
 25.00  -0.60 200.00   2.93    N  6.36e-02  2.21e+01
 25.00  -0.60 200.00   2.93    O  5.07e+00  2.21e+01
 25.00  -0.60 200.00   2.93    F  6.77e-04  2.21e+01
 25.00  -0.60 200.00   2.93   Ne  7.39e-01  2.21e+01
 25.00  -0.60 200.00   2.93   Mg  1.53e-01  2.21e+01
 25.00  -0.60 200.00   2.93   Si  2.33e-01  2.21e+01
 25.00  -0.60 200.00   2.93    S  8.12e-02  2.21e+01
 25.00  -0.60 200.00   2.93   Fe  7.41e-02  2.21e+01
 30.00  -0.60 200.00  22.43    p  4.50e+00  7.57e+00
 30.00  -0.60 200.00  22.43   He  3.03e+00  7.57e+00
 30.00  -0.60 200.00  22.43    C  5.02e-03  7.57e+00
 30.00  -0.60 200.00  22.43    N  1.38e-02  7.57e+00
 30.00  -0.60 200.00  22.43    O  9.22e-03  7.57e+00
 30.00  -0.60 200.00  22.43    F  1.89e-07  7.57e+00
 30.00  -0.60 200.00  22.43   Ne  1.27e-03  7.57e+00
 30.00  -0.60 200.00  22.43   Mg  1.07e-03  7.57e+00
 30.00  -0.60 200.00  22.43   Si  1.42e-03  7.57e+00
 30.00  -0.60 200.00  22.43    S  5.83e-04  7.57e+00
 30.00  -0.60 200.00  22.43   Fe  1.26e-03  7.57e+00
 40.00  -0.60 200.00  21.01    p  1.09e+01  1.90e+01
 40.00  -0.60 200.00  21.01   He  7.97e+00  1.90e+01
 40.00  -0.60 200.00  21.01    C  3.90e-02  1.90e+01
 40.00  -0.60 200.00  21.01    N  5.19e-02  1.90e+01
 40.00  -0.60 200.00  21.01    O  3.55e-02  1.90e+01
 40.00  -0.60 200.00  21.01    F  2.87e-07  1.90e+01
 40.00  -0.60 200.00  21.01   Ne  3.16e-03  1.90e+01
 40.00  -0.60 200.00  21.01   Mg  2.52e-03  1.90e+01
 40.00  -0.60 200.00  21.01   Si  3.43e-03  1.90e+01
 40.00  -0.60 200.00  21.01    S  1.40e-03  1.90e+01
 40.00  -0.60 200.00  21.01   Fe  2.85e-03  1.90e+01
 60.00  -0.60 200.00  26.66    p  1.53e+01  3.33e+01
 60.00  -0.60 200.00  26.66   He  1.66e+01  3.33e+01
 60.00  -0.60 200.00  26.66    C  1.05e+00  3.33e+01
 60.00  -0.60 200.00  26.66    N  5.44e-02  3.33e+01
 60.00  -0.60 200.00  26.66    O  1.75e-01  3.33e+01
 60.00  -0.60 200.00  26.66    F  3.52e-06  3.33e+01
 60.00  -0.60 200.00  26.66   Ne  1.81e-02  3.33e+01
 60.00  -0.60 200.00  26.66   Mg  4.27e-03  3.33e+01
 60.00  -0.60 200.00  26.66   Si  6.00e-03  3.33e+01
 60.00  -0.60 200.00  26.66    S  2.45e-03  3.33e+01
 60.00  -0.60 200.00  26.66   Fe  4.94e-03  3.33e+01
 80.00  -0.60 200.00  35.60    p  1.88e+01  4.44e+01
 80.00  -0.60 200.00  35.60   He  2.34e+01  4.44e+01
 80.00  -0.60 200.00  35.60    C  1.70e+00  4.44e+01
 80.00  -0.60 200.00  35.60    N  6.48e-02  4.44e+01
 80.00  -0.60 200.00  35.60    O  3.04e-01  4.44e+01
 80.00  -0.60 200.00  35.60    F  4.41e-06  4.44e+01
 80.00  -0.60 200.00  35.60   Ne  2.72e-02  4.44e+01
 80.00  -0.60 200.00  35.60   Mg  5.69e-03  4.44e+01
 80.00  -0.60 200.00  35.60   Si  8.02e-03  4.44e+01
 80.00  -0.60 200.00  35.60    S  3.27e-03  4.44e+01
 80.00  -0.60 200.00  35.60   Fe  6.60e-03  4.44e+01
120.00  -0.60 200.00  41.74    p  2.56e+01  7.83e+01
120.00  -0.60 200.00  41.74   He  5.02e+01  7.83e+01
120.00  -0.60 200.00  41.74    C  1.93e+00  7.83e+01
120.00  -0.60 200.00  41.74    N  1.29e-01  7.83e+01
120.00  -0.60 200.00  41.74    O  2.95e-01  7.83e+01
120.00  -0.60 200.00  41.74    F  7.27e-06  7.83e+01
120.00  -0.60 200.00  41.74   Ne  3.83e-02  7.83e+01
120.00  -0.60 200.00  41.74   Mg  9.58e-03  7.83e+01
120.00  -0.60 200.00  41.74   Si  1.41e-02  7.83e+01
120.00  -0.60 200.00  41.74    S  5.74e-03  7.83e+01
120.00  -0.60 200.00  41.74   Fe  1.15e-02  7.83e+01
