#---Details of Columns:
#    M0 (solMass)          (F6.2)  [1/6.5] Initial mass [ucd=phys.mass]
#    [Fe/H]                (F7.2)  Initial metallicity [ucd=phys.abund.Z]
#    vel (km/s)            (F7.2)  Initial rotation [ucd=phys.mass]
#    M1 (solMass)          (F7.2)  Final mass (1) [ucd=phys.mass]
#    El                    (a4)    Species i (2) [ucd=phys.atmol.element]
#    M(i)lost (solMass)    (D9.2)  Mass of species i lost in the wind [ucd=phys.mass]
#    M(i)lostall (solMass) (D9.2)  Total mass lost in the wind [ucd=phys.mass]
#----- ------ ------ ------ ---- --------- -----------
#M0                                                                 
#(sol         vel    M1 (so      M(i)lost  M(i)lostall
#Mass) Z0     (km/s) lMass) El   (solMass) (solMass)  
#----- ------ ------ ------ ---- --------- -----------
 13.00  -0.30  50.00   1.77    p  5.71e+00  1.12e+01
 13.00  -0.30  50.00   1.77   He  4.37e+00  1.12e+01
 13.00  -0.30  50.00   1.77    C  1.96e-01  1.12e+01
 13.00  -0.30  50.00   1.77    N  3.06e-02  1.12e+01
 13.00  -0.30  50.00   1.77    O  5.99e-01  1.12e+01
 13.00  -0.30  50.00   1.77    F  7.24e-06  1.12e+01
 13.00  -0.30  50.00   1.77   Ne  5.83e-02  1.12e+01
 13.00  -0.30  50.00   1.77   Mg  2.14e-02  1.12e+01
 13.00  -0.30  50.00   1.77   Si  8.28e-02  1.12e+01
 13.00  -0.30  50.00   1.77    S  4.97e-02  1.12e+01
 13.00  -0.30  50.00   1.77   Fe  7.76e-02  1.12e+01
 15.00  -0.30  50.00   1.98    p  6.34e+00  1.30e+01
 15.00  -0.30  50.00   1.98   He  4.74e+00  1.30e+01
 15.00  -0.30  50.00   1.98    C  2.95e-01  1.30e+01
 15.00  -0.30  50.00   1.98    N  3.64e-02  1.30e+01
 15.00  -0.30  50.00   1.98    O  1.14e+00  1.30e+01
 15.00  -0.30  50.00   1.98    F  9.30e-05  1.30e+01
 15.00  -0.30  50.00   1.98   Ne  1.14e-01  1.30e+01
 15.00  -0.30  50.00   1.98   Mg  3.84e-02  1.30e+01
 15.00  -0.30  50.00   1.98   Si  1.11e-01  1.30e+01
 15.00  -0.30  50.00   1.98    S  4.74e-02  1.30e+01
 15.00  -0.30  50.00   1.98   Fe  1.06e-01  1.30e+01
 20.00  -0.30  50.00   2.17    p  7.83e+00  1.78e+01
 20.00  -0.30  50.00   2.17   He  6.69e+00  1.78e+01
 20.00  -0.30  50.00   2.17    C  5.28e-01  1.78e+01
 20.00  -0.30  50.00   2.17    N  4.95e-02  1.78e+01
 20.00  -0.30  50.00   2.17    O  1.90e+00  1.78e+01
 20.00  -0.30  50.00   2.17    F  1.08e-04  1.78e+01
 20.00  -0.30  50.00   2.17   Ne  3.66e-01  1.78e+01
 20.00  -0.30  50.00   2.17   Mg  1.04e-01  1.78e+01
 20.00  -0.30  50.00   2.17   Si  1.60e-01  1.78e+01
 20.00  -0.30  50.00   2.17    S  5.37e-02  1.78e+01
 20.00  -0.30  50.00   2.17   Fe  8.14e-02  1.78e+01
 25.00  -0.30  50.00   2.62    p  9.32e+00  2.24e+01
 25.00  -0.30  50.00   2.62   He  7.86e+00  2.24e+01
 25.00  -0.30  50.00   2.62    C  7.61e-01  2.24e+01
 25.00  -0.30  50.00   2.62    N  4.51e-02  2.24e+01
 25.00  -0.30  50.00   2.62    O  3.22e+00  2.24e+01
 25.00  -0.30  50.00   2.62    F  1.17e-04  2.24e+01
 25.00  -0.30  50.00   2.62   Ne  6.05e-01  2.24e+01
 25.00  -0.30  50.00   2.62   Mg  1.24e-01  2.24e+01
 25.00  -0.30  50.00   2.62   Si  1.93e-01  2.24e+01
 25.00  -0.30  50.00   2.62    S  6.51e-02  2.24e+01
 25.00  -0.30  50.00   2.62   Fe  8.25e-02  2.24e+01
 30.00  -0.30  50.00  21.83    p  4.77e+00  8.17e+00
 30.00  -0.30  50.00  21.83   He  3.27e+00  8.17e+00
 30.00  -0.30  50.00  21.83    C  4.11e-02  8.17e+00
 30.00  -0.30  50.00  21.83    N  2.86e-02  8.17e+00
 30.00  -0.30  50.00  21.83    O  3.13e-02  8.17e+00
 30.00  -0.30  50.00  21.83    F  2.01e-06  8.17e+00
 30.00  -0.30  50.00  21.83   Ne  9.04e-03  8.17e+00
 30.00  -0.30  50.00  21.83   Mg  4.81e-03  8.17e+00
 30.00  -0.30  50.00  21.83   Si  4.63e-03  8.17e+00
 30.00  -0.30  50.00  21.83    S  2.14e-03  8.17e+00
 30.00  -0.30  50.00  21.83   Fe  8.66e-03  8.17e+00
 40.00  -0.30  50.00  22.04    p  1.05e+01  1.80e+01
 40.00  -0.30  50.00  22.04   He  7.18e+00  1.80e+01
 40.00  -0.30  50.00  22.04    C  6.66e-02  1.80e+01
 40.00  -0.30  50.00  22.04    N  5.10e-02  1.80e+01
 40.00  -0.30  50.00  22.04    O  4.73e-02  1.80e+01
 40.00  -0.30  50.00  22.04    F  2.70e-06  1.80e+01
 40.00  -0.30  50.00  22.04   Ne  1.35e-02  1.80e+01
 40.00  -0.30  50.00  22.04   Mg  7.40e-03  1.80e+01
 40.00  -0.30  50.00  22.04   Si  7.50e-03  1.80e+01
 40.00  -0.30  50.00  22.04    S  3.39e-03  1.80e+01
 40.00  -0.30  50.00  22.04   Fe  1.27e-02  1.80e+01
 60.00  -0.30  50.00  30.30    p  1.52e+01  2.97e+01
 60.00  -0.30  50.00  30.30   He  1.38e+01  2.97e+01
 60.00  -0.30  50.00  30.30    C  4.40e-01  2.97e+01
 60.00  -0.30  50.00  30.30    N  9.12e-02  2.97e+01
 60.00  -0.30  50.00  30.30    O  1.07e-01  2.97e+01
 60.00  -0.30  50.00  30.30    F  6.35e-06  2.97e+01
 60.00  -0.30  50.00  30.30   Ne  3.02e-02  2.97e+01
 60.00  -0.30  50.00  30.30   Mg  1.20e-02  2.97e+01
 60.00  -0.30  50.00  30.30   Si  1.23e-02  2.97e+01
 60.00  -0.30  50.00  30.30    S  5.56e-03  2.97e+01
 60.00  -0.30  50.00  30.30   Fe  2.08e-02  2.97e+01
 80.00  -0.30  50.00  33.76    p  2.25e+01  4.62e+01
 80.00  -0.30  50.00  33.76   He  2.24e+01  4.62e+01
 80.00  -0.30  50.00  33.76    C  8.56e-01  4.62e+01
 80.00  -0.30  50.00  33.76    N  1.38e-01  4.62e+01
 80.00  -0.30  50.00  33.76    O  1.87e-01  4.62e+01
 80.00  -0.30  50.00  33.76    F  6.20e-06  4.62e+01
 80.00  -0.30  50.00  33.76   Ne  4.94e-02  4.62e+01
 80.00  -0.30  50.00  33.76   Mg  1.68e-02  4.62e+01
 80.00  -0.30  50.00  33.76   Si  1.76e-02  4.62e+01
 80.00  -0.30  50.00  33.76    S  7.89e-03  4.62e+01
 80.00  -0.30  50.00  33.76   Fe  2.86e-02  4.62e+01
120.00  -0.30  50.00  41.00    p  3.14e+01  7.90e+01
120.00  -0.30  50.00  41.00   He  4.56e+01  7.90e+01
120.00  -0.30  50.00  41.00    C  1.22e+00  7.90e+01
120.00  -0.30  50.00  41.00    N  2.52e-01  7.90e+01
120.00  -0.30  50.00  41.00    O  2.64e-01  7.90e+01
120.00  -0.30  50.00  41.00    F  1.08e-05  7.90e+01
120.00  -0.30  50.00  41.00   Ne  8.49e-02  7.90e+01
120.00  -0.30  50.00  41.00   Mg  2.74e-02  7.90e+01
120.00  -0.30  50.00  41.00   Si  2.93e-02  7.90e+01
120.00  -0.30  50.00  41.00    S  1.32e-02  7.90e+01
120.00  -0.30  50.00  41.00   Fe  4.74e-02  7.90e+01
