#---Details of Columns:
#    M0 (solMass)          (F6.2)  [1/6.5] Initial mass [ucd=phys.mass]
#    [Fe/H]                (F7.2)  Initial metallicity [ucd=phys.abund.Z]
#    vel (km/s)            (F7.2)  Initial rotation [ucd=phys.mass]
#    M1 (solMass)          (F7.2)  Final mass (1) [ucd=phys.mass]
#    El                    (a4)    Species i (2) [ucd=phys.atmol.element]
#    M(i)lost (solMass)    (D9.2)  Mass of species i lost in the wind [ucd=phys.mass]
#    M(i)lostall (solMass) (D9.2)  Total mass lost in the wind [ucd=phys.mass]
#----- ------ ------ ------ ---- --------- -----------
#M0                                                                 
#(sol         vel    M1 (so      M(i)lost  M(i)lostall
#Mass) Z0     (km/s) lMass) El   (solMass) (solMass)  
#----- ------ ------ ------ ---- --------- -----------
 13.00  -0.60   0.00   1.60    p  6.21e+00  1.14e+01
 13.00  -0.60   0.00   1.60   He  4.57e+00  1.14e+01
 13.00  -0.60   0.00   1.60    C  1.34e-01  1.14e+01
 13.00  -0.60   0.00   1.60    N  8.00e-03  1.14e+01
 13.00  -0.60   0.00   1.60    O  2.79e-01  1.14e+01
 13.00  -0.60   0.00   1.60    F  4.30e-07  1.14e+01
 13.00  -0.60   0.00   1.60   Ne  5.31e-02  1.14e+01
 13.00  -0.60   0.00   1.60   Mg  2.23e-02  1.14e+01
 13.00  -0.60   0.00   1.60   Si  5.32e-02  1.14e+01
 13.00  -0.60   0.00   1.60    S  1.72e-02  1.14e+01
 13.00  -0.60   0.00   1.60   Fe  7.23e-02  1.14e+01
 15.00  -0.60   0.00   1.80    p  6.94e+00  1.32e+01
 15.00  -0.60   0.00   1.80   He  4.74e+00  1.32e+01
 15.00  -0.60   0.00   1.80    C  2.59e-01  1.32e+01
 15.00  -0.60   0.00   1.80    N  8.44e-03  1.32e+01
 15.00  -0.60   0.00   1.80    O  8.55e-01  1.32e+01
 15.00  -0.60   0.00   1.80    F  4.74e-07  1.32e+01
 15.00  -0.60   0.00   1.80   Ne  9.79e-02  1.32e+01
 15.00  -0.60   0.00   1.80   Mg  3.29e-02  1.32e+01
 15.00  -0.60   0.00   1.80   Si  1.08e-01  1.32e+01
 15.00  -0.60   0.00   1.80    S  3.75e-02  1.32e+01
 15.00  -0.60   0.00   1.80   Fe  7.36e-02  1.32e+01
 20.00  -0.60   0.00   1.80    p  8.66e+00  1.82e+01
 20.00  -0.60   0.00   1.80   He  6.90e+00  1.82e+01
 20.00  -0.60   0.00   1.80    C  4.05e-01  1.82e+01
 20.00  -0.60   0.00   1.80    N  1.13e-02  1.82e+01
 20.00  -0.60   0.00   1.80    O  1.34e+00  1.82e+01
 20.00  -0.60   0.00   1.80    F  7.02e-07  1.82e+01
 20.00  -0.60   0.00   1.80   Ne  4.77e-01  1.82e+01
 20.00  -0.60   0.00   1.80   Mg  1.20e-01  1.82e+01
 20.00  -0.60   0.00   1.80   Si  1.15e-01  1.82e+01
 20.00  -0.60   0.00   1.80    S  3.07e-02  1.82e+01
 20.00  -0.60   0.00   1.80   Fe  7.40e-02  1.82e+01
 25.00  -0.60   0.00   2.79    p  1.01e+01  2.22e+01
 25.00  -0.60   0.00   2.79   He  7.75e+00  2.22e+01
 25.00  -0.60   0.00   2.79    C  6.85e-01  2.22e+01
 25.00  -0.60   0.00   2.79    N  1.32e-02  2.22e+01
 25.00  -0.60   0.00   2.79    O  2.70e+00  2.22e+01
 25.00  -0.60   0.00   2.79    F  2.60e-06  2.22e+01
 25.00  -0.60   0.00   2.79   Ne  4.81e-01  2.22e+01
 25.00  -0.60   0.00   2.79   Mg  9.33e-02  2.22e+01
 25.00  -0.60   0.00   2.79   Si  1.80e-01  2.22e+01
 25.00  -0.60   0.00   2.79    S  5.53e-02  2.22e+01
 25.00  -0.60   0.00   2.79   Fe  7.37e-02  2.22e+01
 30.00  -0.60   0.00  28.06    p  1.42e+00  1.94e+00
 30.00  -0.60   0.00  28.06   He  5.17e-01  1.94e+00
 30.00  -0.60   0.00  28.06    C  1.06e-03  1.94e+00
 30.00  -0.60   0.00  28.06    N  9.58e-04  1.94e+00
 30.00  -0.60   0.00  28.06    O  4.39e-03  1.94e+00
 30.00  -0.60   0.00  28.06    F  1.63e-07  1.94e+00
 30.00  -0.60   0.00  28.06   Ne  5.03e-04  1.94e+00
 30.00  -0.60   0.00  28.06   Mg  3.84e-04  1.94e+00
 30.00  -0.60   0.00  28.06   Si  4.52e-04  1.94e+00
 30.00  -0.60   0.00  28.06    S  1.92e-04  1.94e+00
 30.00  -0.60   0.00  28.06   Fe  5.30e-04  1.94e+00
 40.00  -0.60   0.00  28.52    p  8.08e+00  1.15e+01
 40.00  -0.60   0.00  28.52   He  3.34e+00  1.15e+01
 40.00  -0.60   0.00  28.52    C  4.45e-03  1.15e+01
 40.00  -0.60   0.00  28.52    N  5.59e-03  1.15e+01
 40.00  -0.60   0.00  28.52    O  2.08e-02  1.15e+01
 40.00  -0.60   0.00  28.52    F  5.80e-07  1.15e+01
 40.00  -0.60   0.00  28.52   Ne  1.76e-03  1.15e+01
 40.00  -0.60   0.00  28.52   Mg  1.63e-03  1.15e+01
 40.00  -0.60   0.00  28.52   Si  2.13e-03  1.15e+01
 40.00  -0.60   0.00  28.52    S  8.76e-04  1.15e+01
 40.00  -0.60   0.00  28.52   Fe  1.87e-03  1.15e+01
 60.00  -0.60   0.00  41.69    p  1.20e+01  1.83e+01
 60.00  -0.60   0.00  41.69   He  6.28e+00  1.83e+01
 60.00  -0.60   0.00  41.69    C  1.01e-02  1.83e+01
 60.00  -0.60   0.00  41.69    N  1.56e-02  1.83e+01
 60.00  -0.60   0.00  41.69    O  2.80e-02  1.83e+01
 60.00  -0.60   0.00  41.69    F  7.89e-07  1.83e+01
 60.00  -0.60   0.00  41.69   Ne  2.93e-03  1.83e+01
 60.00  -0.60   0.00  41.69   Mg  2.58e-03  1.83e+01
 60.00  -0.60   0.00  41.69   Si  3.42e-03  1.83e+01
 60.00  -0.60   0.00  41.69    S  1.40e-03  1.83e+01
 60.00  -0.60   0.00  41.69   Fe  3.00e-03  1.83e+01
 80.00  -0.60   0.00  39.69    p  2.31e+01  4.03e+01
 80.00  -0.60   0.00  39.69   He  1.71e+01  4.03e+01
 80.00  -0.60   0.00  39.69    C  2.22e-02  4.03e+01
 80.00  -0.60   0.00  39.69    N  5.27e-02  4.03e+01
 80.00  -0.60   0.00  39.69    O  4.27e-02  4.03e+01
 80.00  -0.60   0.00  39.69    F  1.14e-06  4.03e+01
 80.00  -0.60   0.00  39.69   Ne  5.93e-03  4.03e+01
 80.00  -0.60   0.00  39.69   Mg  5.27e-03  4.03e+01
 80.00  -0.60   0.00  39.69   Si  7.30e-03  4.03e+01
 80.00  -0.60   0.00  39.69    S  2.99e-03  4.03e+01
 80.00  -0.60   0.00  39.69   Fe  6.09e-03  4.03e+01
120.00  -0.60   0.00  50.42    p  3.17e+01  6.96e+01
120.00  -0.60   0.00  50.42   He  3.73e+01  6.96e+01
120.00  -0.60   0.00  50.42    C  2.65e-01  6.96e+01
120.00  -0.60   0.00  50.42    N  1.11e-01  6.96e+01
120.00  -0.60   0.00  50.42    O  1.77e-01  6.96e+01
120.00  -0.60   0.00  50.42    F  1.52e-06  6.96e+01
120.00  -0.60   0.00  50.42   Ne  1.21e-02  6.96e+01
120.00  -0.60   0.00  50.42   Mg  8.82e-03  6.96e+01
120.00  -0.60   0.00  50.42   Si  1.25e-02  6.96e+01
120.00  -0.60   0.00  50.42    S  5.13e-03  6.96e+01
120.00  -0.60   0.00  50.42   Fe  1.04e-02  6.96e+01
