#---Details of Columns:
#    M0 (solMass)          (F6.2)  [1/6.5] Initial mass [ucd=phys.mass]
#    [Fe/H]                (F7.2)  Initial metallicity [ucd=phys.abund.Z]
#    vel (km/s)            (F7.2)  Initial rotation [ucd=phys.mass]
#    M1 (solMass)          (F7.2)  Final mass (1) [ucd=phys.mass]
#    El                    (a4)    Species i (2) [ucd=phys.atmol.element]
#    M(i)lost (solMass)    (D9.2)  Mass of species i lost in the wind [ucd=phys.mass]
#    M(i)lostall (solMass) (D9.2)  Total mass lost in the wind [ucd=phys.mass]
#----- ------ ------ ------ ---- --------- -----------
#M0                                                                 
#(sol         vel    M1 (so      M(i)lost  M(i)lostall
#Mass) Z0     (km/s) lMass) El   (solMass) (solMass)  
#----- ------ ------ ------ ---- --------- -----------
 13.00  -0.00 200.00   2.30    p  4.50e+00  1.07e+01
 13.00  -0.00 200.00   2.30   He  3.98e+00  1.07e+01
 13.00  -0.00 200.00   2.30    C  4.24e-01  1.07e+01
 13.00  -0.00 200.00   2.30    N  4.36e-02  1.07e+01
 13.00  -0.00 200.00   2.30    O  1.37e+00  1.07e+01
 13.00  -0.00 200.00   2.30    F  1.82e-04  1.07e+01
 13.00  -0.00 200.00   2.30   Ne  7.71e-02  1.07e+01
 13.00  -0.00 200.00   2.30   Mg  2.76e-02  1.07e+01
 13.00  -0.00 200.00   2.30   Si  1.10e-01  1.07e+01
 13.00  -0.00 200.00   2.30    S  6.12e-02  1.07e+01
 13.00  -0.00 200.00   2.30   Fe  8.71e-02  1.07e+01
 15.00  -0.00 200.00   2.37    p  4.94e+00  1.26e+01
 15.00  -0.00 200.00   2.37   He  4.51e+00  1.26e+01
 15.00  -0.00 200.00   2.37    C  4.23e-01  1.26e+01
 15.00  -0.00 200.00   2.37    N  5.17e-02  1.26e+01
 15.00  -0.00 200.00   2.37    O  1.93e+00  1.26e+01
 15.00  -0.00 200.00   2.37    F  4.71e-04  1.26e+01
 15.00  -0.00 200.00   2.37   Ne  1.12e-01  1.26e+01
 15.00  -0.00 200.00   2.37   Mg  4.23e-02  1.26e+01
 15.00  -0.00 200.00   2.37   Si  1.68e-01  1.26e+01
 15.00  -0.00 200.00   2.37    S  8.19e-02  1.26e+01
 15.00  -0.00 200.00   2.37   Fe  3.04e-01  1.26e+01
 20.00  -0.00 200.00   2.97    p  6.08e+00  1.70e+01
 20.00  -0.00 200.00   2.97   He  6.30e+00  1.70e+01
 20.00  -0.00 200.00   2.97    C  1.08e+00  1.70e+01
 20.00  -0.00 200.00   2.97    N  8.90e-02  1.70e+01
 20.00  -0.00 200.00   2.97    O  2.73e+00  1.70e+01
 20.00  -0.00 200.00   2.97    F  1.19e-04  1.70e+01
 20.00  -0.00 200.00   2.97   Ne  1.56e-01  1.70e+01
 20.00  -0.00 200.00   2.97   Mg  6.40e-02  1.70e+01
 20.00  -0.00 200.00   2.97   Si  2.41e-01  1.70e+01
 20.00  -0.00 200.00   2.97    S  1.01e-01  1.70e+01
 20.00  -0.00 200.00   2.97   Fe  9.32e-02  1.70e+01
 25.00  -0.00 200.00   2.80    p  7.21e+00  2.22e+01
 25.00  -0.00 200.00   2.80   He  8.51e+00  2.22e+01
 25.00  -0.00 200.00   2.80    C  1.47e+00  2.22e+01
 25.00  -0.00 200.00   2.80    N  9.24e-02  2.22e+01
 25.00  -0.00 200.00   2.80    O  3.73e+00  2.22e+01
 25.00  -0.00 200.00   2.80    F  1.40e-05  2.22e+01
 25.00  -0.00 200.00   2.80   Ne  4.49e-01  2.22e+01
 25.00  -0.00 200.00   2.80   Mg  1.41e-01  2.22e+01
 25.00  -0.00 200.00   2.80   Si  3.03e-01  2.22e+01
 25.00  -0.00 200.00   2.80    S  1.08e-01  2.22e+01
 25.00  -0.00 200.00   2.80   Fe  9.93e-02  2.22e+01
 30.00  -0.00 200.00  11.20    p  8.11e+00  1.88e+01
 30.00  -0.00 200.00  11.20   He  9.99e+00  1.88e+01
 30.00  -0.00 200.00  11.20    C  3.33e-01  1.88e+01
 30.00  -0.00 200.00  11.20    N  1.15e-01  1.88e+01
 30.00  -0.00 200.00  11.20    O  1.02e-01  1.88e+01
 30.00  -0.00 200.00  11.20    F  4.75e-06  1.88e+01
 30.00  -0.00 200.00  11.20   Ne  3.23e-02  1.88e+01
 30.00  -0.00 200.00  11.20   Mg  1.32e-02  1.88e+01
 30.00  -0.00 200.00  11.20   Si  1.26e-02  1.88e+01
 30.00  -0.00 200.00  11.20    S  5.84e-03  1.88e+01
 30.00  -0.00 200.00  11.20   Fe  2.44e-02  1.88e+01
 40.00  -0.00 200.00  13.73    p  1.08e+01  2.63e+01
 40.00  -0.00 200.00  13.73   He  1.44e+01  2.63e+01
 40.00  -0.00 200.00  13.73    C  5.57e-01  2.63e+01
 40.00  -0.00 200.00  13.73    N  1.66e-01  2.63e+01
 40.00  -0.00 200.00  13.73    O  1.36e-01  2.63e+01
 40.00  -0.00 200.00  13.73    F  7.93e-06  2.63e+01
 40.00  -0.00 200.00  13.73   Ne  5.04e-02  2.63e+01
 40.00  -0.00 200.00  13.73   Mg  1.85e-02  2.63e+01
 40.00  -0.00 200.00  13.73   Si  1.76e-02  2.63e+01
 40.00  -0.00 200.00  13.73    S  8.17e-03  2.63e+01
 40.00  -0.00 200.00  13.73   Fe  3.42e-02  2.63e+01
 60.00  -0.00 200.00  18.40    p  1.54e+01  4.16e+01
 60.00  -0.00 200.00  18.40   He  2.45e+01  4.16e+01
 60.00  -0.00 200.00  18.40    C  1.03e+00  4.16e+01
 60.00  -0.00 200.00  18.40    N  2.56e-01  4.16e+01
 60.00  -0.00 200.00  18.40    O  1.95e-01  4.16e+01
 60.00  -0.00 200.00  18.40    F  1.96e-05  4.16e+01
 60.00  -0.00 200.00  18.40   Ne  9.45e-02  4.16e+01
 60.00  -0.00 200.00  18.40   Mg  2.91e-02  4.16e+01
 60.00  -0.00 200.00  18.40   Si  2.79e-02  4.16e+01
 60.00  -0.00 200.00  18.40    S  1.30e-02  4.16e+01
 60.00  -0.00 200.00  18.40   Fe  5.41e-02  4.16e+01
 80.00  -0.00 200.00  22.37    p  2.08e+01  5.76e+01
 80.00  -0.00 200.00  22.37   He  3.44e+01  5.76e+01
 80.00  -0.00 200.00  22.37    C  1.45e+00  5.76e+01
 80.00  -0.00 200.00  22.37    N  3.68e-01  5.76e+01
 80.00  -0.00 200.00  22.37    O  2.79e-01  5.76e+01
 80.00  -0.00 200.00  22.37    F  1.29e-05  5.76e+01
 80.00  -0.00 200.00  22.37   Ne  1.33e-01  5.76e+01
 80.00  -0.00 200.00  22.37   Mg  4.02e-02  5.76e+01
 80.00  -0.00 200.00  22.37   Si  3.86e-02  5.76e+01
 80.00  -0.00 200.00  22.37    S  1.80e-02  5.76e+01
 80.00  -0.00 200.00  22.37   Fe  7.50e-02  5.76e+01
120.00  -0.00 200.00  24.00    p  3.19e+01  9.60e+01
120.00  -0.00 200.00  24.00   He  6.11e+01  9.60e+01
120.00  -0.00 200.00  24.00    C  1.71e+00  9.60e+01
120.00  -0.00 200.00  24.00    N  6.29e-01  9.60e+01
120.00  -0.00 200.00  24.00    O  2.85e-01  9.60e+01
120.00  -0.00 200.00  24.00    F  2.19e-05  9.60e+01
120.00  -0.00 200.00  24.00   Ne  2.06e-01  9.60e+01
120.00  -0.00 200.00  24.00   Mg  6.61e-02  9.60e+01
120.00  -0.00 200.00  24.00   Si  6.44e-02  9.60e+01
120.00  -0.00 200.00  24.00    S  2.99e-02  9.60e+01
120.00  -0.00 200.00  24.00   Fe  1.25e-01  9.60e+01
