#---Details of Columns:
#    M0 (solMass)          (F6.2)  [1/6.5] Initial mass [ucd=phys.mass]
#    [Fe/H]                (F7.2)  Initial metallicity [ucd=phys.abund.Z]
#    vel (km/s)            (F7.2)  Initial rotation [ucd=phys.mass]
#    M1 (solMass)          (F7.2)  Final mass (1) [ucd=phys.mass]
#    El                    (a4)    Species i (2) [ucd=phys.atmol.element]
#    M(i)lost (solMass)    (D9.2)  Mass of species i lost in the wind [ucd=phys.mass]
#    M(i)lostall (solMass) (D9.2)  Total mass lost in the wind [ucd=phys.mass]
#----- ------ ------ ------ ---- --------- -----------
#M0                                                                 
#(sol         vel    M1 (so      M(i)lost  M(i)lostall
#Mass) Z0     (km/s) lMass) El   (solMass) (solMass)  
#----- ------ ------ ------ ---- --------- -----------
 13.00  -2.00 300.00   2.07    p  4.49e+00  1.09e+01
 13.00  -2.00 300.00   2.07   He  3.82e+00  1.09e+01
 13.00  -2.00 300.00   2.07    C  2.80e-01  1.09e+01
 13.00  -2.00 300.00   2.07    N  1.12e-01  1.09e+01
 13.00  -2.00 300.00   2.07    O  1.42e+00  1.09e+01
 13.00  -2.00 300.00   2.07    F  3.60e-05  1.09e+01
 13.00  -2.00 300.00   2.07   Ne  1.28e-01  1.09e+01
 13.00  -2.00 300.00   2.07   Mg  3.68e-02  1.09e+01
 13.00  -2.00 300.00   2.07   Si  2.15e-01  1.09e+01
 13.00  -2.00 300.00   2.07    S  1.72e-01  1.09e+01
 13.00  -2.00 300.00   2.07   Fe  7.78e-02  1.09e+01
 15.00  -2.00 300.00   2.40    p  5.04e+00  1.26e+01
 15.00  -2.00 300.00   2.40   He  4.42e+00  1.26e+01
 15.00  -2.00 300.00   2.40    C  3.41e-01  1.26e+01
 15.00  -2.00 300.00   2.40    N  1.20e-01  1.26e+01
 15.00  -2.00 300.00   2.40    O  1.74e+00  1.26e+01
 15.00  -2.00 300.00   2.40    F  5.06e-05  1.26e+01
 15.00  -2.00 300.00   2.40   Ne  1.32e-01  1.26e+01
 15.00  -2.00 300.00   2.40   Mg  4.40e-02  1.26e+01
 15.00  -2.00 300.00   2.40   Si  2.89e-01  1.26e+01
 15.00  -2.00 300.00   2.40    S  2.00e-01  1.26e+01
 15.00  -2.00 300.00   2.40   Fe  1.04e-01  1.26e+01
 20.00  -2.00 300.00   3.15    p  6.60e+00  1.68e+01
 20.00  -2.00 300.00   3.15   He  5.74e+00  1.68e+01
 20.00  -2.00 300.00   3.15    C  5.30e-01  1.68e+01
 20.00  -2.00 300.00   3.15    N  1.32e-02  1.68e+01
 20.00  -2.00 300.00   3.15    O  3.20e+00  1.68e+01
 20.00  -2.00 300.00   3.15    F  1.55e-04  1.68e+01
 20.00  -2.00 300.00   3.15   Ne  2.05e-01  1.68e+01
 20.00  -2.00 300.00   3.15   Mg  7.09e-02  1.68e+01
 20.00  -2.00 300.00   3.15   Si  2.00e-01  1.68e+01
 20.00  -2.00 300.00   3.15    S  1.02e-01  1.68e+01
 20.00  -2.00 300.00   3.15   Fe  7.45e-02  1.68e+01
 25.00  -2.00 300.00   3.50    p  7.87e+00  2.15e+01
 25.00  -2.00 300.00   3.50   He  5.21e+00  2.15e+01
 25.00  -2.00 300.00   3.50    C  1.01e+00  2.15e+01
 25.00  -2.00 300.00   3.50    N  1.30e-02  2.15e+01
 25.00  -2.00 300.00   3.50    O  5.93e+00  2.15e+01
 25.00  -2.00 300.00   3.50    F  7.63e-04  2.15e+01
 25.00  -2.00 300.00   3.50   Ne  8.09e-01  2.15e+01
 25.00  -2.00 300.00   3.50   Mg  1.54e-01  2.15e+01
 25.00  -2.00 300.00   3.50   Si  2.69e-01  2.15e+01
 25.00  -2.00 300.00   3.50    S  9.13e-02  2.15e+01
 25.00  -2.00 300.00   3.50   Fe  7.11e-02  2.15e+01
 30.00  -2.00 300.00  16.40    p  9.14e+00  1.36e+01
 30.00  -2.00 300.00  16.40   He  4.48e+00  1.36e+01
 30.00  -2.00 300.00  16.40    C  1.20e-02  1.36e+01
 30.00  -2.00 300.00  16.40    N  5.44e-03  1.36e+01
 30.00  -2.00 300.00  16.40    O  2.99e-03  1.36e+01
 30.00  -2.00 300.00  16.40    F  1.93e-08  1.36e+01
 30.00  -2.00 300.00  16.40   Ne  9.49e-05  1.36e+01
 30.00  -2.00 300.00  16.40   Mg  7.49e-05  1.36e+01
 30.00  -2.00 300.00  16.40   Si  1.06e-04  1.36e+01
 30.00  -2.00 300.00  16.40    S  4.23e-05  1.36e+01
 30.00  -2.00 300.00  16.40   Fe  7.89e-05  1.36e+01
 40.00  -2.00 300.00  23.94    p  1.12e+01  1.61e+01
 40.00  -2.00 300.00  23.94   He  4.80e+00  1.61e+01
 40.00  -2.00 300.00  23.94    C  1.26e-02  1.61e+01
 40.00  -2.00 300.00  23.94    N  1.74e-02  1.61e+01
 40.00  -2.00 300.00  23.94    O  7.74e-03  1.61e+01
 40.00  -2.00 300.00  23.94    F  2.37e-08  1.61e+01
 40.00  -2.00 300.00  23.94   Ne  1.62e-04  1.61e+01
 40.00  -2.00 300.00  23.94   Mg  8.63e-05  1.61e+01
 40.00  -2.00 300.00  23.94   Si  1.21e-04  1.61e+01
 40.00  -2.00 300.00  23.94    S  4.87e-05  1.61e+01
 40.00  -2.00 300.00  23.94   Fe  9.06e-05  1.61e+01
 60.00  -2.00 300.00  37.92    p  1.51e+01  2.21e+01
 60.00  -2.00 300.00  37.92   He  6.90e+00  2.21e+01
 60.00  -2.00 300.00  37.92    C  8.59e-02  2.21e+01
 60.00  -2.00 300.00  37.92    N  2.70e-02  2.21e+01
 60.00  -2.00 300.00  37.92    O  2.90e-02  2.21e+01
 60.00  -2.00 300.00  37.92    F  4.01e-08  2.21e+01
 60.00  -2.00 300.00  37.92   Ne  7.12e-04  2.21e+01
 60.00  -2.00 300.00  37.92   Mg  1.20e-04  2.21e+01
 60.00  -2.00 300.00  37.92   Si  1.65e-04  2.21e+01
 60.00  -2.00 300.00  37.92    S  6.53e-05  2.21e+01
 60.00  -2.00 300.00  37.92   Fe  1.19e-04  2.21e+01
 80.00  -2.00 300.00  50.77    p  1.76e+01  2.92e+01
 80.00  -2.00 300.00  50.77   He  1.14e+01  2.92e+01
 80.00  -2.00 300.00  50.77    C  1.78e-01  2.92e+01
 80.00  -2.00 300.00  50.77    N  3.60e-02  2.92e+01
 80.00  -2.00 300.00  50.77    O  4.97e-02  2.92e+01
 80.00  -2.00 300.00  50.77    F  9.05e-08  2.92e+01
 80.00  -2.00 300.00  50.77   Ne  6.48e-04  2.92e+01
 80.00  -2.00 300.00  50.77   Mg  1.58e-04  2.92e+01
 80.00  -2.00 300.00  50.77   Si  2.45e-04  2.92e+01
 80.00  -2.00 300.00  50.77    S  9.30e-05  2.92e+01
 80.00  -2.00 300.00  50.77   Fe  1.72e-04  2.92e+01
120.00  -2.00 300.00  78.45    p  2.14e+01  4.15e+01
120.00  -2.00 300.00  78.45   He  1.96e+01  4.15e+01
120.00  -2.00 300.00  78.45    C  4.31e-01  4.15e+01
120.00  -2.00 300.00  78.45    N  2.19e-02  4.15e+01
120.00  -2.00 300.00  78.45    O  1.12e-01  4.15e+01
120.00  -2.00 300.00  78.45    F  6.09e-08  4.15e+01
120.00  -2.00 300.00  78.45   Ne  1.21e-03  4.15e+01
120.00  -2.00 300.00  78.45   Mg  2.19e-04  4.15e+01
120.00  -2.00 300.00  78.45   Si  3.86e-04  4.15e+01
120.00  -2.00 300.00  78.45    S  1.39e-04  4.15e+01
120.00  -2.00 300.00  78.45   Fe  2.52e-04  4.15e+01
