#---Details of Columns:
#    M0 (solMass)          (F6.2)  [1/6.5] Initial mass [ucd=phys.mass]
#    [Fe/H]                (F7.2)  Initial metallicity [ucd=phys.abund.Z]
#    vel (km/s)            (F7.2)  Initial rotation [ucd=phys.mass]
#    M1 (solMass)          (F7.2)  Final mass (1) [ucd=phys.mass]
#    El                    (a4)    Species i (2) [ucd=phys.atmol.element]
#    M(i)lost (solMass)    (D9.2)  Mass of species i lost in the wind [ucd=phys.mass]
#    M(i)lostall (solMass) (D9.2)  Total mass lost in the wind [ucd=phys.mass]
#----- ------ ------ ------ ---- --------- -----------
#M0                                                                 
#(sol         vel    M1 (so      M(i)lost  M(i)lostall
#Mass) Z0     (km/s) lMass) El   (solMass) (solMass)  
#----- ------ ------ ------ ---- --------- -----------
 13.00  -0.60 300.00   2.50    p  4.36e+00  1.05e+01
 13.00  -0.60 300.00   2.50   He  3.64e+00  1.05e+01
 13.00  -0.60 300.00   2.50    C  1.58e-01  1.05e+01
 13.00  -0.60 300.00   2.50    N  5.30e-02  1.05e+01
 13.00  -0.60 300.00   2.50    O  1.35e+00  1.05e+01
 13.00  -0.60 300.00   2.50    F  2.81e-05  1.05e+01
 13.00  -0.60 300.00   2.50   Ne  1.18e-01  1.05e+01
 13.00  -0.60 300.00   2.50   Mg  5.39e-02  1.05e+01
 13.00  -0.60 300.00   2.50   Si  3.67e-01  1.05e+01
 13.00  -0.60 300.00   2.50    S  3.04e-01  1.05e+01
 13.00  -0.60 300.00   2.50   Fe  1.06e-01  1.05e+01
 15.00  -0.60 300.00   2.60    p  4.86e+00  1.24e+01
 15.00  -0.60 300.00   2.60   He  4.28e+00  1.24e+01
 15.00  -0.60 300.00   2.60    C  2.15e-01  1.24e+01
 15.00  -0.60 300.00   2.60    N  6.95e-02  1.24e+01
 15.00  -0.60 300.00   2.60    O  1.78e+00  1.24e+01
 15.00  -0.60 300.00   2.60    F  1.15e-04  1.24e+01
 15.00  -0.60 300.00   2.60   Ne  1.31e-01  1.24e+01
 15.00  -0.60 300.00   2.60   Mg  5.36e-02  1.24e+01
 15.00  -0.60 300.00   2.60   Si  4.71e-01  1.24e+01
 15.00  -0.60 300.00   2.60    S  4.21e-01  1.24e+01
 15.00  -0.60 300.00   2.60   Fe  9.54e-02  1.24e+01
 20.00  -0.60 300.00   3.00    p  6.15e+00  1.70e+01
 20.00  -0.60 300.00   3.00   He  6.21e+00  1.70e+01
 20.00  -0.60 300.00   3.00    C  6.69e-01  1.70e+01
 20.00  -0.60 300.00   3.00    N  6.05e-02  1.70e+01
 20.00  -0.60 300.00   3.00    O  3.26e+00  1.70e+01
 20.00  -0.60 300.00   3.00    F  2.64e-04  1.70e+01
 20.00  -0.60 300.00   3.00   Ne  2.10e-01  1.70e+01
 20.00  -0.60 300.00   3.00   Mg  7.18e-02  1.70e+01
 20.00  -0.60 300.00   3.00   Si  1.96e-01  1.70e+01
 20.00  -0.60 300.00   3.00    S  8.72e-02  1.70e+01
 20.00  -0.60 300.00   3.00   Fe  7.94e-02  1.70e+01
 25.00  -0.60 300.00   3.29    p  7.51e+00  2.17e+01
 25.00  -0.60 300.00   3.29   He  6.19e+00  2.17e+01
 25.00  -0.60 300.00   3.29    C  9.21e-01  2.17e+01
 25.00  -0.60 300.00   3.29    N  5.71e-02  2.17e+01
 25.00  -0.60 300.00   3.29    O  5.61e+00  2.17e+01
 25.00  -0.60 300.00   3.29    F  1.02e-03  2.17e+01
 25.00  -0.60 300.00   3.29   Ne  8.76e-01  2.17e+01
 25.00  -0.60 300.00   3.29   Mg  1.66e-01  2.17e+01
 25.00  -0.60 300.00   3.29   Si  2.56e-01  2.17e+01
 25.00  -0.60 300.00   3.29    S  9.01e-02  2.17e+01
 25.00  -0.60 300.00   3.29   Fe  7.68e-02  2.17e+01
 30.00  -0.60 300.00   4.18    p  8.07e+00  2.58e+01
 30.00  -0.60 300.00   4.18   He  7.11e+00  2.58e+01
 30.00  -0.60 300.00   4.18    C  1.37e+00  2.58e+01
 30.00  -0.60 300.00   4.18    N  5.87e-02  2.58e+01
 30.00  -0.60 300.00   4.18    O  7.56e+00  2.58e+01
 30.00  -0.60 300.00   4.18    F  2.64e-03  2.58e+01
 30.00  -0.60 300.00   4.18   Ne  8.70e-01  2.58e+01
 30.00  -0.60 300.00   4.18   Mg  1.83e-01  2.58e+01
 30.00  -0.60 300.00   4.18   Si  3.44e-01  2.58e+01
 30.00  -0.60 300.00   4.18    S  1.35e-01  2.58e+01
 30.00  -0.60 300.00   4.18   Fe  7.74e-02  2.58e+01
 40.00  -0.60 300.00   4.88    p  1.06e+01  3.51e+01
 40.00  -0.60 300.00   4.88   He  9.12e+00  3.51e+01
 40.00  -0.60 300.00   4.88    C  2.23e+00  3.51e+01
 40.00  -0.60 300.00   4.88    N  9.43e-02  3.51e+01
 40.00  -0.60 300.00   4.88    O  1.07e+01  3.51e+01
 40.00  -0.60 300.00   4.88    F  1.58e-04  3.51e+01
 40.00  -0.60 300.00   4.88   Ne  1.28e+00  3.51e+01
 40.00  -0.60 300.00   4.88   Mg  3.46e-01  3.51e+01
 40.00  -0.60 300.00   4.88   Si  4.44e-01  3.51e+01
 40.00  -0.60 300.00   4.88    S  1.62e-01  3.51e+01
 40.00  -0.60 300.00   4.88   Fe  7.77e-02  3.51e+01
 60.00  -0.60 300.00   5.78    p  1.46e+01  5.42e+01
 60.00  -0.60 300.00   5.78   He  1.71e+01  5.42e+01
 60.00  -0.60 300.00   5.78    C  4.16e+00  5.42e+01
 60.00  -0.60 300.00   5.78    N  6.29e-02  5.42e+01
 60.00  -0.60 300.00   5.78    O  1.48e+01  5.42e+01
 60.00  -0.60 300.00   5.78    F  4.25e-06  5.42e+01
 60.00  -0.60 300.00   5.78   Ne  1.93e+00  5.42e+01
 60.00  -0.60 300.00   5.78   Mg  6.63e-01  5.42e+01
 60.00  -0.60 300.00   5.78   Si  6.75e-01  5.42e+01
 60.00  -0.60 300.00   5.78    S  2.39e-01  5.42e+01
 60.00  -0.60 300.00   5.78   Fe  8.29e-02  5.42e+01
 80.00  -0.60 300.00   6.47    p  1.86e+01  7.35e+01
 80.00  -0.60 300.00   6.47   He  2.85e+01  7.35e+01
 80.00  -0.60 300.00   6.47    C  5.04e+00  7.35e+01
 80.00  -0.60 300.00   6.47    N  7.15e-02  7.35e+01
 80.00  -0.60 300.00   6.47    O  1.76e+01  7.35e+01
 80.00  -0.60 300.00   6.47    F  6.58e-06  7.35e+01
 80.00  -0.60 300.00   6.47   Ne  1.85e+00  7.35e+01
 80.00  -0.60 300.00   6.47   Mg  6.59e-01  7.35e+01
 80.00  -0.60 300.00   6.47   Si  8.46e-01  7.35e+01
 80.00  -0.60 300.00   6.47    S  3.02e-01  7.35e+01
 80.00  -0.60 300.00   6.47   Fe  8.75e-02  7.35e+01
120.00  -0.60 300.00   8.94    p  2.64e+01  1.11e+02
120.00  -0.60 300.00   8.94   He  5.18e+01  1.11e+02
120.00  -0.60 300.00   8.94    C  6.07e+00  1.11e+02
120.00  -0.60 300.00   8.94    N  1.32e-01  1.11e+02
120.00  -0.60 300.00   8.94    O  2.14e+01  1.11e+02
120.00  -0.60 300.00   8.94    F  8.35e-06  1.11e+02
120.00  -0.60 300.00   8.94   Ne  2.14e+00  1.11e+02
120.00  -0.60 300.00   8.94   Mg  1.18e+00  1.11e+02
120.00  -0.60 300.00   8.94   Si  1.22e+00  1.11e+02
120.00  -0.60 300.00   8.94    S  3.80e-01  1.11e+02
120.00  -0.60 300.00   8.94   Fe  9.25e-02  1.11e+02
