#---Details of Columns:
#    M0 (solMass)          (F6.2)  [1/6.5] Initial mass [ucd=phys.mass]
#    [Fe/H]                (F7.2)  Initial metallicity [ucd=phys.abund.Z]
#    vel (km/s)            (F7.2)  Initial rotation [ucd=phys.mass]
#    M1 (solMass)          (F7.2)  Final mass (1) [ucd=phys.mass]
#    El                    (a4)    Species i (2) [ucd=phys.atmol.element]
#    M(i)lost (solMass)    (D9.2)  Mass of species i lost in the wind [ucd=phys.mass]
#    M(i)lostall (solMass) (D9.2)  Total mass lost in the wind [ucd=phys.mass]
#----- ------ ------ ------ ---- --------- -----------
#M0                                                                 
#(sol         vel    M1 (so      M(i)lost  M(i)lostall
#Mass) Z0     (km/s) lMass) El   (solMass) (solMass)  
#----- ------ ------ ------ ---- --------- -----------
 13.00  -3.00 150.00   2.25    p  4.88e+00  1.07e+01
 13.00  -3.00 150.00   2.25   He  3.83e+00  1.07e+01
 13.00  -3.00 150.00   2.25    C  2.74e-01  1.07e+01
 13.00  -3.00 150.00   2.25    N  3.36e-02  1.07e+01
 13.00  -3.00 150.00   2.25    O  1.46e+00  1.07e+01
 13.00  -3.00 150.00   2.25    F  1.00e-04  1.07e+01
 13.00  -3.00 150.00   2.25   Ne  6.68e-02  1.07e+01
 13.00  -3.00 150.00   2.25   Mg  2.04e-02  1.07e+01
 13.00  -3.00 150.00   2.25   Si  7.78e-02  1.07e+01
 13.00  -3.00 150.00   2.25    S  3.36e-02  1.07e+01
 13.00  -3.00 150.00   2.25   Fe  7.27e-02  1.07e+01
 15.00  -3.00 150.00   2.21    p  5.45e+00  1.28e+01
 15.00  -3.00 150.00   2.21   He  4.44e+00  1.28e+01
 15.00  -3.00 150.00   2.21    C  3.75e-01  1.28e+01
 15.00  -3.00 150.00   2.21    N  1.77e-02  1.28e+01
 15.00  -3.00 150.00   2.21    O  2.01e+00  1.28e+01
 15.00  -3.00 150.00   2.21    F  1.53e-03  1.28e+01
 15.00  -3.00 150.00   2.21   Ne  8.74e-02  1.28e+01
 15.00  -3.00 150.00   2.21   Mg  1.37e-02  1.28e+01
 15.00  -3.00 150.00   2.21   Si  1.82e-01  1.28e+01
 15.00  -3.00 150.00   2.21    S  1.35e-01  1.28e+01
 15.00  -3.00 150.00   2.21   Fe  7.33e-02  1.28e+01
 20.00  -3.00 150.00   2.94    p  7.16e+00  1.71e+01
 20.00  -3.00 150.00   2.94   He  5.65e+00  1.71e+01
 20.00  -3.00 150.00   2.94    C  5.50e-01  1.71e+01
 20.00  -3.00 150.00   2.94    N  5.30e-02  1.71e+01
 20.00  -3.00 150.00   2.94    O  3.13e+00  1.71e+01
 20.00  -3.00 150.00   2.94    F  1.02e-03  1.71e+01
 20.00  -3.00 150.00   2.94   Ne  1.67e-01  1.71e+01
 20.00  -3.00 150.00   2.94   Mg  6.21e-02  1.71e+01
 20.00  -3.00 150.00   2.94   Si  1.64e-01  1.71e+01
 20.00  -3.00 150.00   2.94    S  5.76e-02  1.71e+01
 20.00  -3.00 150.00   2.94   Fe  7.26e-02  1.71e+01
 25.00  -3.00 150.00   3.14    p  8.61e+00  2.19e+01
 25.00  -3.00 150.00   3.14   He  6.83e+00  2.19e+01
 25.00  -3.00 150.00   3.14    C  6.23e-01  2.19e+01
 25.00  -3.00 150.00   3.14    N  8.66e-02  2.19e+01
 25.00  -3.00 150.00   3.14    O  4.71e+00  2.19e+01
 25.00  -3.00 150.00   3.14    F  2.10e-04  2.19e+01
 25.00  -3.00 150.00   3.14   Ne  5.42e-01  2.19e+01
 25.00  -3.00 150.00   3.14   Mg  1.17e-01  2.19e+01
 25.00  -3.00 150.00   3.14   Si  2.06e-01  2.19e+01
 25.00  -3.00 150.00   3.14    S  6.60e-02  2.19e+01
 25.00  -3.00 150.00   3.14   Fe  7.27e-02  2.19e+01
 30.00  -3.00 150.00   3.73    p  9.29e+00  2.63e+01
 30.00  -3.00 150.00   3.73   He  6.64e+00  2.63e+01
 30.00  -3.00 150.00   3.73    C  1.36e+00  2.63e+01
 30.00  -3.00 150.00   3.73    N  4.09e-02  2.63e+01
 30.00  -3.00 150.00   3.73    O  7.27e+00  2.63e+01
 30.00  -3.00 150.00   3.73    F  1.78e-03  2.63e+01
 30.00  -3.00 150.00   3.73   Ne  1.02e+00  2.63e+01
 30.00  -3.00 150.00   3.73   Mg  1.91e-01  2.63e+01
 30.00  -3.00 150.00   3.73   Si  2.85e-01  2.63e+01
 30.00  -3.00 150.00   3.73    S  8.88e-02  2.63e+01
 30.00  -3.00 150.00   3.73   Fe  7.24e-02  2.63e+01
 40.00  -3.00 150.00   5.48    p  1.11e+01  3.45e+01
 40.00  -3.00 150.00   5.48   He  6.27e+00  3.45e+01
 40.00  -3.00 150.00   5.48    C  2.05e+00  3.45e+01
 40.00  -3.00 150.00   5.48    N  2.96e-03  3.45e+01
 40.00  -3.00 150.00   5.48    O  1.27e+01  3.45e+01
 40.00  -3.00 150.00   5.48    F  2.20e-04  3.45e+01
 40.00  -3.00 150.00   5.48   Ne  1.16e+00  3.45e+01
 40.00  -3.00 150.00   5.48   Mg  4.14e-01  3.45e+01
 40.00  -3.00 150.00   5.48   Si  5.51e-01  3.45e+01
 40.00  -3.00 150.00   5.48    S  1.93e-01  3.45e+01
 40.00  -3.00 150.00   5.48   Fe  7.41e-02  3.45e+01
 60.00  -3.00 150.00   9.52    p  1.33e+01  5.05e+01
 60.00  -3.00 150.00   9.52   He  8.50e+00  5.05e+01
 60.00  -3.00 150.00   9.52    C  2.11e+00  5.05e+01
 60.00  -3.00 150.00   9.52    N  9.35e-03  5.05e+01
 60.00  -3.00 150.00   9.52    O  2.12e+01  5.05e+01
 60.00  -3.00 150.00   9.52    F  2.00e-04  5.05e+01
 60.00  -3.00 150.00   9.52   Ne  2.55e+00  5.05e+01
 60.00  -3.00 150.00   9.52   Mg  1.50e+00  5.05e+01
 60.00  -3.00 150.00   9.52   Si  9.24e-01  5.05e+01
 60.00  -3.00 150.00   9.52    S  3.38e-01  5.05e+01
 60.00  -3.00 150.00   9.52   Fe  7.56e-02  5.05e+01
 80.00  -3.00 150.00   8.28    p  1.89e+01  7.17e+01
 80.00  -3.00 150.00   8.28   He  1.11e+01  7.17e+01
 80.00  -3.00 150.00   8.28    C  2.71e+00  7.17e+01
 80.00  -3.00 150.00   8.28    N  1.04e-02  7.17e+01
 80.00  -3.00 150.00   8.28    O  3.16e+01  7.17e+01
 80.00  -3.00 150.00   8.28    F  3.85e-04  7.17e+01
 80.00  -3.00 150.00   8.28   Ne  3.73e+00  7.17e+01
 80.00  -3.00 150.00   8.28   Mg  2.10e+00  7.17e+01
 80.00  -3.00 150.00   8.28   Si  1.17e+00  7.17e+01
 80.00  -3.00 150.00   8.28    S  3.97e-01  7.17e+01
 80.00  -3.00 150.00   8.28   Fe  7.63e-02  7.17e+01
120.00  -3.00 150.00   4.31    p  2.52e+01  1.16e+02
120.00  -3.00 150.00   4.31   He  2.35e+01  1.16e+02
120.00  -3.00 150.00   4.31    C  6.01e+00  1.16e+02
120.00  -3.00 150.00   4.31    N  9.31e-02  1.16e+02
120.00  -3.00 150.00   4.31    O  5.57e+01  1.16e+02
120.00  -3.00 150.00   4.31    F  4.93e-08  1.16e+02
120.00  -3.00 150.00   4.31   Ne  3.57e+00  1.16e+02
120.00  -3.00 150.00   4.31   Mg  1.02e+00  1.16e+02
120.00  -3.00 150.00   4.31   Si  3.39e-01  1.16e+02
120.00  -3.00 150.00   4.31    S  1.21e-01  1.16e+02
120.00  -3.00 150.00   4.31   Fe  7.30e-02  1.16e+02
