#---Details of Columns:
#    M0 (solMass)          (F6.2)  [1/6.5] Initial mass [ucd=phys.mass]
#    [Fe/H]                (F7.2)  Initial metallicity [ucd=phys.abund.Z]
#    vel (km/s)            (F7.2)  Initial rotation [ucd=phys.mass]
#    M1 (solMass)          (F7.2)  Final mass (1) [ucd=phys.mass]
#    El                    (a4)    Species i (2) [ucd=phys.atmol.element]
#    M(i)lost (solMass)    (D9.2)  Mass of species i lost in the wind [ucd=phys.mass]
#    M(i)lostall (solMass) (D9.2)  Total mass lost in the wind [ucd=phys.mass]
#----- ------ ------ ------ ---- --------- -----------
#M0                                                                 
#(sol         vel    M1 (so      M(i)lost  M(i)lostall
#Mass) Z0     (km/s) lMass) El   (solMass) (solMass)  
#----- ------ ------ ------ ---- --------- -----------
 13.00  -2.00   0.00   1.68    p  6.25e+00  1.13e+01
 13.00  -2.00   0.00   1.68   He  4.45e+00  1.13e+01
 13.00  -2.00   0.00   1.68    C  1.57e-01  1.13e+01
 13.00  -2.00   0.00   1.68    N  8.52e-04  1.13e+01
 13.00  -2.00   0.00   1.68    O  2.73e-01  1.13e+01
 13.00  -2.00   0.00   1.68    F  3.67e-08  1.13e+01
 13.00  -2.00   0.00   1.68   Ne  1.25e-02  1.13e+01
 13.00  -2.00   0.00   1.68   Mg  1.15e-02  1.13e+01
 13.00  -2.00   0.00   1.68   Si  6.22e-02  1.13e+01
 13.00  -2.00   0.00   1.68    S  2.21e-02  1.13e+01
 13.00  -2.00   0.00   1.68   Fe  7.08e-02  1.13e+01
 15.00  -2.00   0.00   1.74    p  7.01e+00  1.33e+01
 15.00  -2.00   0.00   1.74   He  5.14e+00  1.33e+01
 15.00  -2.00   0.00   1.74    C  2.63e-01  1.33e+01
 15.00  -2.00   0.00   1.74    N  9.74e-04  1.33e+01
 15.00  -2.00   0.00   1.74    O  5.59e-01  1.33e+01
 15.00  -2.00   0.00   1.74    F  4.16e-08  1.33e+01
 15.00  -2.00   0.00   1.74   Ne  4.69e-02  1.33e+01
 15.00  -2.00   0.00   1.74   Mg  2.64e-02  1.33e+01
 15.00  -2.00   0.00   1.74   Si  9.25e-02  1.33e+01
 15.00  -2.00   0.00   1.74    S  3.01e-02  1.33e+01
 15.00  -2.00   0.00   1.74   Fe  7.09e-02  1.33e+01
 20.00  -2.00   0.00   1.85    p  8.80e+00  1.82e+01
 20.00  -2.00   0.00   1.85   He  6.76e+00  1.82e+01
 20.00  -2.00   0.00   1.85    C  4.05e-01  1.82e+01
 20.00  -2.00   0.00   1.85    N  1.19e-03  1.82e+01
 20.00  -2.00   0.00   1.85    O  1.36e+00  1.82e+01
 20.00  -2.00   0.00   1.85    F  6.87e-08  1.82e+01
 20.00  -2.00   0.00   1.85   Ne  4.70e-01  1.82e+01
 20.00  -2.00   0.00   1.85   Mg  1.11e-01  1.82e+01
 20.00  -2.00   0.00   1.85   Si  1.09e-01  1.82e+01
 20.00  -2.00   0.00   1.85    S  3.00e-02  1.82e+01
 20.00  -2.00   0.00   1.85   Fe  7.13e-02  1.82e+01
 25.00  -2.00   0.00   2.10    p  1.04e+01  2.29e+01
 25.00  -2.00   0.00   2.10   He  8.33e+00  2.29e+01
 25.00  -2.00   0.00   2.10    C  6.45e-01  2.29e+01
 25.00  -2.00   0.00   2.10    N  1.64e-03  2.29e+01
 25.00  -2.00   0.00   2.10    O  2.38e+00  2.29e+01
 25.00  -2.00   0.00   2.10    F  1.25e-07  2.29e+01
 25.00  -2.00   0.00   2.10   Ne  7.64e-01  2.29e+01
 25.00  -2.00   0.00   2.10   Mg  1.16e-01  2.29e+01
 25.00  -2.00   0.00   2.10   Si  1.05e-01  2.29e+01
 25.00  -2.00   0.00   2.10    S  3.05e-02  2.29e+01
 25.00  -2.00   0.00   2.10   Fe  7.06e-02  2.29e+01
 30.00  -2.00   0.00  29.86    p  1.05e-01  1.38e-01
 30.00  -2.00   0.00  29.86   He  3.31e-02  1.38e-01
 30.00  -2.00   0.00  29.86    C  6.05e-06  1.38e-01
 30.00  -2.00   0.00  29.86    N  9.60e-07  1.38e-01
 30.00  -2.00   0.00  29.86    O  2.82e-05  1.38e-01
 30.00  -2.00   0.00  29.86    F  7.01e-10  1.38e-01
 30.00  -2.00   0.00  29.86   Ne  1.74e-06  1.38e-01
 30.00  -2.00   0.00  29.86   Mg  1.75e-06  1.38e-01
 30.00  -2.00   0.00  29.86   Si  2.38e-06  1.38e-01
 30.00  -2.00   0.00  29.86    S  9.63e-07  1.38e-01
 30.00  -2.00   0.00  29.86   Fe  1.80e-06  1.38e-01
 40.00  -2.00   0.00  39.75    p  1.92e-01  2.52e-01
 40.00  -2.00   0.00  39.75   He  6.06e-02  2.52e-01
 40.00  -2.00   0.00  39.75    C  1.10e-05  2.52e-01
 40.00  -2.00   0.00  39.75    N  1.75e-06  2.52e-01
 40.00  -2.00   0.00  39.75    O  5.15e-05  2.52e-01
 40.00  -2.00   0.00  39.75    F  1.28e-09  2.52e-01
 40.00  -2.00   0.00  39.75   Ne  3.18e-06  2.52e-01
 40.00  -2.00   0.00  39.75   Mg  3.20e-06  2.52e-01
 40.00  -2.00   0.00  39.75   Si  4.34e-06  2.52e-01
 40.00  -2.00   0.00  39.75    S  1.76e-06  2.52e-01
 40.00  -2.00   0.00  39.75   Fe  3.29e-06  2.52e-01
 60.00  -2.00   0.00  59.62    p  2.90e-01  3.82e-01
 60.00  -2.00   0.00  59.62   He  9.18e-02  3.82e-01
 60.00  -2.00   0.00  59.62    C  1.67e-05  3.82e-01
 60.00  -2.00   0.00  59.62    N  2.66e-06  3.82e-01
 60.00  -2.00   0.00  59.62    O  7.81e-05  3.82e-01
 60.00  -2.00   0.00  59.62    F  1.94e-09  3.82e-01
 60.00  -2.00   0.00  59.62   Ne  4.81e-06  3.82e-01
 60.00  -2.00   0.00  59.62   Mg  4.85e-06  3.82e-01
 60.00  -2.00   0.00  59.62   Si  6.58e-06  3.82e-01
 60.00  -2.00   0.00  59.62    S  2.67e-06  3.82e-01
 60.00  -2.00   0.00  59.62   Fe  4.98e-06  3.82e-01
 80.00  -2.00   0.00  78.60    p  1.07e+00  1.40e+00
 80.00  -2.00   0.00  78.60   He  3.36e-01  1.40e+00
 80.00  -2.00   0.00  78.60    C  6.14e-05  1.40e+00
 80.00  -2.00   0.00  78.60    N  9.75e-06  1.40e+00
 80.00  -2.00   0.00  78.60    O  2.86e-04  1.40e+00
 80.00  -2.00   0.00  78.60    F  7.12e-09  1.40e+00
 80.00  -2.00   0.00  78.60   Ne  1.77e-05  1.40e+00
 80.00  -2.00   0.00  78.60   Mg  1.78e-05  1.40e+00
 80.00  -2.00   0.00  78.60   Si  2.41e-05  1.40e+00
 80.00  -2.00   0.00  78.60    S  9.77e-06  1.40e+00
 80.00  -2.00   0.00  78.60   Fe  1.82e-05  1.40e+00
120.00  -2.00   0.00 102.81    p  1.26e+01  1.72e+01
120.00  -2.00   0.00 102.81   He  4.54e+00  1.72e+01
120.00  -2.00   0.00 102.81    C  6.27e-04  1.72e+01
120.00  -2.00   0.00 102.81    N  7.20e-04  1.72e+01
120.00  -2.00   0.00 102.81    O  2.98e-03  1.72e+01
120.00  -2.00   0.00 102.81    F  7.40e-08  1.72e+01
120.00  -2.00   0.00 102.81   Ne  2.08e-04  1.72e+01
120.00  -2.00   0.00 102.81   Mg  2.14e-04  1.72e+01
120.00  -2.00   0.00 102.81   Si  2.96e-04  1.72e+01
120.00  -2.00   0.00 102.81    S  1.20e-04  1.72e+01
120.00  -2.00   0.00 102.81   Fe  2.24e-04  1.72e+01
