#---Details of Columns:
#    M0 (solMass)          (F6.2)  [1/6.5] Initial mass [ucd=phys.mass]
#    [Fe/H]                (F7.2)  Initial metallicity [ucd=phys.abund.Z]
#    vel (km/s)            (F7.2)  Initial rotation [ucd=phys.mass]
#    M1 (solMass)          (F7.2)  Final mass (1) [ucd=phys.mass]
#    El                    (a4)    Species i (2) [ucd=phys.atmol.element]
#    M(i)lost (solMass)    (D9.2)  Mass of species i lost in the wind [ucd=phys.mass]
#    M(i)lostall (solMass) (D9.2)  Total mass lost in the wind [ucd=phys.mass]
#----- ------ ------ ------ ---- --------- -----------
#M0                                                                 
#(sol         vel    M1 (so      M(i)lost  M(i)lostall
#Mass) Z0     (km/s) lMass) El   (solMass) (solMass)  
#----- ------ ------ ------ ---- --------- -----------
 13.00  -2.00 200.00   2.22    p  4.75e+00  1.08e+01
 13.00  -2.00 200.00   2.22   He  3.82e+00  1.08e+01
 13.00  -2.00 200.00   2.22    C  2.83e-01  1.08e+01
 13.00  -2.00 200.00   2.22    N  6.65e-02  1.08e+01
 13.00  -2.00 200.00   2.22    O  1.47e+00  1.08e+01
 13.00  -2.00 200.00   2.22    F  6.76e-05  1.08e+01
 13.00  -2.00 200.00   2.22   Ne  1.03e-01  1.08e+01
 13.00  -2.00 200.00   2.22   Mg  2.91e-02  1.08e+01
 13.00  -2.00 200.00   2.22   Si  1.24e-01  1.08e+01
 13.00  -2.00 200.00   2.22    S  7.84e-02  1.08e+01
 13.00  -2.00 200.00   2.22   Fe  7.53e-02  1.08e+01
 15.00  -2.00 200.00   2.34    p  5.32e+00  1.27e+01
 15.00  -2.00 200.00   2.34   He  4.42e+00  1.27e+01
 15.00  -2.00 200.00   2.34    C  3.67e-01  1.27e+01
 15.00  -2.00 200.00   2.34    N  6.49e-02  1.27e+01
 15.00  -2.00 200.00   2.34    O  1.86e+00  1.27e+01
 15.00  -2.00 200.00   2.34    F  7.06e-04  1.27e+01
 15.00  -2.00 200.00   2.34   Ne  1.04e-01  1.27e+01
 15.00  -2.00 200.00   2.34   Mg  2.47e-02  1.27e+01
 15.00  -2.00 200.00   2.34   Si  2.22e-01  1.27e+01
 15.00  -2.00 200.00   2.34    S  1.73e-01  1.27e+01
 15.00  -2.00 200.00   2.34   Fe  8.48e-02  1.27e+01
 20.00  -2.00 200.00   3.03    p  6.93e+00  1.70e+01
 20.00  -2.00 200.00   3.03   He  5.70e+00  1.70e+01
 20.00  -2.00 200.00   3.03    C  5.46e-01  1.70e+01
 20.00  -2.00 200.00   3.03    N  5.17e-02  1.70e+01
 20.00  -2.00 200.00   3.03    O  3.16e+00  1.70e+01
 20.00  -2.00 200.00   3.03    F  5.33e-04  1.70e+01
 20.00  -2.00 200.00   3.03   Ne  1.68e-01  1.70e+01
 20.00  -2.00 200.00   3.03   Mg  6.25e-02  1.70e+01
 20.00  -2.00 200.00   3.03   Si  1.87e-01  1.70e+01
 20.00  -2.00 200.00   3.03    S  7.83e-02  1.70e+01
 20.00  -2.00 200.00   3.03   Fe  7.43e-02  1.70e+01
 25.00  -2.00 200.00   3.27    p  8.39e+00  2.17e+01
 25.00  -2.00 200.00   3.27   He  6.25e+00  2.17e+01
 25.00  -2.00 200.00   3.27    C  8.08e-01  2.17e+01
 25.00  -2.00 200.00   3.27    N  4.52e-02  2.17e+01
 25.00  -2.00 200.00   3.27    O  5.10e+00  2.17e+01
 25.00  -2.00 200.00   3.27    F  3.79e-04  2.17e+01
 25.00  -2.00 200.00   3.27   Ne  6.10e-01  2.17e+01
 25.00  -2.00 200.00   3.27   Mg  1.32e-01  2.17e+01
 25.00  -2.00 200.00   3.27   Si  2.31e-01  2.17e+01
 25.00  -2.00 200.00   3.27    S  7.59e-02  2.17e+01
 25.00  -2.00 200.00   3.27   Fe  7.32e-02  2.17e+01
 30.00  -2.00 200.00   3.83    p  9.32e+00  2.62e+01
 30.00  -2.00 200.00   3.83   He  6.26e+00  2.62e+01
 30.00  -2.00 200.00   3.83    C  1.43e+00  2.62e+01
 30.00  -2.00 200.00   3.83    N  2.94e-02  2.62e+01
 30.00  -2.00 200.00   3.83    O  7.44e+00  2.62e+01
 30.00  -2.00 200.00   3.83    F  1.30e-03  2.62e+01
 30.00  -2.00 200.00   3.83   Ne  9.93e-01  2.62e+01
 30.00  -2.00 200.00   3.83   Mg  2.00e-01  2.62e+01
 30.00  -2.00 200.00   3.83   Si  3.04e-01  2.62e+01
 30.00  -2.00 200.00   3.83    S  9.97e-02  2.62e+01
 30.00  -2.00 200.00   3.83   Fe  7.29e-02  2.62e+01
 40.00  -2.00 200.00   5.49    p  1.13e+01  3.45e+01
 40.00  -2.00 200.00   5.49   He  6.35e+00  3.45e+01
 40.00  -2.00 200.00   5.49    C  2.16e+00  3.45e+01
 40.00  -2.00 200.00   5.49    N  1.70e-02  3.45e+01
 40.00  -2.00 200.00   5.49    O  1.23e+01  3.45e+01
 40.00  -2.00 200.00   5.49    F  3.63e-04  3.45e+01
 40.00  -2.00 200.00   5.49   Ne  1.21e+00  3.45e+01
 40.00  -2.00 200.00   5.49   Mg  4.18e-01  3.45e+01
 40.00  -2.00 200.00   5.49   Si  5.21e-01  3.45e+01
 40.00  -2.00 200.00   5.49    S  1.78e-01  3.45e+01
 40.00  -2.00 200.00   5.49   Fe  7.41e-02  3.45e+01
 60.00  -2.00 200.00   8.55    p  1.43e+01  5.14e+01
 60.00  -2.00 200.00   8.55   He  8.69e+00  5.14e+01
 60.00  -2.00 200.00   8.55    C  2.71e+00  5.14e+01
 60.00  -2.00 200.00   8.55    N  2.79e-02  5.14e+01
 60.00  -2.00 200.00   8.55    O  2.08e+01  5.14e+01
 60.00  -2.00 200.00   8.55    F  4.89e-04  5.14e+01
 60.00  -2.00 200.00   8.55   Ne  2.34e+00  5.14e+01
 60.00  -2.00 200.00   8.55   Mg  1.23e+00  5.14e+01
 60.00  -2.00 200.00   8.55   Si  9.02e-01  5.14e+01
 60.00  -2.00 200.00   8.55    S  3.15e-01  5.14e+01
 60.00  -2.00 200.00   8.55   Fe  7.67e-02  5.14e+01
 80.00  -2.00 200.00   7.79    p  1.85e+01  7.22e+01
 80.00  -2.00 200.00   7.79   He  1.21e+01  7.22e+01
 80.00  -2.00 200.00   7.79    C  3.52e+00  7.22e+01
 80.00  -2.00 200.00   7.79    N  4.18e-02  7.22e+01
 80.00  -2.00 200.00   7.79    O  3.16e+01  7.22e+01
 80.00  -2.00 200.00   7.79    F  2.20e-04  7.22e+01
 80.00  -2.00 200.00   7.79   Ne  3.23e+00  7.22e+01
 80.00  -2.00 200.00   7.79   Mg  1.60e+00  7.22e+01
 80.00  -2.00 200.00   7.79   Si  1.14e+00  7.22e+01
 80.00  -2.00 200.00   7.79    S  3.76e-01  7.22e+01
 80.00  -2.00 200.00   7.79   Fe  7.67e-02  7.22e+01
120.00  -2.00 200.00  19.32    p  2.34e+01  1.01e+02
120.00  -2.00 200.00  19.32   He  2.48e+01  1.01e+02
120.00  -2.00 200.00  19.32    C  7.60e+00  1.01e+02
120.00  -2.00 200.00  19.32    N  1.11e-01  1.01e+02
120.00  -2.00 200.00  19.32    O  4.16e+01  1.01e+02
120.00  -2.00 200.00  19.32    F  1.65e-07  1.01e+02
120.00  -2.00 200.00  19.32   Ne  2.11e+00  1.01e+02
120.00  -2.00 200.00  19.32   Mg  5.85e-01  1.01e+02
120.00  -2.00 200.00  19.32   Si  1.92e-01  1.01e+02
120.00  -2.00 200.00  19.32    S  6.80e-02  1.01e+02
120.00  -2.00 200.00  19.32   Fe  4.04e-02  1.01e+02
