#---Details of Columns:
#    M0 (solMass)          (F6.2)  [1/6.5] Initial mass [ucd=phys.mass]
#    [Fe/H]                (F7.2)  Initial metallicity [ucd=phys.abund.Z]
#    vel (km/s)            (F7.2)  Initial rotation [ucd=phys.mass]
#    M1 (solMass)          (F7.2)  Final mass (1) [ucd=phys.mass]
#    El                    (a4)    Species i (2) [ucd=phys.atmol.element]
#    M(i)lost (solMass)    (D9.2)  Mass of species i lost in the wind [ucd=phys.mass]
#    M(i)lostall (solMass) (D9.2)  Total mass lost in the wind [ucd=phys.mass]
#----- ------ ------ ------ ---- --------- -----------
#M0                                                                 
#(sol         vel    M1 (so      M(i)lost  M(i)lostall
#Mass) Z0     (km/s) lMass) El   (solMass) (solMass)  
#----- ------ ------ ------ ---- --------- -----------
 13.00   0.00 150.00   2.26    p  4.73e+00  1.07e+01
 13.00   0.00 150.00   2.26   He  3.93e+00  1.07e+01
 13.00   0.00 150.00   2.26    C  3.68e-01  1.07e+01
 13.00   0.00 150.00   2.26    N  3.92e-02  1.07e+01
 13.00   0.00 150.00   2.26    O  1.31e+00  1.07e+01
 13.00   0.00 150.00   2.26    F  1.44e-05  1.07e+01
 13.00   0.00 150.00   2.26   Ne  5.71e-02  1.07e+01
 13.00   0.00 150.00   2.26   Mg  2.24e-02  1.07e+01
 13.00   0.00 150.00   2.26   Si  1.06e-01  1.07e+01
 13.00   0.00 150.00   2.26    S  5.05e-02  1.07e+01
 13.00   0.00 150.00   2.26   Fe  8.56e-02  1.07e+01
 15.00   0.00 150.00   2.38    p  5.12e+00  1.26e+01
 15.00   0.00 150.00   2.38   He  4.47e+00  1.26e+01
 15.00   0.00 150.00   2.38    C  3.65e-01  1.26e+01
 15.00   0.00 150.00   2.38    N  4.10e-02  1.26e+01
 15.00   0.00 150.00   2.38    O  1.93e+00  1.26e+01
 15.00   0.00 150.00   2.38    F  6.51e-04  1.26e+01
 15.00   0.00 150.00   2.38   Ne  9.24e-02  1.26e+01
 15.00   0.00 150.00   2.38   Mg  3.97e-02  1.26e+01
 15.00   0.00 150.00   2.38   Si  1.17e-01  1.26e+01
 15.00   0.00 150.00   2.38    S  5.58e-02  1.26e+01
 15.00   0.00 150.00   2.38   Fe  3.17e-01  1.26e+01
 20.00   0.00 150.00   2.94    p  6.22e+00  1.71e+01
 20.00   0.00 150.00   2.94   He  6.36e+00  1.71e+01
 20.00   0.00 150.00   2.94    C  1.11e+00  1.71e+01
 20.00   0.00 150.00   2.94    N  6.80e-02  1.71e+01
 20.00   0.00 150.00   2.94    O  2.62e+00  1.71e+01
 20.00   0.00 150.00   2.94    F  1.14e-04  1.71e+01
 20.00   0.00 150.00   2.94   Ne  1.37e-01  1.71e+01
 20.00   0.00 150.00   2.94   Mg  6.18e-02  1.71e+01
 20.00   0.00 150.00   2.94   Si  2.32e-01  1.71e+01
 20.00   0.00 150.00   2.94    S  9.76e-02  1.71e+01
 20.00   0.00 150.00   2.94   Fe  9.29e-02  1.71e+01
 25.00   0.00 150.00   2.84    p  7.59e+00  2.22e+01
 25.00   0.00 150.00   2.84   He  8.28e+00  2.22e+01
 25.00   0.00 150.00   2.84    C  1.44e+00  2.22e+01
 25.00   0.00 150.00   2.84    N  8.61e-02  2.22e+01
 25.00   0.00 150.00   2.84    O  3.64e+00  2.22e+01
 25.00   0.00 150.00   2.84    F  1.59e-05  2.22e+01
 25.00   0.00 150.00   2.84   Ne  4.02e-01  2.22e+01
 25.00   0.00 150.00   2.84   Mg  1.35e-01  2.22e+01
 25.00   0.00 150.00   2.84   Si  3.07e-01  2.22e+01
 25.00   0.00 150.00   2.84    S  1.08e-01  2.22e+01
 25.00   0.00 150.00   2.84   Fe  9.94e-02  2.22e+01
 30.00   0.00 150.00  11.24    p  8.61e+00  1.88e+01
 30.00   0.00 150.00  11.24   He  9.54e+00  1.88e+01
 30.00   0.00 150.00  11.24    C  3.06e-01  1.88e+01
 30.00   0.00 150.00  11.24    N  1.07e-01  1.88e+01
 30.00   0.00 150.00  11.24    O  1.04e-01  1.88e+01
 30.00   0.00 150.00  11.24    F  4.65e-06  1.88e+01
 30.00   0.00 150.00  11.24   Ne  3.10e-02  1.88e+01
 30.00   0.00 150.00  11.24   Mg  1.32e-02  1.88e+01
 30.00   0.00 150.00  11.24   Si  1.26e-02  1.88e+01
 30.00   0.00 150.00  11.24    S  5.84e-03  1.88e+01
 30.00   0.00 150.00  11.24   Fe  2.44e-02  1.88e+01
 40.00   0.00 150.00  13.75    p  1.14e+01  2.63e+01
 40.00   0.00 150.00  13.75   He  1.39e+01  2.63e+01
 40.00   0.00 150.00  13.75    C  5.03e-01  2.63e+01
 40.00   0.00 150.00  13.75    N  1.61e-01  2.63e+01
 40.00   0.00 150.00  13.75    O  1.38e-01  2.63e+01
 40.00   0.00 150.00  13.75    F  6.84e-06  2.63e+01
 40.00   0.00 150.00  13.75   Ne  4.72e-02  2.63e+01
 40.00   0.00 150.00  13.75   Mg  1.85e-02  2.63e+01
 40.00   0.00 150.00  13.75   Si  1.76e-02  2.63e+01
 40.00   0.00 150.00  13.75    S  8.18e-03  2.63e+01
 40.00   0.00 150.00  13.75   Fe  3.42e-02  2.63e+01
 60.00   0.00 150.00  19.26    p  1.67e+01  4.07e+01
 60.00   0.00 150.00  19.26   He  2.22e+01  4.07e+01
 60.00   0.00 150.00  19.26    C  1.12e+00  4.07e+01
 60.00   0.00 150.00  19.26    N  2.42e-01  4.07e+01
 60.00   0.00 150.00  19.26    O  2.29e-01  4.07e+01
 60.00   0.00 150.00  19.26    F  1.96e-05  4.07e+01
 60.00   0.00 150.00  19.26   Ne  9.35e-02  4.07e+01
 60.00   0.00 150.00  19.26   Mg  2.86e-02  4.07e+01
 60.00   0.00 150.00  19.26   Si  2.73e-02  4.07e+01
 60.00   0.00 150.00  19.26    S  1.27e-02  4.07e+01
 60.00   0.00 150.00  19.26   Fe  5.30e-02  4.07e+01
 80.00   0.00 150.00  24.76    p  2.19e+01  5.52e+01
 80.00   0.00 150.00  24.76   He  3.06e+01  5.52e+01
 80.00   0.00 150.00  24.76    C  1.72e+00  5.52e+01
 80.00   0.00 150.00  24.76    N  3.35e-01  5.52e+01
 80.00   0.00 150.00  24.76    O  3.50e-01  5.52e+01
 80.00   0.00 150.00  24.76    F  1.36e-05  5.52e+01
 80.00   0.00 150.00  24.76   Ne  1.39e-01  5.52e+01
 80.00   0.00 150.00  24.76   Mg  3.87e-02  5.52e+01
 80.00   0.00 150.00  24.76   Si  3.70e-02  5.52e+01
 80.00   0.00 150.00  24.76    S  1.72e-02  5.52e+01
 80.00   0.00 150.00  24.76   Fe  7.18e-02  5.52e+01
120.00   0.00 150.00  26.53    p  3.23e+01  9.35e+01
120.00   0.00 150.00  26.53   He  5.77e+01  9.35e+01
120.00   0.00 150.00  26.53    C  2.04e+00  9.35e+01
120.00   0.00 150.00  26.53    N  5.71e-01  9.35e+01
120.00   0.00 150.00  26.53    O  3.45e-01  9.35e+01
120.00   0.00 150.00  26.53    F  2.64e-05  9.35e+01
120.00   0.00 150.00  26.53   Ne  2.24e-01  9.35e+01
120.00   0.00 150.00  26.53   Mg  6.44e-02  9.35e+01
120.00   0.00 150.00  26.53   Si  6.26e-02  9.35e+01
120.00   0.00 150.00  26.53    S  2.91e-02  9.35e+01
120.00   0.00 150.00  26.53   Fe  1.22e-01  9.35e+01
