#---Details of Columns:
#    M0 (solMass)          (F6.2)  [1/6.5] Initial mass [ucd=phys.mass]
#    [Fe/H]                (F7.2)  Initial metallicity [ucd=phys.abund.Z]
#    vel (km/s)            (F7.2)  Initial rotation [ucd=phys.mass]
#    M1 (solMass)          (F7.2)  Final mass (1) [ucd=phys.mass]
#    El                    (a4)    Species i (2) [ucd=phys.atmol.element]
#    M(i)lost (solMass)    (D9.2)  Mass of species i lost in the wind [ucd=phys.mass]
#    M(i)lostall (solMass) (D9.2)  Total mass lost in the wind [ucd=phys.mass]
#----- ------ ------ ------ ---- --------- -----------
#M0                                                                 
#(sol         vel    M1 (so      M(i)lost  M(i)lostall
#Mass) Z0     (km/s) lMass) El   (solMass) (solMass)  
#----- ------ ------ ------ ---- --------- -----------
 13.00   0.30 250.00   2.30    p  4.28e+00  1.07e+01
 13.00   0.30 250.00   2.30   He  4.04e+00  1.07e+01
 13.00   0.30 250.00   2.30    C  4.79e-01  1.07e+01
 13.00   0.30 250.00   2.30    N  4.80e-02  1.07e+01
 13.00   0.30 250.00   2.30    O  1.43e+00  1.07e+01
 13.00   0.30 250.00   2.30    F  3.49e-04  1.07e+01
 13.00   0.30 250.00   2.30   Ne  9.70e-02  1.07e+01
 13.00   0.30 250.00   2.30   Mg  3.27e-02  1.07e+01
 13.00   0.30 250.00   2.30   Si  1.13e-01  1.07e+01
 13.00   0.30 250.00   2.30    S  7.19e-02  1.07e+01
 13.00   0.30 250.00   2.30   Fe  8.86e-02  1.07e+01
 15.00   0.30 250.00   2.33    p  4.77e+00  1.27e+01
 15.00   0.30 250.00   2.33   He  4.56e+00  1.27e+01
 15.00   0.30 250.00   2.33    C  4.82e-01  1.27e+01
 15.00   0.30 250.00   2.33    N  6.24e-02  1.27e+01
 15.00   0.30 250.00   2.33    O  1.92e+00  1.27e+01
 15.00   0.30 250.00   2.33    F  2.92e-04  1.27e+01
 15.00   0.30 250.00   2.33   Ne  1.31e-01  1.27e+01
 15.00   0.30 250.00   2.33   Mg  4.50e-02  1.27e+01
 15.00   0.30 250.00   2.33   Si  2.18e-01  1.27e+01
 15.00   0.30 250.00   2.33    S  1.08e-01  1.27e+01
 15.00   0.30 250.00   2.33   Fe  2.90e-01  1.27e+01
 20.00   0.30 250.00   3.03    p  5.95e+00  1.70e+01
 20.00   0.30 250.00   3.03   He  6.23e+00  1.70e+01
 20.00   0.30 250.00   3.03    C  1.05e+00  1.70e+01
 20.00   0.30 250.00   3.03    N  1.10e-01  1.70e+01
 20.00   0.30 250.00   3.03    O  2.84e+00  1.70e+01
 20.00   0.30 250.00   3.03    F  1.25e-04  1.70e+01
 20.00   0.30 250.00   3.03   Ne  1.76e-01  1.70e+01
 20.00   0.30 250.00   3.03   Mg  6.61e-02  1.70e+01
 20.00   0.30 250.00   3.03   Si  2.51e-01  1.70e+01
 20.00   0.30 250.00   3.03    S  1.05e-01  1.70e+01
 20.00   0.30 250.00   3.03   Fe  9.35e-02  1.70e+01
 25.00   0.30 250.00   2.80    p  6.83e+00  2.22e+01
 25.00   0.30 250.00   2.80   He  8.75e+00  2.22e+01
 25.00   0.30 250.00   2.80    C  1.49e+00  2.22e+01
 25.00   0.30 250.00   2.80    N  9.87e-02  2.22e+01
 25.00   0.30 250.00   2.80    O  3.81e+00  2.22e+01
 25.00   0.30 250.00   2.80    F  1.22e-05  2.22e+01
 25.00   0.30 250.00   2.80   Ne  4.96e-01  2.22e+01
 25.00   0.30 250.00   2.80   Mg  1.46e-01  2.22e+01
 25.00   0.30 250.00   2.80   Si  2.98e-01  2.22e+01
 25.00   0.30 250.00   2.80    S  1.08e-01  2.22e+01
 25.00   0.30 250.00   2.80   Fe  9.92e-02  2.22e+01
 30.00   0.30 250.00  11.20    p  7.62e+00  1.88e+01
 30.00   0.30 250.00  11.20   He  1.04e+01  1.88e+01
 30.00   0.30 250.00  11.20    C  3.61e-01  1.88e+01
 30.00   0.30 250.00  11.20    N  1.24e-01  1.88e+01
 30.00   0.30 250.00  11.20    O  1.00e-01  1.88e+01
 30.00   0.30 250.00  11.20    F  4.84e-06  1.88e+01
 30.00   0.30 250.00  11.20   Ne  3.37e-02  1.88e+01
 30.00   0.30 250.00  11.20   Mg  1.32e-02  1.88e+01
 30.00   0.30 250.00  11.20   Si  1.26e-02  1.88e+01
 30.00   0.30 250.00  11.20    S  5.85e-03  1.88e+01
 30.00   0.30 250.00  11.20   Fe  2.45e-02  1.88e+01
 40.00   0.30 250.00  13.77    p  1.02e+01  2.62e+01
 40.00   0.30 250.00  13.77   He  1.50e+01  2.62e+01
 40.00   0.30 250.00  13.77    C  6.10e-01  2.62e+01
 40.00   0.30 250.00  13.77    N  1.70e-01  2.62e+01
 40.00   0.30 250.00  13.77    O  1.34e-01  2.62e+01
 40.00   0.30 250.00  13.77    F  9.01e-06  2.62e+01
 40.00   0.30 250.00  13.77   Ne  5.36e-02  2.62e+01
 40.00   0.30 250.00  13.77   Mg  1.84e-02  2.62e+01
 40.00   0.30 250.00  13.77   Si  1.75e-02  2.62e+01
 40.00   0.30 250.00  13.77    S  8.17e-03  2.62e+01
 40.00   0.30 250.00  13.77   Fe  3.41e-02  2.62e+01
 60.00   0.30 250.00  17.50    p  1.42e+01  4.25e+01
 60.00   0.30 250.00  17.50   He  2.67e+01  4.25e+01
 60.00   0.30 250.00  17.50    C  9.48e-01  4.25e+01
 60.00   0.30 250.00  17.50    N  2.70e-01  4.25e+01
 60.00   0.30 250.00  17.50    O  1.61e-01  4.25e+01
 60.00   0.30 250.00  17.50    F  1.97e-05  4.25e+01
 60.00   0.30 250.00  17.50   Ne  9.56e-02  4.25e+01
 60.00   0.30 250.00  17.50   Mg  2.95e-02  4.25e+01
 60.00   0.30 250.00  17.50   Si  2.84e-02  4.25e+01
 60.00   0.30 250.00  17.50    S  1.32e-02  4.25e+01
 60.00   0.30 250.00  17.50   Fe  5.53e-02  4.25e+01
 80.00   0.30 250.00  19.93    p  1.97e+01  6.01e+01
 80.00   0.30 250.00  19.93   He  3.83e+01  6.01e+01
 80.00   0.30 250.00  19.93    C  1.17e+00  6.01e+01
 80.00   0.30 250.00  19.93    N  4.01e-01  6.01e+01
 80.00   0.30 250.00  19.93    O  2.09e-01  6.01e+01
 80.00   0.30 250.00  19.93    F  1.21e-05  6.01e+01
 80.00   0.30 250.00  19.93   Ne  1.26e-01  6.01e+01
 80.00   0.30 250.00  19.93   Mg  4.16e-02  6.01e+01
 80.00   0.30 250.00  19.93   Si  4.03e-02  6.01e+01
 80.00   0.30 250.00  19.93    S  1.87e-02  6.01e+01
 80.00   0.30 250.00  19.93   Fe  7.81e-02  6.01e+01
120.00   0.30 250.00  21.50    p  3.14e+01  9.85e+01
120.00   0.30 250.00  21.50   He  6.44e+01  9.85e+01
120.00   0.30 250.00  21.50    C  1.39e+00  9.85e+01
120.00   0.30 250.00  21.50    N  6.87e-01  9.85e+01
120.00   0.30 250.00  21.50    O  2.24e-01  9.85e+01
120.00   0.30 250.00  21.50    F  1.73e-05  9.85e+01
120.00   0.30 250.00  21.50   Ne  1.87e-01  9.85e+01
120.00   0.30 250.00  21.50   Mg  6.78e-02  9.85e+01
120.00   0.30 250.00  21.50   Si  6.61e-02  9.85e+01
120.00   0.30 250.00  21.50    S  3.07e-02  9.85e+01
120.00   0.30 250.00  21.50   Fe  1.29e-01  9.85e+01
