#---Details of Columns:
#    M0 (solMass)          (F6.2)  [1/6.5] Initial mass [ucd=phys.mass]
#    [Fe/H]                (F7.2)  Initial metallicity [ucd=phys.abund.Z]
#    vel (km/s)            (F7.2)  Initial rotation [ucd=phys.mass]
#    M1 (solMass)          (F7.2)  Final mass (1) [ucd=phys.mass]
#    El                    (a4)    Species i (2) [ucd=phys.atmol.element]
#    M(i)lost (solMass)    (D9.2)  Mass of species i lost in the wind [ucd=phys.mass]
#    M(i)lostall (solMass) (D9.2)  Total mass lost in the wind [ucd=phys.mass]
#----- ------ ------ ------ ---- --------- -----------
#M0                                                                 
#(sol         vel    M1 (so      M(i)lost  M(i)lostall
#Mass) Z0     (km/s) lMass) El   (solMass) (solMass)  
#----- ------ ------ ------ ---- --------- -----------
 13.00  -0.60  50.00   1.77    p  5.72e+00  1.12e+01
 13.00  -0.60  50.00   1.77   He  4.35e+00  1.12e+01
 13.00  -0.60  50.00   1.77    C  1.94e-01  1.12e+01
 13.00  -0.60  50.00   1.77    N  2.83e-02  1.12e+01
 13.00  -0.60  50.00   1.77    O  5.99e-01  1.12e+01
 13.00  -0.60  50.00   1.77    F  7.23e-06  1.12e+01
 13.00  -0.60  50.00   1.77   Ne  6.27e-02  1.12e+01
 13.00  -0.60  50.00   1.77   Mg  2.10e-02  1.12e+01
 13.00  -0.60  50.00   1.77   Si  8.33e-02  1.12e+01
 13.00  -0.60  50.00   1.77    S  5.65e-02  1.12e+01
 13.00  -0.60  50.00   1.77   Fe  7.29e-02  1.12e+01
 15.00  -0.60  50.00   2.00    p  6.36e+00  1.30e+01
 15.00  -0.60  50.00   2.00   He  4.66e+00  1.30e+01
 15.00  -0.60  50.00   2.00    C  3.08e-01  1.30e+01
 15.00  -0.60  50.00   2.00    N  3.55e-02  1.30e+01
 15.00  -0.60  50.00   2.00    O  1.20e+00  1.30e+01
 15.00  -0.60  50.00   2.00    F  2.97e-05  1.30e+01
 15.00  -0.60  50.00   2.00   Ne  1.08e-01  1.30e+01
 15.00  -0.60  50.00   2.00   Mg  3.53e-02  1.30e+01
 15.00  -0.60  50.00   2.00   Si  1.10e-01  1.30e+01
 15.00  -0.60  50.00   2.00    S  4.71e-02  1.30e+01
 15.00  -0.60  50.00   2.00   Fe  7.53e-02  1.30e+01
 20.00  -0.60  50.00   2.20    p  7.86e+00  1.78e+01
 20.00  -0.60  50.00   2.20   He  6.59e+00  1.78e+01
 20.00  -0.60  50.00   2.20    C  4.70e-01  1.78e+01
 20.00  -0.60  50.00   2.20    N  4.83e-02  1.78e+01
 20.00  -0.60  50.00   2.20    O  1.99e+00  1.78e+01
 20.00  -0.60  50.00   2.20    F  1.41e-04  1.78e+01
 20.00  -0.60  50.00   2.20   Ne  3.86e-01  1.78e+01
 20.00  -0.60  50.00   2.20   Mg  1.03e-01  1.78e+01
 20.00  -0.60  50.00   2.20   Si  1.52e-01  1.78e+01
 20.00  -0.60  50.00   2.20    S  4.84e-02  1.78e+01
 20.00  -0.60  50.00   2.20   Fe  7.38e-02  1.78e+01
 25.00  -0.60  50.00   2.79    p  9.35e+00  2.22e+01
 25.00  -0.60  50.00   2.79   He  7.64e+00  2.22e+01
 25.00  -0.60  50.00   2.79    C  6.95e-01  2.22e+01
 25.00  -0.60  50.00   2.79    N  3.35e-02  2.22e+01
 25.00  -0.60  50.00   2.79    O  3.40e+00  2.22e+01
 25.00  -0.60  50.00   2.79    F  1.71e-04  2.22e+01
 25.00  -0.60  50.00   2.79   Ne  5.44e-01  2.22e+01
 25.00  -0.60  50.00   2.79   Mg  1.11e-01  2.22e+01
 25.00  -0.60  50.00   2.79   Si  1.94e-01  2.22e+01
 25.00  -0.60  50.00   2.79    S  6.24e-02  2.22e+01
 25.00  -0.60  50.00   2.79   Fe  7.39e-02  2.22e+01
 30.00  -0.60  50.00  27.28    p  1.85e+00  2.72e+00
 30.00  -0.60  50.00  27.28   He  8.61e-01  2.72e+00
 30.00  -0.60  50.00  27.28    C  2.26e-03  2.72e+00
 30.00  -0.60  50.00  27.28    N  2.43e-03  2.72e+00
 30.00  -0.60  50.00  27.28    O  5.06e-03  2.72e+00
 30.00  -0.60  50.00  27.28    F  1.68e-07  2.72e+00
 30.00  -0.60  50.00  27.28   Ne  6.23e-04  2.72e+00
 30.00  -0.60  50.00  27.28   Mg  4.78e-04  2.72e+00
 30.00  -0.60  50.00  27.28   Si  5.86e-04  2.72e+00
 30.00  -0.60  50.00  27.28    S  2.47e-04  2.72e+00
 30.00  -0.60  50.00  27.28   Fe  6.30e-04  2.72e+00
 40.00  -0.60  50.00  26.08    p  9.06e+00  1.39e+01
 40.00  -0.60  50.00  26.08   He  4.78e+00  1.39e+01
 40.00  -0.60  50.00  26.08    C  5.49e-03  1.39e+01
 40.00  -0.60  50.00  26.08    N  1.46e-02  1.39e+01
 40.00  -0.60  50.00  26.08    O  1.88e-02  1.39e+01
 40.00  -0.60  50.00  26.08    F  4.63e-07  1.39e+01
 40.00  -0.60  50.00  26.08   Ne  2.06e-03  1.39e+01
 40.00  -0.60  50.00  26.08   Mg  1.92e-03  1.39e+01
 40.00  -0.60  50.00  26.08   Si  2.55e-03  1.39e+01
 40.00  -0.60  50.00  26.08    S  1.05e-03  1.39e+01
 40.00  -0.60  50.00  26.08   Fe  2.19e-03  1.39e+01
 60.00  -0.60  50.00  36.56    p  1.32e+01  2.34e+01
 60.00  -0.60  50.00  36.56   He  9.74e+00  2.34e+01
 60.00  -0.60  50.00  36.56    C  3.40e-01  2.34e+01
 60.00  -0.60  50.00  36.56    N  2.71e-02  2.34e+01
 60.00  -0.60  50.00  36.56    O  7.23e-02  2.34e+01
 60.00  -0.60  50.00  36.56    F  1.73e-06  2.34e+01
 60.00  -0.60  50.00  36.56   Ne  7.84e-03  2.34e+01
 60.00  -0.60  50.00  36.56   Mg  3.15e-03  2.34e+01
 60.00  -0.60  50.00  36.56   Si  4.30e-03  2.34e+01
 60.00  -0.60  50.00  36.56    S  1.76e-03  2.34e+01
 60.00  -0.60  50.00  36.56   Fe  3.66e-03  2.34e+01
 80.00  -0.60  50.00  38.94    p  2.17e+01  4.11e+01
 80.00  -0.60  50.00  38.94   He  1.85e+01  4.11e+01
 80.00  -0.60  50.00  38.94    C  6.24e-01  4.11e+01
 80.00  -0.60  50.00  38.94    N  5.56e-02  4.11e+01
 80.00  -0.60  50.00  38.94    O  1.42e-01  4.11e+01
 80.00  -0.60  50.00  38.94    F  1.94e-06  4.11e+01
 80.00  -0.60  50.00  38.94   Ne  1.30e-02  4.11e+01
 80.00  -0.60  50.00  38.94   Mg  5.35e-03  4.11e+01
 80.00  -0.60  50.00  38.94   Si  7.43e-03  4.11e+01
 80.00  -0.60  50.00  38.94    S  3.04e-03  4.11e+01
 80.00  -0.60  50.00  38.94   Fe  6.17e-03  4.11e+01
120.00  -0.60  50.00  47.78    p  2.95e+01  7.22e+01
120.00  -0.60  50.00  47.78   He  4.15e+01  7.22e+01
120.00  -0.60  50.00  47.78    C  8.17e-01  7.22e+01
120.00  -0.60  50.00  47.78    N  1.16e-01  7.22e+01
120.00  -0.60  50.00  47.78    O  2.15e-01  7.22e+01
120.00  -0.60  50.00  47.78    F  3.27e-06  7.22e+01
120.00  -0.60  50.00  47.78   Ne  2.06e-02  7.22e+01
120.00  -0.60  50.00  47.78   Mg  9.04e-03  7.22e+01
120.00  -0.60  50.00  47.78   Si  1.30e-02  7.22e+01
120.00  -0.60  50.00  47.78    S  5.31e-03  7.22e+01
120.00  -0.60  50.00  47.78   Fe  1.07e-02  7.22e+01
