#---Details of Columns:
#    M0 (solMass)          (F6.2)  [1/6.5] Initial mass [ucd=phys.mass]
#    [Fe/H]                (F7.2)  Initial metallicity [ucd=phys.abund.Z]
#    vel (km/s)            (F7.2)  Initial rotation [ucd=phys.mass]
#    M1 (solMass)          (F7.2)  Final mass (1) [ucd=phys.mass]
#    El                    (a4)    Species i (2) [ucd=phys.atmol.element]
#    M(i)lost (solMass)    (D9.2)  Mass of species i lost in the wind [ucd=phys.mass]
#    M(i)lostall (solMass) (D9.2)  Total mass lost in the wind [ucd=phys.mass]
#----- ------ ------ ------ ---- --------- -----------
#M0                                                                 
#(sol         vel    M1 (so      M(i)lost  M(i)lostall
#Mass) Z0     (km/s) lMass) El   (solMass) (solMass)  
#----- ------ ------ ------ ---- --------- -----------
 13.00  -1.00 150.00   2.23    p  4.75e+00  1.08e+01
 13.00  -1.00 150.00   2.23   He  3.92e+00  1.08e+01
 13.00  -1.00 150.00   2.23    C  3.15e-01  1.08e+01
 13.00  -1.00 150.00   2.23    N  7.05e-02  1.08e+01
 13.00  -1.00 150.00   2.23    O  1.26e+00  1.08e+01
 13.00  -1.00 150.00   2.23    F  2.09e-05  1.08e+01
 13.00  -1.00 150.00   2.23   Ne  8.25e-02  1.08e+01
 13.00  -1.00 150.00   2.23   Mg  1.85e-02  1.08e+01
 13.00  -1.00 150.00   2.23   Si  1.44e-01  1.08e+01
 13.00  -1.00 150.00   2.23    S  1.36e-01  1.08e+01
 13.00  -1.00 150.00   2.23   Fe  7.64e-02  1.08e+01
 15.00  -1.00 150.00   2.44    p  5.21e+00  1.26e+01
 15.00  -1.00 150.00   2.44   He  4.50e+00  1.26e+01
 15.00  -1.00 150.00   2.44    C  4.07e-01  1.26e+01
 15.00  -1.00 150.00   2.44    N  9.61e-02  1.26e+01
 15.00  -1.00 150.00   2.44    O  1.91e+00  1.26e+01
 15.00  -1.00 150.00   2.44    F  8.10e-05  1.26e+01
 15.00  -1.00 150.00   2.44   Ne  1.31e-01  1.26e+01
 15.00  -1.00 150.00   2.44   Mg  4.00e-02  1.26e+01
 15.00  -1.00 150.00   2.44   Si  1.14e-01  1.26e+01
 15.00  -1.00 150.00   2.44    S  6.65e-02  1.26e+01
 15.00  -1.00 150.00   2.44   Fe  7.80e-02  1.26e+01
 20.00  -1.00 150.00   3.02    p  6.27e+00  1.70e+01
 20.00  -1.00 150.00   3.02   He  5.97e+00  1.70e+01
 20.00  -1.00 150.00   3.02    C  5.96e-01  1.70e+01
 20.00  -1.00 150.00   3.02    N  1.37e-01  1.70e+01
 20.00  -1.00 150.00   3.02    O  3.36e+00  1.70e+01
 20.00  -1.00 150.00   3.02    F  4.26e-04  1.70e+01
 20.00  -1.00 150.00   3.02   Ne  2.04e-01  1.70e+01
 20.00  -1.00 150.00   3.02   Mg  6.73e-02  1.70e+01
 20.00  -1.00 150.00   3.02   Si  2.24e-01  1.70e+01
 20.00  -1.00 150.00   3.02    S  8.36e-02  1.70e+01
 20.00  -1.00 150.00   3.02   Fe  7.58e-02  1.70e+01
 25.00  -1.00 150.00   2.83    p  7.85e+00  2.22e+01
 25.00  -1.00 150.00   2.83   He  7.43e+00  2.22e+01
 25.00  -1.00 150.00   2.83    C  7.05e-01  2.22e+01
 25.00  -1.00 150.00   2.83    N  8.52e-02  2.22e+01
 25.00  -1.00 150.00   2.83    O  4.91e+00  2.22e+01
 25.00  -1.00 150.00   2.83    F  5.12e-04  2.22e+01
 25.00  -1.00 150.00   2.83   Ne  6.75e-01  2.22e+01
 25.00  -1.00 150.00   2.83   Mg  1.46e-01  2.22e+01
 25.00  -1.00 150.00   2.83   Si  2.20e-01  2.22e+01
 25.00  -1.00 150.00   2.83    S  7.64e-02  2.22e+01
 25.00  -1.00 150.00   2.83   Fe  7.65e-02  2.22e+01
 30.00  -1.00 150.00   3.68    p  9.20e+00  2.63e+01
 30.00  -1.00 150.00   3.68   He  9.12e+00  2.63e+01
 30.00  -1.00 150.00   3.68    C  1.00e+00  2.63e+01
 30.00  -1.00 150.00   3.68    N  3.34e-02  2.63e+01
 30.00  -1.00 150.00   3.68    O  5.85e+00  2.63e+01
 30.00  -1.00 150.00   3.68    F  2.50e-04  2.63e+01
 30.00  -1.00 150.00   3.68   Ne  5.18e-01  2.63e+01
 30.00  -1.00 150.00   3.68   Mg  1.38e-01  2.63e+01
 30.00  -1.00 150.00   3.68   Si  2.74e-01  2.63e+01
 30.00  -1.00 150.00   3.68    S  1.11e-01  2.63e+01
 30.00  -1.00 150.00   3.68   Fe  7.71e-02  2.63e+01
 40.00  -1.00 150.00   4.90    p  1.10e+01  3.51e+01
 40.00  -1.00 150.00   4.90   He  9.27e+00  3.51e+01
 40.00  -1.00 150.00   4.90    C  1.95e+00  3.51e+01
 40.00  -1.00 150.00   4.90    N  5.38e-02  3.51e+01
 40.00  -1.00 150.00   4.90    O  1.07e+01  3.51e+01
 40.00  -1.00 150.00   4.90    F  5.14e-05  3.51e+01
 40.00  -1.00 150.00   4.90   Ne  1.01e+00  3.51e+01
 40.00  -1.00 150.00   4.90   Mg  3.43e-01  3.51e+01
 40.00  -1.00 150.00   4.90   Si  4.93e-01  3.51e+01
 40.00  -1.00 150.00   4.90    S  1.89e-01  3.51e+01
 40.00  -1.00 150.00   4.90   Fe  7.81e-02  3.51e+01
 60.00  -1.00 150.00   5.50    p  1.57e+01  5.45e+01
 60.00  -1.00 150.00   5.50   He  1.73e+01  5.45e+01
 60.00  -1.00 150.00   5.50    C  3.89e+00  5.45e+01
 60.00  -1.00 150.00   5.50    N  4.77e-02  5.45e+01
 60.00  -1.00 150.00   5.50    O  1.41e+01  5.45e+01
 60.00  -1.00 150.00   5.50    F  4.05e-06  5.45e+01
 60.00  -1.00 150.00   5.50   Ne  1.90e+00  5.45e+01
 60.00  -1.00 150.00   5.50   Mg  5.58e-01  5.45e+01
 60.00  -1.00 150.00   5.50   Si  6.55e-01  5.45e+01
 60.00  -1.00 150.00   5.50    S  2.24e-01  5.45e+01
 60.00  -1.00 150.00   5.50   Fe  8.25e-02  5.45e+01
 80.00  -1.00 150.00   8.89    p  1.89e+01  7.11e+01
 80.00  -1.00 150.00   8.89   He  2.20e+01  7.11e+01
 80.00  -1.00 150.00   8.89    C  5.47e+00  7.11e+01
 80.00  -1.00 150.00   8.89    N  5.81e-02  7.11e+01
 80.00  -1.00 150.00   8.89    O  2.03e+01  7.11e+01
 80.00  -1.00 150.00   8.89    F  3.74e-06  7.11e+01
 80.00  -1.00 150.00   8.89   Ne  2.07e+00  7.11e+01
 80.00  -1.00 150.00   8.89   Mg  8.85e-01  7.11e+01
 80.00  -1.00 150.00   8.89   Si  1.08e+00  7.11e+01
 80.00  -1.00 150.00   8.89    S  3.47e-01  7.11e+01
 80.00  -1.00 150.00   8.89   Fe  8.45e-02  7.11e+01
120.00  -1.00 150.00   8.66    p  2.51e+01  1.11e+02
120.00  -1.00 150.00   8.66   He  5.10e+01  1.11e+02
120.00  -1.00 150.00   8.66    C  6.52e+00  1.11e+02
120.00  -1.00 150.00   8.66    N  1.22e-01  1.11e+02
120.00  -1.00 150.00   8.66    O  2.32e+01  1.11e+02
120.00  -1.00 150.00   8.66    F  6.62e-06  1.11e+02
120.00  -1.00 150.00   8.66   Ne  2.14e+00  1.11e+02
120.00  -1.00 150.00   8.66   Mg  1.42e+00  1.11e+02
120.00  -1.00 150.00   8.66   Si  1.31e+00  1.11e+02
120.00  -1.00 150.00   8.66    S  4.25e-01  1.11e+02
120.00  -1.00 150.00   8.66   Fe  9.28e-02  1.11e+02
