#---Details of Columns:
#    M0 (solMass)          (F6.2)  [1/6.5] Initial mass [ucd=phys.mass]
#    [Fe/H]                (F7.2)  Initial metallicity [ucd=phys.abund.Z]
#    vel (km/s)            (F7.2)  Initial rotation [ucd=phys.mass]
#    M1 (solMass)          (F7.2)  Final mass (1) [ucd=phys.mass]
#    El                    (a4)    Species i (2) [ucd=phys.atmol.element]
#    M(i)lost (solMass)    (D9.2)  Mass of species i lost in the wind [ucd=phys.mass]
#    M(i)lostall (solMass) (D9.2)  Total mass lost in the wind [ucd=phys.mass]
#----- ------ ------ ------ ---- --------- -----------
#M0                                                                 
#(sol         vel    M1 (so      M(i)lost  M(i)lostall
#Mass) Z0     (km/s) lMass) El   (solMass) (solMass)  
#----- ------ ------ ------ ---- --------- -----------
 13.00  -2.00 250.00   2.10    p  4.62e+00  1.09e+01
 13.00  -2.00 250.00   2.10   He  3.82e+00  1.09e+01
 13.00  -2.00 250.00   2.10    C  2.81e-01  1.09e+01
 13.00  -2.00 250.00   2.10    N  8.81e-02  1.09e+01
 13.00  -2.00 250.00   2.10    O  1.43e+00  1.09e+01
 13.00  -2.00 250.00   2.10    F  5.18e-05  1.09e+01
 13.00  -2.00 250.00   2.10   Ne  1.15e-01  1.09e+01
 13.00  -2.00 250.00   2.10   Mg  3.30e-02  1.09e+01
 13.00  -2.00 250.00   2.10   Si  1.69e-01  1.09e+01
 13.00  -2.00 250.00   2.10    S  1.25e-01  1.09e+01
 13.00  -2.00 250.00   2.10   Fe  7.53e-02  1.09e+01
 15.00  -2.00 250.00   2.35    p  5.18e+00  1.27e+01
 15.00  -2.00 250.00   2.35   He  4.42e+00  1.27e+01
 15.00  -2.00 250.00   2.35    C  3.54e-01  1.27e+01
 15.00  -2.00 250.00   2.35    N  9.14e-02  1.27e+01
 15.00  -2.00 250.00   2.35    O  1.79e+00  1.27e+01
 15.00  -2.00 250.00   2.35    F  3.78e-04  1.27e+01
 15.00  -2.00 250.00   2.35   Ne  1.18e-01  1.27e+01
 15.00  -2.00 250.00   2.35   Mg  3.43e-02  1.27e+01
 15.00  -2.00 250.00   2.35   Si  2.55e-01  1.27e+01
 15.00  -2.00 250.00   2.35    S  1.86e-01  1.27e+01
 15.00  -2.00 250.00   2.35   Fe  9.34e-02  1.27e+01
 20.00  -2.00 250.00   3.08    p  6.77e+00  1.69e+01
 20.00  -2.00 250.00   3.08   He  5.71e+00  1.69e+01
 20.00  -2.00 250.00   3.08    C  5.38e-01  1.69e+01
 20.00  -2.00 250.00   3.08    N  3.04e-02  1.69e+01
 20.00  -2.00 250.00   3.08    O  3.17e+00  1.69e+01
 20.00  -2.00 250.00   3.08    F  3.44e-04  1.69e+01
 20.00  -2.00 250.00   3.08   Ne  1.86e-01  1.69e+01
 20.00  -2.00 250.00   3.08   Mg  6.67e-02  1.69e+01
 20.00  -2.00 250.00   3.08   Si  1.94e-01  1.69e+01
 20.00  -2.00 250.00   3.08    S  9.00e-02  1.69e+01
 20.00  -2.00 250.00   3.08   Fe  7.32e-02  1.69e+01
 25.00  -2.00 250.00   3.37    p  8.13e+00  2.16e+01
 25.00  -2.00 250.00   3.37   He  5.73e+00  2.16e+01
 25.00  -2.00 250.00   3.37    C  9.10e-01  2.16e+01
 25.00  -2.00 250.00   3.37    N  2.67e-02  2.16e+01
 25.00  -2.00 250.00   3.37    O  5.49e+00  2.16e+01
 25.00  -2.00 250.00   3.37    F  5.71e-04  2.16e+01
 25.00  -2.00 250.00   3.37   Ne  7.09e-01  2.16e+01
 25.00  -2.00 250.00   3.37   Mg  1.43e-01  2.16e+01
 25.00  -2.00 250.00   3.37   Si  2.50e-01  2.16e+01
 25.00  -2.00 250.00   3.37    S  8.36e-02  2.16e+01
 25.00  -2.00 250.00   3.37   Fe  7.10e-02  2.16e+01
 30.00  -2.00 250.00  20.05    p  6.69e+00  9.95e+00
 30.00  -2.00 250.00  20.05   He  3.26e+00  9.95e+00
 30.00  -2.00 250.00  20.05    C  8.00e-03  9.95e+00
 30.00  -2.00 250.00  20.05    N  3.69e-03  9.95e+00
 30.00  -2.00 250.00  20.05    O  2.05e-03  9.95e+00
 30.00  -2.00 250.00  20.05    F  1.36e-08  9.95e+00
 30.00  -2.00 250.00  20.05   Ne  6.80e-05  9.95e+00
 30.00  -2.00 250.00  20.05   Mg  5.52e-05  9.95e+00
 30.00  -2.00 250.00  20.05   Si  7.79e-05  9.95e+00
 30.00  -2.00 250.00  20.05    S  3.12e-05  9.95e+00
 30.00  -2.00 250.00  20.05   Fe  5.82e-05  9.95e+00
 40.00  -2.00 250.00  23.83    p  1.13e+01  1.62e+01
 40.00  -2.00 250.00  23.83   He  4.87e+00  1.62e+01
 40.00  -2.00 250.00  23.83    C  9.72e-03  1.62e+01
 40.00  -2.00 250.00  23.83    N  1.37e-02  1.62e+01
 40.00  -2.00 250.00  23.83    O  6.06e-03  1.62e+01
 40.00  -2.00 250.00  23.83    F  2.34e-08  1.62e+01
 40.00  -2.00 250.00  23.83   Ne  1.39e-04  1.62e+01
 40.00  -2.00 250.00  23.83   Mg  8.77e-05  1.62e+01
 40.00  -2.00 250.00  23.83   Si  1.23e-04  1.62e+01
 40.00  -2.00 250.00  23.83    S  4.97e-05  1.62e+01
 40.00  -2.00 250.00  23.83   Fe  9.23e-05  1.62e+01
 60.00  -2.00 250.00  38.56    p  1.47e+01  2.14e+01
 60.00  -2.00 250.00  38.56   He  6.69e+00  2.14e+01
 60.00  -2.00 250.00  38.56    C  6.17e-02  2.14e+01
 60.00  -2.00 250.00  38.56    N  2.14e-02  2.14e+01
 60.00  -2.00 250.00  38.56    O  2.25e-02  2.14e+01
 60.00  -2.00 250.00  38.56    F  3.56e-08  2.14e+01
 60.00  -2.00 250.00  38.56   Ne  5.19e-04  2.14e+01
 60.00  -2.00 250.00  38.56   Mg  1.19e-04  2.14e+01
 60.00  -2.00 250.00  38.56   Si  1.66e-04  2.14e+01
 60.00  -2.00 250.00  38.56    S  6.58e-05  2.14e+01
 60.00  -2.00 250.00  38.56   Fe  1.21e-04  2.14e+01
 80.00  -2.00 250.00  51.14    p  1.80e+01  2.89e+01
 80.00  -2.00 250.00  51.14   He  1.07e+01  2.89e+01
 80.00  -2.00 250.00  51.14    C  1.33e-01  2.89e+01
 80.00  -2.00 250.00  51.14    N  2.91e-02  2.89e+01
 80.00  -2.00 250.00  51.14    O  4.14e-02  2.89e+01
 80.00  -2.00 250.00  51.14    F  7.08e-08  2.89e+01
 80.00  -2.00 250.00  51.14   Ne  5.06e-04  2.89e+01
 80.00  -2.00 250.00  51.14   Mg  1.57e-04  2.89e+01
 80.00  -2.00 250.00  51.14   Si  2.38e-04  2.89e+01
 80.00  -2.00 250.00  51.14    S  9.17e-05  2.89e+01
 80.00  -2.00 250.00  51.14   Fe  1.70e-04  2.89e+01
120.00  -2.00 250.00  76.94    p  2.24e+01  4.31e+01
120.00  -2.00 250.00  76.94   He  2.02e+01  4.31e+01
120.00  -2.00 250.00  76.94    C  3.49e-01  4.31e+01
120.00  -2.00 250.00  76.94    N  2.22e-02  4.31e+01
120.00  -2.00 250.00  76.94    O  1.03e-01  4.31e+01
120.00  -2.00 250.00  76.94    F  5.13e-08  4.31e+01
120.00  -2.00 250.00  76.94   Ne  9.95e-04  4.31e+01
120.00  -2.00 250.00  76.94   Mg  2.22e-04  4.31e+01
120.00  -2.00 250.00  76.94   Si  3.86e-04  4.31e+01
120.00  -2.00 250.00  76.94    S  1.38e-04  4.31e+01
120.00  -2.00 250.00  76.94   Fe  2.53e-04  4.31e+01
