#---Details of Columns:
#    M0 (solMass)          (F6.2)  [1/6.5] Initial mass [ucd=phys.mass]
#    [Fe/H]                (F7.2)  Initial metallicity [ucd=phys.abund.Z]
#    vel (km/s)            (F7.2)  Initial rotation [ucd=phys.mass]
#    M1 (solMass)          (F7.2)  Final mass (1) [ucd=phys.mass]
#    El                    (a4)    Species i (2) [ucd=phys.atmol.element]
#    M(i)lost (solMass)    (D9.2)  Mass of species i lost in the wind [ucd=phys.mass]
#    M(i)lostall (solMass) (D9.2)  Total mass lost in the wind [ucd=phys.mass]
#----- ------ ------ ------ ---- --------- -----------
#M0                                                                 
#(sol         vel    M1 (so      M(i)lost  M(i)lostall
#Mass) Z0     (km/s) lMass) El   (solMass) (solMass)  
#----- ------ ------ ------ ---- --------- -----------
 13.00  -1.00  50.00   1.81    p  5.77e+00  1.12e+01
 13.00  -1.00  50.00   1.81   He  4.27e+00  1.12e+01
 13.00  -1.00  50.00   1.81    C  2.02e-01  1.12e+01
 13.00  -1.00  50.00   1.81    N  2.28e-02  1.12e+01
 13.00  -1.00  50.00   1.81    O  6.47e-01  1.12e+01
 13.00  -1.00  50.00   1.81    F  1.40e-05  1.12e+01
 13.00  -1.00  50.00   1.81   Ne  5.62e-02  1.12e+01
 13.00  -1.00  50.00   1.81   Mg  1.97e-02  1.12e+01
 13.00  -1.00  50.00   1.81   Si  7.30e-02  1.12e+01
 13.00  -1.00  50.00   1.81    S  3.55e-02  1.12e+01
 13.00  -1.00  50.00   1.81   Fe  7.14e-02  1.12e+01
 15.00  -1.00  50.00   1.94    p  6.45e+00  1.31e+01
 15.00  -1.00  50.00   1.94   He  4.80e+00  1.31e+01
 15.00  -1.00  50.00   1.94    C  3.06e-01  1.31e+01
 15.00  -1.00  50.00   1.94    N  2.71e-02  1.31e+01
 15.00  -1.00  50.00   1.94    O  1.02e+00  1.31e+01
 15.00  -1.00  50.00   1.94    F  3.43e-05  1.31e+01
 15.00  -1.00  50.00   1.94   Ne  7.87e-02  1.31e+01
 15.00  -1.00  50.00   1.94   Mg  2.75e-02  1.31e+01
 15.00  -1.00  50.00   1.94   Si  1.22e-01  1.31e+01
 15.00  -1.00  50.00   1.94    S  7.37e-02  1.31e+01
 15.00  -1.00  50.00   1.94   Fe  7.23e-02  1.31e+01
 20.00  -1.00  50.00   2.20    p  8.08e+00  1.78e+01
 20.00  -1.00  50.00   2.20   He  6.47e+00  1.78e+01
 20.00  -1.00  50.00   2.20    C  4.60e-01  1.78e+01
 20.00  -1.00  50.00   2.20    N  3.78e-02  1.78e+01
 20.00  -1.00  50.00   2.20    O  1.95e+00  1.78e+01
 20.00  -1.00  50.00   2.20    F  8.72e-05  1.78e+01
 20.00  -1.00  50.00   2.20   Ne  3.64e-01  1.78e+01
 20.00  -1.00  50.00   2.20   Mg  9.51e-02  1.78e+01
 20.00  -1.00  50.00   2.20   Si  1.46e-01  1.78e+01
 20.00  -1.00  50.00   2.20    S  4.79e-02  1.78e+01
 20.00  -1.00  50.00   2.20   Fe  7.21e-02  1.78e+01
 25.00  -1.00  50.00   2.56    p  9.67e+00  2.24e+01
 25.00  -1.00  50.00   2.56   He  7.72e+00  2.24e+01
 25.00  -1.00  50.00   2.56    C  7.07e-01  2.24e+01
 25.00  -1.00  50.00   2.56    N  1.40e-02  2.24e+01
 25.00  -1.00  50.00   2.56    O  3.23e+00  2.24e+01
 25.00  -1.00  50.00   2.56    F  9.18e-05  2.24e+01
 25.00  -1.00  50.00   2.56   Ne  6.18e-01  2.24e+01
 25.00  -1.00  50.00   2.56   Mg  1.17e-01  2.24e+01
 25.00  -1.00  50.00   2.56   Si  1.62e-01  2.24e+01
 25.00  -1.00  50.00   2.56    S  5.07e-02  2.24e+01
 25.00  -1.00  50.00   2.56   Fe  7.18e-02  2.24e+01
 30.00  -1.00  50.00  28.36    p  1.13e+00  1.64e+00
 30.00  -1.00  50.00  28.36   He  5.10e-01  1.64e+00
 30.00  -1.00  50.00  28.36    C  2.90e-04  1.64e+00
 30.00  -1.00  50.00  28.36    N  5.94e-04  1.64e+00
 30.00  -1.00  50.00  28.36    O  1.52e-03  1.64e+00
 30.00  -1.00  50.00  28.36    F  3.60e-08  1.64e+00
 30.00  -1.00  50.00  28.36   Ne  1.16e-04  1.64e+00
 30.00  -1.00  50.00  28.36   Mg  1.20e-04  1.64e+00
 30.00  -1.00  50.00  28.36   Si  1.65e-04  1.64e+00
 30.00  -1.00  50.00  28.36    S  6.68e-05  1.64e+00
 30.00  -1.00  50.00  28.36   Fe  1.25e-04  1.64e+00
 40.00  -1.00  50.00  31.12    p  5.82e+00  8.88e+00
 40.00  -1.00  50.00  31.12   He  3.02e+00  8.88e+00
 40.00  -1.00  50.00  31.12    C  3.52e-03  8.88e+00
 40.00  -1.00  50.00  31.12    N  8.37e-03  8.88e+00
 40.00  -1.00  50.00  31.12    O  7.84e-03  8.88e+00
 40.00  -1.00  50.00  31.12    F  1.46e-07  8.88e+00
 40.00  -1.00  50.00  31.12   Ne  6.23e-04  8.88e+00
 40.00  -1.00  50.00  31.12   Mg  6.49e-04  8.88e+00
 40.00  -1.00  50.00  31.12   Si  9.00e-04  8.88e+00
 40.00  -1.00  50.00  31.12    S  3.64e-04  8.88e+00
 40.00  -1.00  50.00  31.12   Fe  6.80e-04  8.88e+00
 60.00  -1.00  50.00  46.50    p  8.03e+00  1.35e+01
 60.00  -1.00  50.00  46.50   He  5.29e+00  1.35e+01
 60.00  -1.00  50.00  46.50    C  1.26e-01  1.35e+01
 60.00  -1.00  50.00  46.50    N  1.48e-02  1.35e+01
 60.00  -1.00  50.00  46.50    O  3.07e-02  1.35e+01
 60.00  -1.00  50.00  46.50    F  5.59e-07  1.35e+01
 60.00  -1.00  50.00  46.50   Ne  2.53e-03  1.35e+01
 60.00  -1.00  50.00  46.50   Mg  1.05e-03  1.35e+01
 60.00  -1.00  50.00  46.50   Si  1.49e-03  1.35e+01
 60.00  -1.00  50.00  46.50    S  6.03e-04  1.35e+01
 60.00  -1.00  50.00  46.50   Fe  1.13e-03  1.35e+01
 80.00  -1.00  50.00  58.24    p  1.22e+01  2.18e+01
 80.00  -1.00  50.00  58.24   He  9.24e+00  2.18e+01
 80.00  -1.00  50.00  58.24    C  2.42e-01  2.18e+01
 80.00  -1.00  50.00  58.24    N  2.78e-02  2.18e+01
 80.00  -1.00  50.00  58.24    O  6.46e-02  2.18e+01
 80.00  -1.00  50.00  58.24    F  6.43e-07  2.18e+01
 80.00  -1.00  50.00  58.24   Ne  4.21e-03  2.18e+01
 80.00  -1.00  50.00  58.24   Mg  1.82e-03  2.18e+01
 80.00  -1.00  50.00  58.24   Si  2.60e-03  2.18e+01
 80.00  -1.00  50.00  58.24    S  1.05e-03  2.18e+01
 80.00  -1.00  50.00  58.24   Fe  1.96e-03  2.18e+01
120.00  -1.00  50.00  76.99    p  2.08e+01  4.30e+01
120.00  -1.00  50.00  76.99   He  2.16e+01  4.30e+01
120.00  -1.00  50.00  76.99    C  3.96e-01  4.30e+01
120.00  -1.00  50.00  76.99    N  5.28e-02  4.30e+01
120.00  -1.00  50.00  76.99    O  1.28e-01  4.30e+01
120.00  -1.00  50.00  76.99    F  1.10e-06  4.30e+01
120.00  -1.00  50.00  76.99   Ne  6.82e-03  4.30e+01
120.00  -1.00  50.00  76.99   Mg  3.15e-03  4.30e+01
120.00  -1.00  50.00  76.99   Si  4.65e-03  4.30e+01
120.00  -1.00  50.00  76.99    S  1.88e-03  4.30e+01
120.00  -1.00  50.00  76.99   Fe  3.51e-03  4.30e+01
