#---Details of Columns:
#    M0 (solMass)          (F6.2)  [1/6.5] Initial mass [ucd=phys.mass]
#    [Fe/H]                (F7.2)  Initial metallicity [ucd=phys.abund.Z]
#    vel (km/s)            (F7.2)  Initial rotation [ucd=phys.mass]
#    M1 (solMass)          (F7.2)  Final mass (1) [ucd=phys.mass]
#    El                    (a4)    Species i (2) [ucd=phys.atmol.element]
#    M(i)lost (solMass)    (D9.2)  Mass of species i lost in the wind [ucd=phys.mass]
#    M(i)lostall (solMass) (D9.2)  Total mass lost in the wind [ucd=phys.mass]
#----- ------ ------ ------ ---- --------- -----------
#M0                                                                 
#(sol         vel    M1 (so      M(i)lost  M(i)lostall
#Mass) Z0     (km/s) lMass) El   (solMass) (solMass)  
#----- ------ ------ ------ ---- --------- -----------
 13.00  -0.30  25.00   1.67    p  5.95e+00  1.13e+01
 13.00  -0.30  25.00   1.67   He  4.48e+00  1.13e+01
 13.00  -0.30  25.00   1.67    C  1.61e-01  1.13e+01
 13.00  -0.30  25.00   1.67    N  2.35e-02  1.13e+01
 13.00  -0.30  25.00   1.67    O  4.33e-01  1.13e+01
 13.00  -0.30  25.00   1.67    F  4.37e-06  1.13e+01
 13.00  -0.30  25.00   1.67   Ne  5.44e-02  1.13e+01
 13.00  -0.30  25.00   1.67   Mg  2.17e-02  1.13e+01
 13.00  -0.30  25.00   1.67   Si  7.07e-02  1.13e+01
 13.00  -0.30  25.00   1.67    S  3.54e-02  1.13e+01
 13.00  -0.30  25.00   1.67   Fe  7.75e-02  1.13e+01
 15.00  -0.30  25.00   1.87    p  6.63e+00  1.31e+01
 15.00  -0.30  25.00   1.87   He  4.81e+00  1.31e+01
 15.00  -0.30  25.00   1.87    C  2.70e-01  1.31e+01
 15.00  -0.30  25.00   1.87    N  2.71e-02  1.31e+01
 15.00  -0.30  25.00   1.87    O  9.53e-01  1.31e+01
 15.00  -0.30  25.00   1.87    F  4.73e-05  1.31e+01
 15.00  -0.30  25.00   1.87   Ne  1.13e-01  1.31e+01
 15.00  -0.30  25.00   1.87   Mg  3.80e-02  1.31e+01
 15.00  -0.30  25.00   1.87   Si  1.10e-01  1.31e+01
 15.00  -0.30  25.00   1.87    S  4.35e-02  1.31e+01
 15.00  -0.30  25.00   1.87   Fe  9.26e-02  1.31e+01
 20.00  -0.30  25.00   1.97    p  8.23e+00  1.80e+01
 20.00  -0.30  25.00   1.97   He  6.84e+00  1.80e+01
 20.00  -0.30  25.00   1.97    C  4.67e-01  1.80e+01
 20.00  -0.30  25.00   1.97    N  3.58e-02  1.80e+01
 20.00  -0.30  25.00   1.97    O  1.60e+00  1.80e+01
 20.00  -0.30  25.00   1.97    F  5.51e-05  1.80e+01
 20.00  -0.30  25.00   1.97   Ne  4.12e-01  1.80e+01
 20.00  -0.30  25.00   1.97   Mg  1.14e-01  1.80e+01
 20.00  -0.30  25.00   1.97   Si  1.44e-01  1.80e+01
 20.00  -0.30  25.00   1.97    S  4.50e-02  1.80e+01
 20.00  -0.30  25.00   1.97   Fe  8.17e-02  1.80e+01
 25.00  -0.30  25.00   2.57    p  9.71e+00  2.24e+01
 25.00  -0.30  25.00   2.57   He  7.90e+00  2.24e+01
 25.00  -0.30  25.00   2.57    C  7.12e-01  2.24e+01
 25.00  -0.30  25.00   2.57    N  3.68e-02  2.24e+01
 25.00  -0.30  25.00   2.57    O  2.92e+00  2.24e+01
 25.00  -0.30  25.00   2.57    F  6.04e-05  2.24e+01
 25.00  -0.30  25.00   2.57   Ne  6.11e-01  2.24e+01
 25.00  -0.30  25.00   2.57   Mg  1.20e-01  2.24e+01
 25.00  -0.30  25.00   2.57   Si  1.79e-01  2.24e+01
 25.00  -0.30  25.00   2.57    S  5.96e-02  2.24e+01
 25.00  -0.30  25.00   2.57   Fe  8.25e-02  2.24e+01
 30.00  -0.30  25.00  22.07    p  4.79e+00  7.93e+00
 30.00  -0.30  25.00  22.07   He  3.03e+00  7.93e+00
 30.00  -0.30  25.00  22.07    C  2.51e-02  7.93e+00
 30.00  -0.30  25.00  22.07    N  2.59e-02  7.93e+00
 30.00  -0.30  25.00  22.07    O  2.94e-02  7.93e+00
 30.00  -0.30  25.00  22.07    F  2.10e-06  7.93e+00
 30.00  -0.30  25.00  22.07   Ne  8.57e-03  7.93e+00
 30.00  -0.30  25.00  22.07   Mg  4.80e-03  7.93e+00
 30.00  -0.30  25.00  22.07   Si  4.60e-03  7.93e+00
 30.00  -0.30  25.00  22.07    S  2.13e-03  7.93e+00
 30.00  -0.30  25.00  22.07   Fe  8.66e-03  7.93e+00
 40.00  -0.30  25.00  22.88    p  1.04e+01  1.71e+01
 40.00  -0.30  25.00  22.88   He  6.53e+00  1.71e+01
 40.00  -0.30  25.00  22.88    C  4.01e-02  1.71e+01
 40.00  -0.30  25.00  22.88    N  4.48e-02  1.71e+01
 40.00  -0.30  25.00  22.88    O  4.51e-02  1.71e+01
 40.00  -0.30  25.00  22.88    F  2.76e-06  1.71e+01
 40.00  -0.30  25.00  22.88   Ne  1.25e-02  1.71e+01
 40.00  -0.30  25.00  22.88   Mg  7.29e-03  1.71e+01
 40.00  -0.30  25.00  22.88   Si  7.34e-03  1.71e+01
 40.00  -0.30  25.00  22.88    S  3.33e-03  1.71e+01
 40.00  -0.30  25.00  22.88   Fe  1.26e-02  1.71e+01
 60.00  -0.30  25.00  31.88    p  1.50e+01  2.81e+01
 60.00  -0.30  25.00  31.88   He  1.26e+01  2.81e+01
 60.00  -0.30  25.00  31.88    C  2.90e-01  2.81e+01
 60.00  -0.30  25.00  31.88    N  8.55e-02  2.81e+01
 60.00  -0.30  25.00  31.88    O  8.75e-02  2.81e+01
 60.00  -0.30  25.00  31.88    F  5.70e-06  2.81e+01
 60.00  -0.30  25.00  31.88   Ne  2.70e-02  2.81e+01
 60.00  -0.30  25.00  31.88   Mg  1.19e-02  2.81e+01
 60.00  -0.30  25.00  31.88   Si  1.21e-02  2.81e+01
 60.00  -0.30  25.00  31.88    S  5.48e-03  2.81e+01
 60.00  -0.30  25.00  31.88   Fe  2.07e-02  2.81e+01
 80.00  -0.30  25.00  33.89    p  2.32e+01  4.61e+01
 80.00  -0.30  25.00  33.89   He  2.19e+01  4.61e+01
 80.00  -0.30  25.00  33.89    C  6.22e-01  4.61e+01
 80.00  -0.30  25.00  33.89    N  1.34e-01  4.61e+01
 80.00  -0.30  25.00  33.89    O  1.48e-01  4.61e+01
 80.00  -0.30  25.00  33.89    F  6.03e-06  4.61e+01
 80.00  -0.30  25.00  33.89   Ne  4.57e-02  4.61e+01
 80.00  -0.30  25.00  33.89   Mg  1.68e-02  4.61e+01
 80.00  -0.30  25.00  33.89   Si  1.76e-02  4.61e+01
 80.00  -0.30  25.00  33.89    S  7.91e-03  4.61e+01
 80.00  -0.30  25.00  33.89   Fe  2.88e-02  4.61e+01
120.00  -0.30  25.00  41.95    p  3.24e+01  7.80e+01
120.00  -0.30  25.00  41.95   He  4.39e+01  7.80e+01
120.00  -0.30  25.00  41.95    C  1.04e+00  7.80e+01
120.00  -0.30  25.00  41.95    N  2.46e-01  7.80e+01
120.00  -0.30  25.00  41.95    O  2.52e-01  7.80e+01
120.00  -0.30  25.00  41.95    F  1.01e-05  7.80e+01
120.00  -0.30  25.00  41.95   Ne  8.11e-02  7.80e+01
120.00  -0.30  25.00  41.95   Mg  2.73e-02  7.80e+01
120.00  -0.30  25.00  41.95   Si  2.91e-02  7.80e+01
120.00  -0.30  25.00  41.95    S  1.31e-02  7.80e+01
120.00  -0.30  25.00  41.95   Fe  4.72e-02  7.80e+01
