#---Details of Columns:
#    M0 (solMass)          (F6.2)  [1/6.5] Initial mass [ucd=phys.mass]
#    [Fe/H]                (F7.2)  Initial metallicity [ucd=phys.abund.Z]
#    vel (km/s)            (F7.2)  Initial rotation [ucd=phys.mass]
#    M1 (solMass)          (F7.2)  Final mass (1) [ucd=phys.mass]
#    El                    (a4)    Species i (2) [ucd=phys.atmol.element]
#    M(i)lost (solMass)    (D9.2)  Mass of species i lost in the wind [ucd=phys.mass]
#    M(i)lostall (solMass) (D9.2)  Total mass lost in the wind [ucd=phys.mass]
#----- ------ ------ ------ ---- --------- -----------
#M0                                                                 
#(sol         vel    M1 (so      M(i)lost  M(i)lostall
#Mass) Z0     (km/s) lMass) El   (solMass) (solMass)  
#----- ------ ------ ------ ---- --------- -----------
 13.00   0.00   0.00   1.55    p  6.16e+00  1.15e+01
 13.00   0.00   0.00   1.55   He  4.64e+00  1.15e+01
 13.00   0.00   0.00   1.55    C  1.15e-01  1.15e+01
 13.00   0.00   0.00   1.55    N  3.31e-02  1.15e+01
 13.00   0.00   0.00   1.55    O  2.47e-01  1.15e+01
 13.00   0.00   0.00   1.55    F  3.68e-06  1.15e+01
 13.00   0.00   0.00   1.55   Ne  4.57e-02  1.15e+01
 13.00   0.00   0.00   1.55   Mg  2.18e-02  1.15e+01
 13.00   0.00   0.00   1.55   Si  6.96e-02  1.15e+01
 13.00   0.00   0.00   1.55    S  2.90e-02  1.15e+01
 13.00   0.00   0.00   1.55   Fe  9.04e-02  1.15e+01
 15.00   0.00   0.00   1.70    p  6.88e+00  1.33e+01
 15.00   0.00   0.00   1.70   He  5.13e+00  1.33e+01
 15.00   0.00   0.00   1.70    C  2.22e-01  1.33e+01
 15.00   0.00   0.00   1.70    N  3.66e-02  1.33e+01
 15.00   0.00   0.00   1.70    O  5.86e-01  1.33e+01
 15.00   0.00   0.00   1.70    F  4.07e-06  1.33e+01
 15.00   0.00   0.00   1.70   Ne  1.41e-01  1.33e+01
 15.00   0.00   0.00   1.70   Mg  4.72e-02  1.33e+01
 15.00   0.00   0.00   1.70   Si  1.12e-01  1.33e+01
 15.00   0.00   0.00   1.70    S  4.39e-02  1.33e+01
 15.00   0.00   0.00   1.70   Fe  9.41e-02  1.33e+01
 20.00   0.00   0.00   1.71    p  8.56e+00  1.83e+01
 20.00   0.00   0.00   1.71   He  7.17e+00  1.83e+01
 20.00   0.00   0.00   1.71    C  4.10e-01  1.83e+01
 20.00   0.00   0.00   1.71    N  4.38e-02  1.83e+01
 20.00   0.00   0.00   1.71    O  1.26e+00  1.83e+01
 20.00   0.00   0.00   1.71    F  5.46e-06  1.83e+01
 20.00   0.00   0.00   1.71   Ne  4.20e-01  1.83e+01
 20.00   0.00   0.00   1.71   Mg  1.31e-01  1.83e+01
 20.00   0.00   0.00   1.71   Si  1.50e-01  1.83e+01
 20.00   0.00   0.00   1.71    S  4.76e-02  1.83e+01
 20.00   0.00   0.00   1.71   Fe  1.01e-01  1.83e+01
 25.00   0.00   0.00   2.03    p  1.01e+01  2.30e+01
 25.00   0.00   0.00   2.03   He  8.34e+00  2.30e+01
 25.00   0.00   0.00   2.03    C  6.21e-01  2.30e+01
 25.00   0.00   0.00   2.03    N  5.94e-02  2.30e+01
 25.00   0.00   0.00   2.03    O  2.48e+00  2.30e+01
 25.00   0.00   0.00   2.03    F  6.23e-06  2.30e+01
 25.00   0.00   0.00   2.03   Ne  8.89e-01  2.30e+01
 25.00   0.00   0.00   2.03   Mg  1.60e-01  2.30e+01
 25.00   0.00   0.00   2.03   Si  1.34e-01  2.30e+01
 25.00   0.00   0.00   2.03    S  5.16e-02  2.30e+01
 25.00   0.00   0.00   2.03   Fe  1.03e-01  2.30e+01
 30.00   0.00   0.00   3.10    p  1.16e+01  2.69e+01
 30.00   0.00   0.00   3.10   He  1.00e+01  2.69e+01
 30.00   0.00   0.00   3.10    C  8.07e-01  2.69e+01
 30.00   0.00   0.00   3.10    N  7.09e-02  2.69e+01
 30.00   0.00   0.00   3.10    O  3.22e+00  2.69e+01
 30.00   0.00   0.00   3.10    F  1.16e-05  2.69e+01
 30.00   0.00   0.00   3.10   Ne  5.93e-01  2.69e+01
 30.00   0.00   0.00   3.10   Mg  1.36e-01  2.69e+01
 30.00   0.00   0.00   3.10   Si  2.46e-01  2.69e+01
 30.00   0.00   0.00   3.10    S  9.21e-02  2.69e+01
 30.00   0.00   0.00   3.10   Fe  1.06e-01  2.69e+01
 40.00   0.00   0.00   3.02    p  1.45e+01  3.70e+01
 40.00   0.00   0.00   3.02   He  1.34e+01  3.70e+01
 40.00   0.00   0.00   3.02    C  1.15e+00  3.70e+01
 40.00   0.00   0.00   3.02    N  1.07e-01  3.70e+01
 40.00   0.00   0.00   3.02    O  5.76e+00  3.70e+01
 40.00   0.00   0.00   3.02    F  6.05e-05  3.70e+01
 40.00   0.00   0.00   3.02   Ne  1.27e+00  3.70e+01
 40.00   0.00   0.00   3.02   Mg  2.58e-01  3.70e+01
 40.00   0.00   0.00   3.02   Si  2.65e-01  3.70e+01
 40.00   0.00   0.00   3.02    S  9.97e-02  3.70e+01
 40.00   0.00   0.00   3.02   Fe  1.16e-01  3.70e+01
 60.00   0.00   0.00   3.83    p  2.05e+01  5.62e+01
 60.00   0.00   0.00   3.83   He  2.25e+01  5.62e+01
 60.00   0.00   0.00   3.83    C  3.03e+00  5.62e+01
 60.00   0.00   0.00   3.83    N  2.08e-01  5.62e+01
 60.00   0.00   0.00   3.83    O  7.85e+00  5.62e+01
 60.00   0.00   0.00   3.83    F  1.43e-05  5.62e+01
 60.00   0.00   0.00   3.83   Ne  1.15e+00  5.62e+01
 60.00   0.00   0.00   3.83   Mg  2.81e-01  5.62e+01
 60.00   0.00   0.00   3.83   Si  3.87e-01  5.62e+01
 60.00   0.00   0.00   3.83    S  1.58e-01  5.62e+01
 60.00   0.00   0.00   3.83   Fe  1.38e-01  5.62e+01
 80.00   0.00   0.00   5.14    p  2.52e+01  7.49e+01
 80.00   0.00   0.00   5.14   He  3.12e+01  7.49e+01
 80.00   0.00   0.00   5.14    C  4.28e+00  7.49e+01
 80.00   0.00   0.00   5.14    N  2.86e-01  7.49e+01
 80.00   0.00   0.00   5.14    O  1.13e+01  7.49e+01
 80.00   0.00   0.00   5.14    F  1.56e-05  7.49e+01
 80.00   0.00   0.00   5.14   Ne  1.20e+00  7.49e+01
 80.00   0.00   0.00   5.14   Mg  3.82e-01  7.49e+01
 80.00   0.00   0.00   5.14   Si  5.98e-01  7.49e+01
 80.00   0.00   0.00   5.14    S  2.54e-01  7.49e+01
 80.00   0.00   0.00   5.14   Fe  1.60e-01  7.49e+01
120.00   0.00   0.00   5.72    p  3.67e+01  1.14e+02
120.00   0.00   0.00   5.72   He  5.30e+01  1.14e+02
120.00   0.00   0.00   5.72    C  5.98e+00  1.14e+02
120.00   0.00   0.00   5.72    N  4.98e-01  1.14e+02
120.00   0.00   0.00   5.72    O  1.48e+01  1.14e+02
120.00   0.00   0.00   5.72    F  2.56e-05  1.14e+02
120.00   0.00   0.00   5.72   Ne  1.23e+00  1.14e+02
120.00   0.00   0.00   5.72   Mg  6.44e-01  1.14e+02
120.00   0.00   0.00   5.72   Si  8.49e-01  1.14e+02
120.00   0.00   0.00   5.72    S  3.22e-01  1.14e+02
120.00   0.00   0.00   5.72   Fe  2.13e-01  1.14e+02
