#---Details of Columns:
#    M0 (solMass)          (F6.2)  [1/6.5] Initial mass [ucd=phys.mass]
#    [Fe/H]                (F7.2)  Initial metallicity [ucd=phys.abund.Z]
#    vel (km/s)            (F7.2)  Initial rotation [ucd=phys.mass]
#    M1 (solMass)          (F7.2)  Final mass (1) [ucd=phys.mass]
#    El                    (a4)    Species i (2) [ucd=phys.atmol.element]
#    M(i)lost (solMass)    (D9.2)  Mass of species i lost in the wind [ucd=phys.mass]
#    M(i)lostall (solMass) (D9.2)  Total mass lost in the wind [ucd=phys.mass]
#----- ------ ------ ------ ---- --------- -----------
#M0                                                                 
#(sol         vel    M1 (so      M(i)lost  M(i)lostall
#Mass) Z0     (km/s) lMass) El   (solMass) (solMass)  
#----- ------ ------ ------ ---- --------- -----------
 13.00  -1.00 200.00   2.15    p  4.69e+00  1.09e+01
 13.00  -1.00 200.00   2.15   He  3.78e+00  1.09e+01
 13.00  -1.00 200.00   2.15    C  2.55e-01  1.09e+01
 13.00  -1.00 200.00   2.15    N  6.24e-02  1.09e+01
 13.00  -1.00 200.00   2.15    O  1.35e+00  1.09e+01
 13.00  -1.00 200.00   2.15    F  3.63e-05  1.09e+01
 13.00  -1.00 200.00   2.15   Ne  1.18e-01  1.09e+01
 13.00  -1.00 200.00   2.15   Mg  3.69e-02  1.09e+01
 13.00  -1.00 200.00   2.15   Si  1.92e-01  1.09e+01
 13.00  -1.00 200.00   2.15    S  1.53e-01  1.09e+01
 13.00  -1.00 200.00   2.15   Fe  7.81e-02  1.09e+01
 15.00  -1.00 200.00   2.36    p  5.25e+00  1.26e+01
 15.00  -1.00 200.00   2.36   He  4.36e+00  1.26e+01
 15.00  -1.00 200.00   2.36    C  3.27e-01  1.26e+01
 15.00  -1.00 200.00   2.36    N  7.11e-02  1.26e+01
 15.00  -1.00 200.00   2.36    O  1.70e+00  1.26e+01
 15.00  -1.00 200.00   2.36    F  9.25e-05  1.26e+01
 15.00  -1.00 200.00   2.36   Ne  1.22e-01  1.26e+01
 15.00  -1.00 200.00   2.36   Mg  3.92e-02  1.26e+01
 15.00  -1.00 200.00   2.36   Si  2.61e-01  1.26e+01
 15.00  -1.00 200.00   2.36    S  2.31e-01  1.26e+01
 15.00  -1.00 200.00   2.36   Fe  8.10e-02  1.26e+01
 20.00  -1.00 200.00   3.17    p  6.58e+00  1.68e+01
 20.00  -1.00 200.00   3.17   He  5.64e+00  1.68e+01
 20.00  -1.00 200.00   3.17    C  5.27e-01  1.68e+01
 20.00  -1.00 200.00   3.17    N  7.90e-02  1.68e+01
 20.00  -1.00 200.00   3.17    O  3.27e+00  1.68e+01
 20.00  -1.00 200.00   3.17    F  2.48e-04  1.68e+01
 20.00  -1.00 200.00   3.17   Ne  1.87e-01  1.68e+01
 20.00  -1.00 200.00   3.17   Mg  7.08e-02  1.68e+01
 20.00  -1.00 200.00   3.17   Si  2.10e-01  1.68e+01
 20.00  -1.00 200.00   3.17    S  9.26e-02  1.68e+01
 20.00  -1.00 200.00   3.17   Fe  7.33e-02  1.68e+01
 25.00  -1.00 200.00   3.13    p  8.22e+00  2.19e+01
 25.00  -1.00 200.00   3.13   He  6.42e+00  2.19e+01
 25.00  -1.00 200.00   3.13    C  8.62e-01  2.19e+01
 25.00  -1.00 200.00   3.13    N  2.70e-02  2.19e+01
 25.00  -1.00 200.00   3.13    O  5.08e+00  2.19e+01
 25.00  -1.00 200.00   3.13    F  4.74e-04  2.19e+01
 25.00  -1.00 200.00   3.13   Ne  6.29e-01  2.19e+01
 25.00  -1.00 200.00   3.13   Mg  1.42e-01  2.19e+01
 25.00  -1.00 200.00   3.13   Si  2.37e-01  2.19e+01
 25.00  -1.00 200.00   3.13    S  8.07e-02  2.19e+01
 25.00  -1.00 200.00   3.13   Fe  7.23e-02  2.19e+01
 30.00  -1.00 200.00  22.76    p  4.57e+00  7.24e+00
 30.00  -1.00 200.00  22.76   He  2.64e+00  7.24e+00
 30.00  -1.00 200.00  22.76    C  7.73e-03  7.24e+00
 30.00  -1.00 200.00  22.76    N  7.86e-03  7.24e+00
 30.00  -1.00 200.00  22.76    O  4.78e-03  7.24e+00
 30.00  -1.00 200.00  22.76    F  5.97e-08  7.24e+00
 30.00  -1.00 200.00  22.76   Ne  3.77e-04  7.24e+00
 30.00  -1.00 200.00  22.76   Mg  3.78e-04  7.24e+00
 30.00  -1.00 200.00  22.76   Si  5.28e-04  7.24e+00
 30.00  -1.00 200.00  22.76    S  2.14e-04  7.24e+00
 30.00  -1.00 200.00  22.76   Fe  3.99e-04  7.24e+00
 40.00  -1.00 200.00  21.79    p  1.14e+01  1.82e+01
 40.00  -1.00 200.00  21.79   He  6.67e+00  1.82e+01
 40.00  -1.00 200.00  21.79    C  2.40e-02  1.82e+01
 40.00  -1.00 200.00  21.79    N  3.58e-02  1.82e+01
 40.00  -1.00 200.00  21.79    O  1.99e-02  1.82e+01
 40.00  -1.00 200.00  21.79    F  1.05e-07  1.82e+01
 40.00  -1.00 200.00  21.79   Ne  1.09e-03  1.82e+01
 40.00  -1.00 200.00  21.79   Mg  9.53e-04  1.82e+01
 40.00  -1.00 200.00  21.79   Si  1.34e-03  1.82e+01
 40.00  -1.00 200.00  21.79    S  5.42e-04  1.82e+01
 40.00  -1.00 200.00  21.79   Fe  1.01e-03  1.82e+01
 60.00  -1.00 200.00  33.06    p  1.51e+01  2.69e+01
 60.00  -1.00 200.00  33.06   He  1.13e+01  2.69e+01
 60.00  -1.00 200.00  33.06    C  4.38e-01  2.69e+01
 60.00  -1.00 200.00  33.06    N  4.70e-02  2.69e+01
 60.00  -1.00 200.00  33.06    O  9.07e-02  2.69e+01
 60.00  -1.00 200.00  33.06    F  1.21e-06  2.69e+01
 60.00  -1.00 200.00  33.06   Ne  6.59e-03  2.69e+01
 60.00  -1.00 200.00  33.06   Mg  1.58e-03  2.69e+01
 60.00  -1.00 200.00  33.06   Si  2.27e-03  2.69e+01
 60.00  -1.00 200.00  33.06    S  9.18e-04  2.69e+01
 60.00  -1.00 200.00  33.06   Fe  1.71e-03  2.69e+01
 80.00  -1.00 200.00  43.71    p  1.86e+01  3.63e+01
 80.00  -1.00 200.00  43.71   He  1.67e+01  3.63e+01
 80.00  -1.00 200.00  43.71    C  7.58e-01  3.63e+01
 80.00  -1.00 200.00  43.71    N  5.38e-02  3.63e+01
 80.00  -1.00 200.00  43.71    O  1.66e-01  3.63e+01
 80.00  -1.00 200.00  43.71    F  1.60e-06  3.63e+01
 80.00  -1.00 200.00  43.71   Ne  9.68e-03  3.63e+01
 80.00  -1.00 200.00  43.71   Mg  2.10e-03  3.63e+01
 80.00  -1.00 200.00  43.71   Si  3.04e-03  3.63e+01
 80.00  -1.00 200.00  43.71    S  1.23e-03  3.63e+01
 80.00  -1.00 200.00  43.71   Fe  2.28e-03  3.63e+01
120.00  -1.00 200.00  61.25    p  2.31e+01  5.87e+01
120.00  -1.00 200.00  61.25   He  3.41e+01  5.87e+01
120.00  -1.00 200.00  61.25    C  1.17e+00  5.87e+01
120.00  -1.00 200.00  61.25    N  8.29e-02  5.87e+01
120.00  -1.00 200.00  61.25    O  2.77e-01  5.87e+01
120.00  -1.00 200.00  61.25    F  2.55e-06  5.87e+01
120.00  -1.00 200.00  61.25   Ne  1.41e-02  5.87e+01
120.00  -1.00 200.00  61.25   Mg  3.49e-03  5.87e+01
120.00  -1.00 200.00  61.25   Si  5.28e-03  5.87e+01
120.00  -1.00 200.00  61.25    S  2.13e-03  5.87e+01
120.00  -1.00 200.00  61.25   Fe  3.95e-03  5.87e+01
