#---Details of Columns:
#    M0 (solMass)          (F6.2)  [1/6.5] Initial mass [ucd=phys.mass]
#    [Fe/H]                (F7.2)  Initial metallicity [ucd=phys.abund.Z]
#    vel (km/s)            (F7.2)  Initial rotation [ucd=phys.mass]
#    M1 (solMass)          (F7.2)  Final mass (1) [ucd=phys.mass]
#    El                    (a4)    Species i (2) [ucd=phys.atmol.element]
#    M(i)lost (solMass)    (D9.2)  Mass of species i lost in the wind [ucd=phys.mass]
#    M(i)lostall (solMass) (D9.2)  Total mass lost in the wind [ucd=phys.mass]
#----- ------ ------ ------ ---- --------- -----------
#M0                                                                 
#(sol         vel    M1 (so      M(i)lost  M(i)lostall
#Mass) Z0     (km/s) lMass) El   (solMass) (solMass)  
#----- ------ ------ ------ ---- --------- -----------
 13.00  -0.60  25.00   1.68    p  5.97e+00  1.13e+01
 13.00  -0.60  25.00   1.68   He  4.46e+00  1.13e+01
 13.00  -0.60  25.00   1.68    C  1.64e-01  1.13e+01
 13.00  -0.60  25.00   1.68    N  1.82e-02  1.13e+01
 13.00  -0.60  25.00   1.68    O  4.39e-01  1.13e+01
 13.00  -0.60  25.00   1.68    F  3.83e-06  1.13e+01
 13.00  -0.60  25.00   1.68   Ne  5.79e-02  1.13e+01
 13.00  -0.60  25.00   1.68   Mg  2.17e-02  1.13e+01
 13.00  -0.60  25.00   1.68   Si  6.83e-02  1.13e+01
 13.00  -0.60  25.00   1.68    S  3.69e-02  1.13e+01
 13.00  -0.60  25.00   1.68   Fe  7.26e-02  1.13e+01
 15.00  -0.60  25.00   1.90    p  6.65e+00  1.31e+01
 15.00  -0.60  25.00   1.90   He  4.70e+00  1.31e+01
 15.00  -0.60  25.00   1.90    C  2.83e-01  1.31e+01
 15.00  -0.60  25.00   1.90    N  2.20e-02  1.31e+01
 15.00  -0.60  25.00   1.90    O  1.03e+00  1.31e+01
 15.00  -0.60  25.00   1.90    F  1.51e-05  1.31e+01
 15.00  -0.60  25.00   1.90   Ne  1.03e-01  1.31e+01
 15.00  -0.60  25.00   1.90   Mg  3.41e-02  1.31e+01
 15.00  -0.60  25.00   1.90   Si  1.09e-01  1.31e+01
 15.00  -0.60  25.00   1.90    S  4.23e-02  1.31e+01
 15.00  -0.60  25.00   1.90   Fe  7.45e-02  1.31e+01
 20.00  -0.60  25.00   2.00    p  8.26e+00  1.80e+01
 20.00  -0.60  25.00   2.00   He  6.75e+00  1.80e+01
 20.00  -0.60  25.00   2.00    C  4.38e-01  1.80e+01
 20.00  -0.60  25.00   2.00    N  2.98e-02  1.80e+01
 20.00  -0.60  25.00   2.00    O  1.66e+00  1.80e+01
 20.00  -0.60  25.00   2.00    F  7.09e-05  1.80e+01
 20.00  -0.60  25.00   2.00   Ne  4.32e-01  1.80e+01
 20.00  -0.60  25.00   2.00   Mg  1.11e-01  1.80e+01
 20.00  -0.60  25.00   2.00   Si  1.34e-01  1.80e+01
 20.00  -0.60  25.00   2.00    S  3.96e-02  1.80e+01
 20.00  -0.60  25.00   2.00   Fe  7.39e-02  1.80e+01
 25.00  -0.60  25.00   2.79    p  9.72e+00  2.22e+01
 25.00  -0.60  25.00   2.79   He  7.69e+00  2.22e+01
 25.00  -0.60  25.00   2.79    C  6.90e-01  2.22e+01
 25.00  -0.60  25.00   2.79    N  2.33e-02  2.22e+01
 25.00  -0.60  25.00   2.79    O  3.05e+00  2.22e+01
 25.00  -0.60  25.00   2.79    F  8.66e-05  2.22e+01
 25.00  -0.60  25.00   2.79   Ne  5.13e-01  2.22e+01
 25.00  -0.60  25.00   2.79   Mg  1.02e-01  2.22e+01
 25.00  -0.60  25.00   2.79   Si  1.87e-01  2.22e+01
 25.00  -0.60  25.00   2.79    S  5.88e-02  2.22e+01
 25.00  -0.60  25.00   2.79   Fe  7.38e-02  2.22e+01
 30.00  -0.60  25.00  27.67    p  1.63e+00  2.33e+00
 30.00  -0.60  25.00  27.67   He  6.89e-01  2.33e+00
 30.00  -0.60  25.00  27.67    C  1.66e-03  2.33e+00
 30.00  -0.60  25.00  27.67    N  1.69e-03  2.33e+00
 30.00  -0.60  25.00  27.67    O  4.73e-03  2.33e+00
 30.00  -0.60  25.00  27.67    F  1.66e-07  2.33e+00
 30.00  -0.60  25.00  27.67   Ne  5.63e-04  2.33e+00
 30.00  -0.60  25.00  27.67   Mg  4.31e-04  2.33e+00
 30.00  -0.60  25.00  27.67   Si  5.19e-04  2.33e+00
 30.00  -0.60  25.00  27.67    S  2.20e-04  2.33e+00
 30.00  -0.60  25.00  27.67   Fe  5.80e-04  2.33e+00
 40.00  -0.60  25.00  27.30    p  8.57e+00  1.27e+01
 40.00  -0.60  25.00  27.30   He  4.06e+00  1.27e+01
 40.00  -0.60  25.00  27.30    C  4.97e-03  1.27e+01
 40.00  -0.60  25.00  27.30    N  1.01e-02  1.27e+01
 40.00  -0.60  25.00  27.30    O  1.98e-02  1.27e+01
 40.00  -0.60  25.00  27.30    F  5.22e-07  1.27e+01
 40.00  -0.60  25.00  27.30   Ne  1.91e-03  1.27e+01
 40.00  -0.60  25.00  27.30   Mg  1.77e-03  1.27e+01
 40.00  -0.60  25.00  27.30   Si  2.34e-03  1.27e+01
 40.00  -0.60  25.00  27.30    S  9.61e-04  1.27e+01
 40.00  -0.60  25.00  27.30   Fe  2.03e-03  1.27e+01
 60.00  -0.60  25.00  39.13    p  1.26e+01  2.09e+01
 60.00  -0.60  25.00  39.13   He  8.01e+00  2.09e+01
 60.00  -0.60  25.00  39.13    C  1.75e-01  2.09e+01
 60.00  -0.60  25.00  39.13    N  2.14e-02  2.09e+01
 60.00  -0.60  25.00  39.13    O  5.02e-02  2.09e+01
 60.00  -0.60  25.00  39.13    F  1.26e-06  2.09e+01
 60.00  -0.60  25.00  39.13   Ne  5.39e-03  2.09e+01
 60.00  -0.60  25.00  39.13   Mg  2.86e-03  2.09e+01
 60.00  -0.60  25.00  39.13   Si  3.86e-03  2.09e+01
 60.00  -0.60  25.00  39.13    S  1.58e-03  2.09e+01
 60.00  -0.60  25.00  39.13   Fe  3.33e-03  2.09e+01
 80.00  -0.60  25.00  39.31    p  2.24e+01  4.07e+01
 80.00  -0.60  25.00  39.31   He  1.78e+01  4.07e+01
 80.00  -0.60  25.00  39.31    C  3.23e-01  4.07e+01
 80.00  -0.60  25.00  39.31    N  5.42e-02  4.07e+01
 80.00  -0.60  25.00  39.31    O  9.24e-02  4.07e+01
 80.00  -0.60  25.00  39.31    F  1.54e-06  4.07e+01
 80.00  -0.60  25.00  39.31   Ne  9.45e-03  4.07e+01
 80.00  -0.60  25.00  39.31   Mg  5.31e-03  4.07e+01
 80.00  -0.60  25.00  39.31   Si  7.36e-03  4.07e+01
 80.00  -0.60  25.00  39.31    S  3.01e-03  4.07e+01
 80.00  -0.60  25.00  39.31   Fe  6.13e-03  4.07e+01
120.00  -0.60  25.00  49.10    p  3.06e+01  7.09e+01
120.00  -0.60  25.00  49.10   He  3.94e+01  7.09e+01
120.00  -0.60  25.00  49.10    C  5.41e-01  7.09e+01
120.00  -0.60  25.00  49.10    N  1.14e-01  7.09e+01
120.00  -0.60  25.00  49.10    O  1.96e-01  7.09e+01
120.00  -0.60  25.00  49.10    F  2.40e-06  7.09e+01
120.00  -0.60  25.00  49.10   Ne  1.63e-02  7.09e+01
120.00  -0.60  25.00  49.10   Mg  8.93e-03  7.09e+01
120.00  -0.60  25.00  49.10   Si  1.27e-02  7.09e+01
120.00  -0.60  25.00  49.10    S  5.22e-03  7.09e+01
120.00  -0.60  25.00  49.10   Fe  1.06e-02  7.09e+01
