#---Details of Columns:
#    M0 (solMass)          (F6.2)  [1/6.5] Initial mass [ucd=phys.mass]
#    [Fe/H]                (F7.2)  Initial metallicity [ucd=phys.abund.Z]
#    vel (km/s)            (F7.2)  Initial rotation [ucd=phys.mass]
#    M1 (solMass)          (F7.2)  Final mass (1) [ucd=phys.mass]
#    El                    (a4)    Species i (2) [ucd=phys.atmol.element]
#    M(i)lost (solMass)    (D9.2)  Mass of species i lost in the wind [ucd=phys.mass]
#    M(i)lostall (solMass) (D9.2)  Total mass lost in the wind [ucd=phys.mass]
#----- ------ ------ ------ ---- --------- -----------
#M0                                                                 
#(sol         vel    M1 (so      M(i)lost  M(i)lostall
#Mass) Z0     (km/s) lMass) El   (solMass) (solMass)  
#----- ------ ------ ------ ---- --------- -----------
 13.00  -1.00   0.00   1.66    p  6.24e+00  1.13e+01
 13.00  -1.00   0.00   1.66   He  4.49e+00  1.13e+01
 13.00  -1.00   0.00   1.66    C  1.49e-01  1.13e+01
 13.00  -1.00   0.00   1.66    N  3.25e-03  1.13e+01
 13.00  -1.00   0.00   1.66    O  2.75e-01  1.13e+01
 13.00  -1.00   0.00   1.66    F  1.60e-07  1.13e+01
 13.00  -1.00   0.00   1.66   Ne  2.68e-02  1.13e+01
 13.00  -1.00   0.00   1.66   Mg  1.53e-02  1.13e+01
 13.00  -1.00   0.00   1.66   Si  5.90e-02  1.13e+01
 13.00  -1.00   0.00   1.66    S  2.03e-02  1.13e+01
 13.00  -1.00   0.00   1.66   Fe  7.38e-02  1.13e+01
 15.00  -1.00   0.00   1.80    p  6.99e+00  1.32e+01
 15.00  -1.00   0.00   1.80   He  5.00e+00  1.32e+01
 15.00  -1.00   0.00   1.80    C  2.62e-01  1.32e+01
 15.00  -1.00   0.00   1.80    N  3.47e-03  1.32e+01
 15.00  -1.00   0.00   1.80    O  6.64e-01  1.32e+01
 15.00  -1.00   0.00   1.80    F  1.77e-07  1.32e+01
 15.00  -1.00   0.00   1.80   Ne  6.47e-02  1.32e+01
 15.00  -1.00   0.00   1.80   Mg  2.86e-02  1.32e+01
 15.00  -1.00   0.00   1.80   Si  9.79e-02  1.32e+01
 15.00  -1.00   0.00   1.80    S  3.27e-02  1.32e+01
 15.00  -1.00   0.00   1.80   Fe  7.43e-02  1.32e+01
 20.00  -1.00   0.00   1.90    p  8.75e+00  1.81e+01
 20.00  -1.00   0.00   1.90   He  6.82e+00  1.81e+01
 20.00  -1.00   0.00   1.90    C  4.05e-01  1.81e+01
 20.00  -1.00   0.00   1.90    N  4.60e-03  1.81e+01
 20.00  -1.00   0.00   1.90    O  1.35e+00  1.81e+01
 20.00  -1.00   0.00   1.90    F  2.70e-07  1.81e+01
 20.00  -1.00   0.00   1.90   Ne  4.73e-01  1.81e+01
 20.00  -1.00   0.00   1.90   Mg  1.14e-01  1.81e+01
 20.00  -1.00   0.00   1.90   Si  1.11e-01  1.81e+01
 20.00  -1.00   0.00   1.90    S  3.02e-02  1.81e+01
 20.00  -1.00   0.00   1.90   Fe  7.47e-02  1.81e+01
 25.00  -1.00   0.00   2.35    p  1.03e+01  2.27e+01
 25.00  -1.00   0.00   2.35   He  8.13e+00  2.27e+01
 25.00  -1.00   0.00   2.35    C  6.60e-01  2.27e+01
 25.00  -1.00   0.00   2.35    N  5.48e-03  2.27e+01
 25.00  -1.00   0.00   2.35    O  2.49e+00  2.27e+01
 25.00  -1.00   0.00   2.35    F  9.75e-07  2.27e+01
 25.00  -1.00   0.00   2.35   Ne  6.63e-01  2.27e+01
 25.00  -1.00   0.00   2.35   Mg  1.08e-01  2.27e+01
 25.00  -1.00   0.00   2.35   Si  1.32e-01  2.27e+01
 25.00  -1.00   0.00   2.35    S  3.92e-02  2.27e+01
 25.00  -1.00   0.00   2.35   Fe  7.40e-02  2.27e+01
 30.00  -1.00   0.00   2.64    p  1.17e+01  2.74e+01
 30.00  -1.00   0.00   2.64   He  1.08e+01  2.74e+01
 30.00  -1.00   0.00   2.64    C  8.74e-01  2.74e+01
 30.00  -1.00   0.00   2.64    N  9.37e-03  2.74e+01
 30.00  -1.00   0.00   2.64    O  2.94e+00  2.74e+01
 30.00  -1.00   0.00   2.64    F  1.10e-06  2.74e+01
 30.00  -1.00   0.00   2.64   Ne  5.97e-01  2.74e+01
 30.00  -1.00   0.00   2.64   Mg  1.07e-01  2.74e+01
 30.00  -1.00   0.00   2.64   Si  1.66e-01  2.74e+01
 30.00  -1.00   0.00   2.64    S  4.72e-02  2.74e+01
 30.00  -1.00   0.00   2.64   Fe  7.40e-02  2.74e+01
 40.00  -1.00   0.00   3.06    p  1.43e+01  3.69e+01
 40.00  -1.00   0.00   3.06   He  1.40e+01  3.69e+01
 40.00  -1.00   0.00   3.06    C  1.18e+00  3.69e+01
 40.00  -1.00   0.00   3.06    N  1.33e-02  3.69e+01
 40.00  -1.00   0.00   3.06    O  5.73e+00  3.69e+01
 40.00  -1.00   0.00   3.06    F  2.17e-06  3.69e+01
 40.00  -1.00   0.00   3.06   Ne  1.06e+00  3.69e+01
 40.00  -1.00   0.00   3.06   Mg  1.92e-01  3.69e+01
 40.00  -1.00   0.00   3.06   Si  2.47e-01  3.69e+01
 40.00  -1.00   0.00   3.06    S  7.51e-02  3.69e+01
 40.00  -1.00   0.00   3.06   Fe  7.45e-02  3.69e+01
 60.00  -1.00   0.00   5.14    p  1.88e+01  5.49e+01
 60.00  -1.00   0.00   5.14   He  2.06e+01  5.49e+01
 60.00  -1.00   0.00   5.14    C  2.15e+00  5.49e+01
 60.00  -1.00   0.00   5.14    N  2.07e-02  5.49e+01
 60.00  -1.00   0.00   5.14    O  1.16e+01  5.49e+01
 60.00  -1.00   0.00   5.14    F  3.33e-05  5.49e+01
 60.00  -1.00   0.00   5.14   Ne  7.17e-01  5.49e+01
 60.00  -1.00   0.00   5.14   Mg  2.03e-01  5.49e+01
 60.00  -1.00   0.00   5.14   Si  5.17e-01  5.49e+01
 60.00  -1.00   0.00   5.14    S  1.62e-01  5.49e+01
 60.00  -1.00   0.00   5.14   Fe  7.57e-02  5.49e+01
 80.00  -1.00   0.00   7.16    p  2.33e+01  7.28e+01
 80.00  -1.00   0.00   7.16   He  2.61e+01  7.28e+01
 80.00  -1.00   0.00   7.16    C  2.72e+00  7.28e+01
 80.00  -1.00   0.00   7.16    N  2.31e-02  7.28e+01
 80.00  -1.00   0.00   7.16    O  1.85e+01  7.28e+01
 80.00  -1.00   0.00   7.16    F  1.81e-05  7.28e+01
 80.00  -1.00   0.00   7.16   Ne  7.79e-01  7.28e+01
 80.00  -1.00   0.00   7.16   Mg  3.18e-01  7.28e+01
 80.00  -1.00   0.00   7.16   Si  8.19e-01  7.28e+01
 80.00  -1.00   0.00   7.16    S  2.62e-01  7.28e+01
 80.00  -1.00   0.00   7.16   Fe  7.79e-02  7.28e+01
120.00  -1.00   0.00   5.70    p  3.13e+01  1.14e+02
120.00  -1.00   0.00   5.70   He  3.76e+01  1.14e+02
120.00  -1.00   0.00   5.70    C  4.09e+00  1.14e+02
120.00  -1.00   0.00   5.70    N  4.41e-02  1.14e+02
120.00  -1.00   0.00   5.70    O  3.55e+01  1.14e+02
120.00  -1.00   0.00   5.70    F  3.68e-06  1.14e+02
120.00  -1.00   0.00   5.70   Ne  2.73e+00  1.14e+02
120.00  -1.00   0.00   5.70   Mg  1.17e+00  1.14e+02
120.00  -1.00   0.00   5.70   Si  1.19e+00  1.14e+02
120.00  -1.00   0.00   5.70    S  3.59e-01  1.14e+02
120.00  -1.00   0.00   5.70   Fe  8.14e-02  1.14e+02
