#---Details of Columns:
#    M0 (solMass)          (F6.2)  [1/6.5] Initial mass [ucd=phys.mass]
#    [Fe/H]                (F7.2)  Initial metallicity [ucd=phys.abund.Z]
#    vel (km/s)            (F7.2)  Initial rotation [ucd=phys.mass]
#    M1 (solMass)          (F7.2)  Final mass (1) [ucd=phys.mass]
#    El                    (a4)    Species i (2) [ucd=phys.atmol.element]
#    M(i)lost (solMass)    (D9.2)  Mass of species i lost in the wind [ucd=phys.mass]
#    M(i)lostall (solMass) (D9.2)  Total mass lost in the wind [ucd=phys.mass]
#----- ------ ------ ------ ---- --------- -----------
#M0                                                                 
#(sol         vel    M1 (so      M(i)lost  M(i)lostall
#Mass) Z0     (km/s) lMass) El   (solMass) (solMass)  
#----- ------ ------ ------ ---- --------- -----------
 13.00  -1.00 150.00   2.10    p  4.83e+00  1.09e+01
 13.00  -1.00 150.00   2.10   He  3.84e+00  1.09e+01
 13.00  -1.00 150.00   2.10    C  3.08e-01  1.09e+01
 13.00  -1.00 150.00   2.10    N  6.20e-02  1.09e+01
 13.00  -1.00 150.00   2.10    O  1.39e+00  1.09e+01
 13.00  -1.00 150.00   2.10    F  4.16e-05  1.09e+01
 13.00  -1.00 150.00   2.10   Ne  1.15e-01  1.09e+01
 13.00  -1.00 150.00   2.10   Mg  2.86e-02  1.09e+01
 13.00  -1.00 150.00   2.10   Si  1.01e-01  1.09e+01
 13.00  -1.00 150.00   2.10    S  6.58e-02  1.09e+01
 13.00  -1.00 150.00   2.10   Fe  7.18e-02  1.09e+01
 15.00  -1.00 150.00   2.34    p  5.39e+00  1.27e+01
 15.00  -1.00 150.00   2.34   He  4.41e+00  1.27e+01
 15.00  -1.00 150.00   2.34    C  3.94e-01  1.27e+01
 15.00  -1.00 150.00   2.34    N  7.43e-02  1.27e+01
 15.00  -1.00 150.00   2.34    O  1.73e+00  1.27e+01
 15.00  -1.00 150.00   2.34    F  1.02e-04  1.27e+01
 15.00  -1.00 150.00   2.34   Ne  1.07e-01  1.27e+01
 15.00  -1.00 150.00   2.34   Mg  2.53e-02  1.27e+01
 15.00  -1.00 150.00   2.34   Si  1.69e-01  1.27e+01
 15.00  -1.00 150.00   2.34    S  1.56e-01  1.27e+01
 15.00  -1.00 150.00   2.34   Fe  7.32e-02  1.27e+01
 20.00  -1.00 150.00   3.00    p  6.72e+00  1.70e+01
 20.00  -1.00 150.00   3.00   He  5.79e+00  1.70e+01
 20.00  -1.00 150.00   3.00    C  5.71e-01  1.70e+01
 20.00  -1.00 150.00   3.00    N  1.04e-01  1.70e+01
 20.00  -1.00 150.00   3.00    O  3.14e+00  1.70e+01
 20.00  -1.00 150.00   3.00    F  2.61e-04  1.70e+01
 20.00  -1.00 150.00   3.00   Ne  1.48e-01  1.70e+01
 20.00  -1.00 150.00   3.00   Mg  5.70e-02  1.70e+01
 20.00  -1.00 150.00   3.00   Si  2.15e-01  1.70e+01
 20.00  -1.00 150.00   3.00    S  8.33e-02  1.70e+01
 20.00  -1.00 150.00   3.00   Fe  7.21e-02  1.70e+01
 25.00  -1.00 150.00   2.99    p  8.41e+00  2.20e+01
 25.00  -1.00 150.00   2.99   He  6.91e+00  2.20e+01
 25.00  -1.00 150.00   2.99    C  8.02e-01  2.20e+01
 25.00  -1.00 150.00   2.99    N  3.11e-02  2.20e+01
 25.00  -1.00 150.00   2.99    O  4.71e+00  2.20e+01
 25.00  -1.00 150.00   2.99    F  2.73e-04  2.20e+01
 25.00  -1.00 150.00   2.99   Ne  5.27e-01  2.20e+01
 25.00  -1.00 150.00   2.99   Mg  1.36e-01  2.20e+01
 25.00  -1.00 150.00   2.99   Si  2.22e-01  2.20e+01
 25.00  -1.00 150.00   2.99    S  7.36e-02  2.20e+01
 25.00  -1.00 150.00   2.99   Fe  7.21e-02  2.20e+01
 30.00  -1.00 150.00  26.45    p  2.35e+00  3.55e+00
 30.00  -1.00 150.00  26.45   He  1.18e+00  3.55e+00
 30.00  -1.00 150.00  26.45    C  3.31e-04  3.55e+00
 30.00  -1.00 150.00  26.45    N  1.70e-03  3.55e+00
 30.00  -1.00 150.00  26.45    O  2.07e-03  3.55e+00
 30.00  -1.00 150.00  26.45    F  4.58e-08  3.55e+00
 30.00  -1.00 150.00  26.45   Ne  1.94e-04  3.55e+00
 30.00  -1.00 150.00  26.45   Mg  2.04e-04  3.55e+00
 30.00  -1.00 150.00  26.45   Si  2.84e-04  3.55e+00
 30.00  -1.00 150.00  26.45    S  1.15e-04  3.55e+00
 30.00  -1.00 150.00  26.45   Fe  2.15e-04  3.55e+00
 40.00  -1.00 150.00  21.62    p  1.16e+01  1.84e+01
 40.00  -1.00 150.00  21.62   He  6.70e+00  1.84e+01
 40.00  -1.00 150.00  21.62    C  7.68e-03  1.84e+01
 40.00  -1.00 150.00  21.62    N  2.21e-02  1.84e+01
 40.00  -1.00 150.00  21.62    O  9.41e-03  1.84e+01
 40.00  -1.00 150.00  21.62    F  8.83e-08  1.84e+01
 40.00  -1.00 150.00  21.62   Ne  8.90e-04  1.84e+01
 40.00  -1.00 150.00  21.62   Mg  9.46e-04  1.84e+01
 40.00  -1.00 150.00  21.62   Si  1.33e-03  1.84e+01
 40.00  -1.00 150.00  21.62    S  5.38e-04  1.84e+01
 40.00  -1.00 150.00  21.62   Fe  1.01e-03  1.84e+01
 60.00  -1.00 150.00  32.63    p  1.54e+01  2.74e+01
 60.00  -1.00 150.00  32.63   He  1.15e+01  2.74e+01
 60.00  -1.00 150.00  32.63    C  3.75e-01  2.74e+01
 60.00  -1.00 150.00  32.63    N  3.52e-02  2.74e+01
 60.00  -1.00 150.00  32.63    O  7.34e-02  2.74e+01
 60.00  -1.00 150.00  32.63    F  1.23e-06  2.74e+01
 60.00  -1.00 150.00  32.63   Ne  6.08e-03  2.74e+01
 60.00  -1.00 150.00  32.63   Mg  1.59e-03  2.74e+01
 60.00  -1.00 150.00  32.63   Si  2.30e-03  2.74e+01
 60.00  -1.00 150.00  32.63    S  9.29e-04  2.74e+01
 60.00  -1.00 150.00  32.63   Fe  1.74e-03  2.74e+01
 80.00  -1.00 150.00  44.68    p  1.90e+01  3.53e+01
 80.00  -1.00 150.00  44.68   He  1.54e+01  3.53e+01
 80.00  -1.00 150.00  44.68    C  7.19e-01  3.53e+01
 80.00  -1.00 150.00  44.68    N  4.85e-02  3.53e+01
 80.00  -1.00 150.00  44.68    O  1.65e-01  3.53e+01
 80.00  -1.00 150.00  44.68    F  1.24e-06  3.53e+01
 80.00  -1.00 150.00  44.68   Ne  9.39e-03  3.53e+01
 80.00  -1.00 150.00  44.68   Mg  2.04e-03  3.53e+01
 80.00  -1.00 150.00  44.68   Si  2.92e-03  3.53e+01
 80.00  -1.00 150.00  44.68    S  1.18e-03  3.53e+01
 80.00  -1.00 150.00  44.68   Fe  2.20e-03  3.53e+01
120.00  -1.00 150.00  61.92    p  2.37e+01  5.81e+01
120.00  -1.00 150.00  61.92   He  3.29e+01  5.81e+01
120.00  -1.00 150.00  61.92    C  1.02e+00  5.81e+01
120.00  -1.00 150.00  61.92    N  8.30e-02  5.81e+01
120.00  -1.00 150.00  61.92    O  2.58e-01  5.81e+01
120.00  -1.00 150.00  61.92    F  2.35e-06  5.81e+01
120.00  -1.00 150.00  61.92   Ne  1.34e-02  5.81e+01
120.00  -1.00 150.00  61.92   Mg  3.46e-03  5.81e+01
120.00  -1.00 150.00  61.92   Si  5.22e-03  5.81e+01
120.00  -1.00 150.00  61.92    S  2.11e-03  5.81e+01
120.00  -1.00 150.00  61.92   Fe  3.91e-03  5.81e+01
