#---Details of Columns:
#    M0 (solMass)          (F6.2)  [1/6.5] Initial mass [ucd=phys.mass]
#    [Fe/H]                (F7.2)  Initial metallicity [ucd=phys.abund.Z]
#    vel (km/s)            (F7.2)  Initial rotation [ucd=phys.mass]
#    M1 (solMass)          (F7.2)  Final mass (1) [ucd=phys.mass]
#    El                    (a4)    Species i (2) [ucd=phys.atmol.element]
#    M(i)lost (solMass)    (D9.2)  Mass of species i lost in the wind [ucd=phys.mass]
#    M(i)lostall (solMass) (D9.2)  Total mass lost in the wind [ucd=phys.mass]
#----- ------ ------ ------ ---- --------- -----------
#M0                                                                 
#(sol         vel    M1 (so      M(i)lost  M(i)lostall
#Mass) Z0     (km/s) lMass) El   (solMass) (solMass)  
#----- ------ ------ ------ ---- --------- -----------
 13.00  -1.00   0.00   1.57    p  6.21e+00  1.14e+01
 13.00  -1.00   0.00   1.57   He  4.57e+00  1.14e+01
 13.00  -1.00   0.00   1.57    C  1.34e-01  1.14e+01
 13.00  -1.00   0.00   1.57    N  7.69e-03  1.14e+01
 13.00  -1.00   0.00   1.57    O  2.79e-01  1.14e+01
 13.00  -1.00   0.00   1.57    F  3.89e-07  1.14e+01
 13.00  -1.00   0.00   1.57   Ne  5.32e-02  1.14e+01
 13.00  -1.00   0.00   1.57   Mg  2.23e-02  1.14e+01
 13.00  -1.00   0.00   1.57   Si  5.30e-02  1.14e+01
 13.00  -1.00   0.00   1.57    S  1.71e-02  1.14e+01
 13.00  -1.00   0.00   1.57   Fe  7.21e-02  1.14e+01
 15.00  -1.00   0.00   1.82    p  6.94e+00  1.32e+01
 15.00  -1.00   0.00   1.82   He  4.74e+00  1.32e+01
 15.00  -1.00   0.00   1.82    C  2.59e-01  1.32e+01
 15.00  -1.00   0.00   1.82    N  8.09e-03  1.32e+01
 15.00  -1.00   0.00   1.82    O  8.58e-01  1.32e+01
 15.00  -1.00   0.00   1.82    F  4.29e-07  1.32e+01
 15.00  -1.00   0.00   1.82   Ne  9.74e-02  1.32e+01
 15.00  -1.00   0.00   1.82   Mg  3.27e-02  1.32e+01
 15.00  -1.00   0.00   1.82   Si  1.08e-01  1.32e+01
 15.00  -1.00   0.00   1.82    S  3.74e-02  1.32e+01
 15.00  -1.00   0.00   1.82   Fe  7.34e-02  1.32e+01
 20.00  -1.00   0.00   1.83    p  8.66e+00  1.82e+01
 20.00  -1.00   0.00   1.83   He  6.90e+00  1.82e+01
 20.00  -1.00   0.00   1.83    C  4.05e-01  1.82e+01
 20.00  -1.00   0.00   1.83    N  1.09e-02  1.82e+01
 20.00  -1.00   0.00   1.83    O  1.34e+00  1.82e+01
 20.00  -1.00   0.00   1.83    F  6.42e-07  1.82e+01
 20.00  -1.00   0.00   1.83   Ne  4.78e-01  1.82e+01
 20.00  -1.00   0.00   1.83   Mg  1.20e-01  1.82e+01
 20.00  -1.00   0.00   1.83   Si  1.15e-01  1.82e+01
 20.00  -1.00   0.00   1.83    S  3.05e-02  1.82e+01
 20.00  -1.00   0.00   1.83   Fe  7.37e-02  1.82e+01
 25.00  -1.00   0.00   2.80    p  1.01e+01  2.22e+01
 25.00  -1.00   0.00   2.80   He  7.74e+00  2.22e+01
 25.00  -1.00   0.00   2.80    C  6.86e-01  2.22e+01
 25.00  -1.00   0.00   2.80    N  1.26e-02  2.22e+01
 25.00  -1.00   0.00   2.80    O  2.70e+00  2.22e+01
 25.00  -1.00   0.00   2.80    F  2.55e-06  2.22e+01
 25.00  -1.00   0.00   2.80   Ne  4.76e-01  2.22e+01
 25.00  -1.00   0.00   2.80   Mg  9.25e-02  2.22e+01
 25.00  -1.00   0.00   2.80   Si  1.81e-01  2.22e+01
 25.00  -1.00   0.00   2.80    S  5.53e-02  2.22e+01
 25.00  -1.00   0.00   2.80   Fe  7.34e-02  2.22e+01
 30.00  -1.00   0.00  28.28    p  1.29e+00  1.72e+00
 30.00  -1.00   0.00  28.28   He  4.31e-01  1.72e+00
 30.00  -1.00   0.00  28.28    C  7.55e-04  1.72e+00
 30.00  -1.00   0.00  28.28    N  1.20e-04  1.72e+00
 30.00  -1.00   0.00  28.28    O  3.52e-03  1.72e+00
 30.00  -1.00   0.00  28.28    F  8.75e-08  1.72e+00
 30.00  -1.00   0.00  28.28   Ne  2.17e-04  1.72e+00
 30.00  -1.00   0.00  28.28   Mg  2.18e-04  1.72e+00
 30.00  -1.00   0.00  28.28   Si  2.97e-04  1.72e+00
 30.00  -1.00   0.00  28.28    S  1.20e-04  1.72e+00
 30.00  -1.00   0.00  28.28   Fe  2.24e-04  1.72e+00
 40.00  -1.00   0.00  28.73    p  8.00e+00  1.13e+01
 40.00  -1.00   0.00  28.73   He  3.24e+00  1.13e+01
 40.00  -1.00   0.00  28.73    C  4.11e-03  1.13e+01
 40.00  -1.00   0.00  28.73    N  4.34e-03  1.13e+01
 40.00  -1.00   0.00  28.73    O  2.00e-02  1.13e+01
 40.00  -1.00   0.00  28.73    F  4.95e-07  1.13e+01
 40.00  -1.00   0.00  28.73   Ne  1.39e-03  1.13e+01
 40.00  -1.00   0.00  28.73   Mg  1.42e-03  1.13e+01
 40.00  -1.00   0.00  28.73   Si  1.94e-03  1.13e+01
 40.00  -1.00   0.00  28.73    S  7.86e-04  1.13e+01
 40.00  -1.00   0.00  28.73   Fe  1.47e-03  1.13e+01
 60.00  -1.00   0.00  41.99    p  1.19e+01  1.80e+01
 60.00  -1.00   0.00  41.99   He  6.09e+00  1.80e+01
 60.00  -1.00   0.00  41.99    C  5.28e-03  1.80e+01
 60.00  -1.00   0.00  41.99    N  1.32e-02  1.80e+01
 60.00  -1.00   0.00  41.99    O  2.65e-02  1.80e+01
 60.00  -1.00   0.00  41.99    F  6.28e-07  1.80e+01
 60.00  -1.00   0.00  41.99   Ne  2.15e-03  1.80e+01
 60.00  -1.00   0.00  41.99   Mg  2.23e-03  1.80e+01
 60.00  -1.00   0.00  41.99   Si  3.10e-03  1.80e+01
 60.00  -1.00   0.00  41.99    S  1.25e-03  1.80e+01
 60.00  -1.00   0.00  41.99   Fe  2.34e-03  1.80e+01
 80.00  -1.00   0.00  39.85    p  2.31e+01  4.01e+01
 80.00  -1.00   0.00  39.85   He  1.69e+01  4.01e+01
 80.00  -1.00   0.00  39.85    C  8.48e-03  4.01e+01
 80.00  -1.00   0.00  39.85    N  4.98e-02  4.01e+01
 80.00  -1.00   0.00  39.85    O  4.02e-02  4.01e+01
 80.00  -1.00   0.00  39.85    F  9.67e-07  4.01e+01
 80.00  -1.00   0.00  39.85   Ne  4.57e-03  4.01e+01
 80.00  -1.00   0.00  39.85   Mg  4.83e-03  4.01e+01
 80.00  -1.00   0.00  39.85   Si  6.91e-03  4.01e+01
 80.00  -1.00   0.00  39.85    S  2.80e-03  4.01e+01
 80.00  -1.00   0.00  39.85   Fe  5.23e-03  4.01e+01
120.00  -1.00   0.00  50.68    p  3.16e+01  6.93e+01
120.00  -1.00   0.00  50.68   He  3.71e+01  6.93e+01
120.00  -1.00   0.00  50.68    C  2.43e-01  6.93e+01
120.00  -1.00   0.00  50.68    N  1.06e-01  6.93e+01
120.00  -1.00   0.00  50.68    O  1.75e-01  6.93e+01
120.00  -1.00   0.00  50.68    F  1.22e-06  6.93e+01
120.00  -1.00   0.00  50.68   Ne  9.61e-03  6.93e+01
120.00  -1.00   0.00  50.68   Mg  8.13e-03  6.93e+01
120.00  -1.00   0.00  50.68   Si  1.19e-02  6.93e+01
120.00  -1.00   0.00  50.68    S  4.83e-03  6.93e+01
120.00  -1.00   0.00  50.68   Fe  9.02e-03  6.93e+01
