#---Details of Columns:
#    M0 (solMass)          (F6.2)  [1/6.5] Initial mass [ucd=phys.mass]
#    [Fe/H]                (F7.2)  Initial metallicity [ucd=phys.abund.Z]
#    vel (km/s)            (F7.2)  Initial rotation [ucd=phys.mass]
#    M1 (solMass)          (F7.2)  Final mass (1) [ucd=phys.mass]
#    El                    (a4)    Species i (2) [ucd=phys.atmol.element]
#    M(i)lost (solMass)    (D9.2)  Mass of species i lost in the wind [ucd=phys.mass]
#    M(i)lostall (solMass) (D9.2)  Total mass lost in the wind [ucd=phys.mass]
#----- ------ ------ ------ ---- --------- -----------
#M0                                                                 
#(sol         vel    M1 (so      M(i)lost  M(i)lostall
#Mass) Z0     (km/s) lMass) El   (solMass) (solMass)  
#----- ------ ------ ------ ---- --------- -----------
 13.00  -2.00 300.00   2.16    p  4.43e+00  1.08e+01
 13.00  -2.00 300.00   2.16   He  3.68e+00  1.08e+01
 13.00  -2.00 300.00   2.16    C  1.48e-01  1.08e+01
 13.00  -2.00 300.00   2.16    N  6.90e-02  1.08e+01
 13.00  -2.00 300.00   2.16    O  1.25e+00  1.08e+01
 13.00  -2.00 300.00   2.16    F  2.76e-05  1.08e+01
 13.00  -2.00 300.00   2.16   Ne  1.25e-01  1.08e+01
 13.00  -2.00 300.00   2.16   Mg  5.30e-02  1.08e+01
 13.00  -2.00 300.00   2.16   Si  3.78e-01  1.08e+01
 13.00  -2.00 300.00   2.16    S  3.40e-01  1.08e+01
 13.00  -2.00 300.00   2.16   Fe  8.38e-02  1.08e+01
 15.00  -2.00 300.00   2.42    p  5.06e+00  1.26e+01
 15.00  -2.00 300.00   2.42   He  4.25e+00  1.26e+01
 15.00  -2.00 300.00   2.42    C  1.85e-01  1.26e+01
 15.00  -2.00 300.00   2.42    N  6.47e-02  1.26e+01
 15.00  -2.00 300.00   2.42    O  1.60e+00  1.26e+01
 15.00  -2.00 300.00   2.42    F  5.00e-05  1.26e+01
 15.00  -2.00 300.00   2.42   Ne  1.63e-01  1.26e+01
 15.00  -2.00 300.00   2.42   Mg  7.43e-02  1.26e+01
 15.00  -2.00 300.00   2.42   Si  4.27e-01  1.26e+01
 15.00  -2.00 300.00   2.42    S  3.57e-01  1.26e+01
 15.00  -2.00 300.00   2.42   Fe  9.97e-02  1.26e+01
 20.00  -2.00 300.00   3.78    p  6.37e+00  1.62e+01
 20.00  -2.00 300.00   3.78   He  4.89e+00  1.62e+01
 20.00  -2.00 300.00   3.78    C  3.16e-01  1.62e+01
 20.00  -2.00 300.00   3.78    N  1.59e-02  1.62e+01
 20.00  -2.00 300.00   3.78    O  3.71e+00  1.62e+01
 20.00  -2.00 300.00   3.78    F  1.96e-04  1.62e+01
 20.00  -2.00 300.00   3.78   Ne  2.96e-01  1.62e+01
 20.00  -2.00 300.00   3.78   Mg  1.13e-01  1.62e+01
 20.00  -2.00 300.00   3.78   Si  2.03e-01  1.62e+01
 20.00  -2.00 300.00   3.78    S  1.24e-01  1.62e+01
 20.00  -2.00 300.00   3.78   Fe  7.54e-02  1.62e+01
 25.00  -2.00 300.00   3.52    p  7.98e+00  2.15e+01
 25.00  -2.00 300.00   3.52   He  5.06e+00  2.15e+01
 25.00  -2.00 300.00   3.52    C  1.02e+00  2.15e+01
 25.00  -2.00 300.00   3.52    N  6.22e-03  2.15e+01
 25.00  -2.00 300.00   3.52    O  5.94e+00  2.15e+01
 25.00  -2.00 300.00   3.52    F  7.92e-04  2.15e+01
 25.00  -2.00 300.00   3.52   Ne  8.08e-01  2.15e+01
 25.00  -2.00 300.00   3.52   Mg  1.49e-01  2.15e+01
 25.00  -2.00 300.00   3.52   Si  2.73e-01  2.15e+01
 25.00  -2.00 300.00   3.52    S  9.75e-02  2.15e+01
 25.00  -2.00 300.00   3.52   Fe  7.19e-02  2.15e+01
 30.00  -2.00 300.00  15.06    p  9.51e+00  1.49e+01
 30.00  -2.00 300.00  15.06   He  5.37e+00  1.49e+01
 30.00  -2.00 300.00  15.06    C  3.42e-02  1.49e+01
 30.00  -2.00 300.00  15.06    N  1.52e-02  1.49e+01
 30.00  -2.00 300.00  15.06    O  8.24e-03  1.49e+01
 30.00  -2.00 300.00  15.06    F  5.01e-08  1.49e+01
 30.00  -2.00 300.00  15.06   Ne  2.47e-04  1.49e+01
 30.00  -2.00 300.00  15.06   Mg  1.81e-04  1.49e+01
 30.00  -2.00 300.00  15.06   Si  2.59e-04  1.49e+01
 30.00  -2.00 300.00  15.06    S  1.04e-04  1.49e+01
 30.00  -2.00 300.00  15.06   Fe  1.94e-04  1.49e+01
 40.00  -2.00 300.00  22.94    p  1.14e+01  1.71e+01
 40.00  -2.00 300.00  22.94   He  5.59e+00  1.71e+01
 40.00  -2.00 300.00  22.94    C  3.60e-02  1.71e+01
 40.00  -2.00 300.00  22.94    N  4.93e-02  1.71e+01
 40.00  -2.00 300.00  22.94    O  2.17e-02  1.71e+01
 40.00  -2.00 300.00  22.94    F  6.01e-08  1.71e+01
 40.00  -2.00 300.00  22.94   Ne  4.33e-04  1.71e+01
 40.00  -2.00 300.00  22.94   Mg  2.08e-04  1.71e+01
 40.00  -2.00 300.00  22.94   Si  2.95e-04  1.71e+01
 40.00  -2.00 300.00  22.94    S  1.19e-04  1.71e+01
 40.00  -2.00 300.00  22.94   Fe  2.21e-04  1.71e+01
 60.00  -2.00 300.00  37.42    p  1.43e+01  2.26e+01
 60.00  -2.00 300.00  37.42   He  7.88e+00  2.26e+01
 60.00  -2.00 300.00  37.42    C  2.45e-01  2.26e+01
 60.00  -2.00 300.00  37.42    N  7.64e-02  2.26e+01
 60.00  -2.00 300.00  37.42    O  8.23e-02  2.26e+01
 60.00  -2.00 300.00  37.42    F  1.05e-07  2.26e+01
 60.00  -2.00 300.00  37.42   Ne  1.99e-03  2.26e+01
 60.00  -2.00 300.00  37.42   Mg  2.89e-04  2.26e+01
 60.00  -2.00 300.00  37.42   Si  3.97e-04  2.26e+01
 60.00  -2.00 300.00  37.42    S  1.58e-04  2.26e+01
 60.00  -2.00 300.00  37.42   Fe  2.87e-04  2.26e+01
 80.00  -2.00 300.00  47.00    p  1.77e+01  3.30e+01
 80.00  -2.00 300.00  47.00   He  1.46e+01  3.30e+01
 80.00  -2.00 300.00  47.00    C  5.06e-01  3.30e+01
 80.00  -2.00 300.00  47.00    N  6.30e-02  3.30e+01
 80.00  -2.00 300.00  47.00    O  1.31e-01  3.30e+01
 80.00  -2.00 300.00  47.00    F  2.44e-07  3.30e+01
 80.00  -2.00 300.00  47.00   Ne  1.72e-03  3.30e+01
 80.00  -2.00 300.00  47.00   Mg  3.93e-04  3.30e+01
 80.00  -2.00 300.00  47.00   Si  5.88e-04  3.30e+01
 80.00  -2.00 300.00  47.00    S  2.30e-04  3.30e+01
 80.00  -2.00 300.00  47.00   Fe  4.24e-04  3.30e+01
120.00  -2.00 300.00  70.37    p  1.94e+01  4.96e+01
120.00  -2.00 300.00  70.37   He  2.86e+01  4.96e+01
120.00  -2.00 300.00  70.37    C  1.23e+00  4.96e+01
120.00  -2.00 300.00  70.37    N  6.03e-02  4.96e+01
120.00  -2.00 300.00  70.37    O  3.18e-01  4.96e+01
120.00  -2.00 300.00  70.37    F  1.63e-07  4.96e+01
120.00  -2.00 300.00  70.37   Ne  3.39e-03  4.96e+01
120.00  -2.00 300.00  70.37   Mg  5.60e-04  4.96e+01
120.00  -2.00 300.00  70.37   Si  9.28e-04  4.96e+01
120.00  -2.00 300.00  70.37    S  3.47e-04  4.96e+01
120.00  -2.00 300.00  70.37   Fe  6.29e-04  4.96e+01
