#---Details of Columns:
#    M0 (solMass)          (F6.2)  [1/6.5] Initial mass [ucd=phys.mass]
#    [Fe/H]                (F7.2)  Initial metallicity [ucd=phys.abund.Z]
#    vel (km/s)            (F7.2)  Initial rotation [ucd=phys.mass]
#    M1 (solMass)          (F7.2)  Final mass (1) [ucd=phys.mass]
#    El                    (a4)    Species i (2) [ucd=phys.atmol.element]
#    M(i)lost (solMass)    (D9.2)  Mass of species i lost in the wind [ucd=phys.mass]
#    M(i)lostall (solMass) (D9.2)  Total mass lost in the wind [ucd=phys.mass]
#----- ------ ------ ------ ---- --------- -----------
#M0                                                                 
#(sol         vel    M1 (so      M(i)lost  M(i)lostall
#Mass) Z0     (km/s) lMass) El   (solMass) (solMass)  
#----- ------ ------ ------ ---- --------- -----------
 13.00  -1.00 300.00   2.24    p  4.41e+00  1.08e+01
 13.00  -1.00 300.00   2.24   He  3.66e+00  1.08e+01
 13.00  -1.00 300.00   2.24    C  1.50e-01  1.08e+01
 13.00  -1.00 300.00   2.24    N  6.30e-02  1.08e+01
 13.00  -1.00 300.00   2.24    O  1.26e+00  1.08e+01
 13.00  -1.00 300.00   2.24    F  2.56e-05  1.08e+01
 13.00  -1.00 300.00   2.24   Ne  1.23e-01  1.08e+01
 13.00  -1.00 300.00   2.24   Mg  5.34e-02  1.08e+01
 13.00  -1.00 300.00   2.24   Si  3.75e-01  1.08e+01
 13.00  -1.00 300.00   2.24    S  3.28e-01  1.08e+01
 13.00  -1.00 300.00   2.24   Fe  9.09e-02  1.08e+01
 15.00  -1.00 300.00   2.40    p  4.99e+00  1.26e+01
 15.00  -1.00 300.00   2.40   He  4.26e+00  1.26e+01
 15.00  -1.00 300.00   2.40    C  1.94e-01  1.26e+01
 15.00  -1.00 300.00   2.40    N  6.48e-02  1.26e+01
 15.00  -1.00 300.00   2.40    O  1.64e+00  1.26e+01
 15.00  -1.00 300.00   2.40    F  7.28e-05  1.26e+01
 15.00  -1.00 300.00   2.40   Ne  1.51e-01  1.26e+01
 15.00  -1.00 300.00   2.40   Mg  6.71e-02  1.26e+01
 15.00  -1.00 300.00   2.40   Si  4.43e-01  1.26e+01
 15.00  -1.00 300.00   2.40    S  3.81e-01  1.26e+01
 15.00  -1.00 300.00   2.40   Fe  9.64e-02  1.26e+01
 20.00  -1.00 300.00   3.52    p  6.29e+00  1.65e+01
 20.00  -1.00 300.00   3.52   He  5.35e+00  1.65e+01
 20.00  -1.00 300.00   3.52    C  4.38e-01  1.65e+01
 20.00  -1.00 300.00   3.52    N  2.85e-02  1.65e+01
 20.00  -1.00 300.00   3.52    O  3.52e+00  1.65e+01
 20.00  -1.00 300.00   3.52    F  2.21e-04  1.65e+01
 20.00  -1.00 300.00   3.52   Ne  2.65e-01  1.65e+01
 20.00  -1.00 300.00   3.52   Mg  9.85e-02  1.65e+01
 20.00  -1.00 300.00   3.52   Si  2.00e-01  1.65e+01
 20.00  -1.00 300.00   3.52    S  1.11e-01  1.65e+01
 20.00  -1.00 300.00   3.52   Fe  7.58e-02  1.65e+01
 25.00  -1.00 300.00   3.39    p  7.82e+00  2.16e+01
 25.00  -1.00 300.00   3.39   He  5.44e+00  2.16e+01
 25.00  -1.00 300.00   3.39    C  9.82e-01  2.16e+01
 25.00  -1.00 300.00   3.39    N  1.87e-02  2.16e+01
 25.00  -1.00 300.00   3.39    O  5.82e+00  2.16e+01
 25.00  -1.00 300.00   3.39    F  8.75e-04  2.16e+01
 25.00  -1.00 300.00   3.39   Ne  8.33e-01  2.16e+01
 25.00  -1.00 300.00   3.39   Mg  1.55e-01  2.16e+01
 25.00  -1.00 300.00   3.39   Si  2.67e-01  2.16e+01
 25.00  -1.00 300.00   3.39    S  9.48e-02  2.16e+01
 25.00  -1.00 300.00   3.39   Fe  7.25e-02  2.16e+01
 30.00  -1.00 300.00  15.38    p  9.01e+00  1.46e+01
 30.00  -1.00 300.00  15.38   He  5.56e+00  1.46e+01
 30.00  -1.00 300.00  15.38    C  2.25e-02  1.46e+01
 30.00  -1.00 300.00  15.38    N  2.02e-02  1.46e+01
 30.00  -1.00 300.00  15.38    O  1.02e-02  1.46e+01
 30.00  -1.00 300.00  15.38    F  8.76e-08  1.46e+01
 30.00  -1.00 300.00  15.38   Ne  7.43e-04  1.46e+01
 30.00  -1.00 300.00  15.38   Mg  7.24e-04  1.46e+01
 30.00  -1.00 300.00  15.38   Si  1.02e-03  1.46e+01
 30.00  -1.00 300.00  15.38    S  4.11e-04  1.46e+01
 30.00  -1.00 300.00  15.38   Fe  7.68e-04  1.46e+01
 40.00  -1.00 300.00  22.13    p  1.11e+01  1.79e+01
 40.00  -1.00 300.00  22.13   He  6.60e+00  1.79e+01
 40.00  -1.00 300.00  22.13    C  5.66e-02  1.79e+01
 40.00  -1.00 300.00  22.13    N  6.33e-02  1.79e+01
 40.00  -1.00 300.00  22.13    O  4.08e-02  1.79e+01
 40.00  -1.00 300.00  22.13    F  1.37e-07  1.79e+01
 40.00  -1.00 300.00  22.13   Ne  1.50e-03  1.79e+01
 40.00  -1.00 300.00  22.13   Mg  9.66e-04  1.79e+01
 40.00  -1.00 300.00  22.13   Si  1.36e-03  1.79e+01
 40.00  -1.00 300.00  22.13    S  5.51e-04  1.79e+01
 40.00  -1.00 300.00  22.13   Fe  1.02e-03  1.79e+01
 60.00  -1.00 300.00  33.93    p  1.44e+01  2.61e+01
 60.00  -1.00 300.00  33.93   He  1.09e+01  2.61e+01
 60.00  -1.00 300.00  33.93    C  5.66e-01  2.61e+01
 60.00  -1.00 300.00  33.93    N  7.07e-02  2.61e+01
 60.00  -1.00 300.00  33.93    O  1.25e-01  2.61e+01
 60.00  -1.00 300.00  33.93    F  1.17e-06  2.61e+01
 60.00  -1.00 300.00  33.93   Ne  7.60e-03  2.61e+01
 60.00  -1.00 300.00  33.93   Mg  1.54e-03  2.61e+01
 60.00  -1.00 300.00  33.93   Si  2.22e-03  2.61e+01
 60.00  -1.00 300.00  33.93    S  8.95e-04  2.61e+01
 60.00  -1.00 300.00  33.93   Fe  1.67e-03  2.61e+01
 80.00  -1.00 300.00  41.77    p  1.80e+01  3.82e+01
 80.00  -1.00 300.00  41.77   He  1.91e+01  3.82e+01
 80.00  -1.00 300.00  41.77    C  8.37e-01  3.82e+01
 80.00  -1.00 300.00  41.77    N  6.44e-02  3.82e+01
 80.00  -1.00 300.00  41.77    O  1.66e-01  3.82e+01
 80.00  -1.00 300.00  41.77    F  2.30e-06  3.82e+01
 80.00  -1.00 300.00  41.77   Ne  1.03e-02  3.82e+01
 80.00  -1.00 300.00  41.77   Mg  2.21e-03  3.82e+01
 80.00  -1.00 300.00  41.77   Si  3.28e-03  3.82e+01
 80.00  -1.00 300.00  41.77    S  1.32e-03  3.82e+01
 80.00  -1.00 300.00  41.77   Fe  2.46e-03  3.82e+01
120.00  -1.00 300.00  59.91    p  2.18e+01  6.01e+01
120.00  -1.00 300.00  59.91   He  3.64e+01  6.01e+01
120.00  -1.00 300.00  59.91    C  1.48e+00  6.01e+01
120.00  -1.00 300.00  59.91    N  8.26e-02  6.01e+01
120.00  -1.00 300.00  59.91    O  3.13e-01  6.01e+01
120.00  -1.00 300.00  59.91    F  2.97e-06  6.01e+01
120.00  -1.00 300.00  59.91   Ne  1.55e-02  6.01e+01
120.00  -1.00 300.00  59.91   Mg  3.53e-03  6.01e+01
120.00  -1.00 300.00  59.91   Si  5.41e-03  6.01e+01
120.00  -1.00 300.00  59.91    S  2.17e-03  6.01e+01
120.00  -1.00 300.00  59.91   Fe  4.02e-03  6.01e+01
