#---Details of Columns:
#    M0 (solMass)          (F6.2)  [1/6.5] Initial mass [ucd=phys.mass]
#    [Fe/H]                (F7.2)  Initial metallicity [ucd=phys.abund.Z]
#    vel (km/s)            (F7.2)  Initial rotation [ucd=phys.mass]
#    M1 (solMass)          (F7.2)  Final mass (1) [ucd=phys.mass]
#    El                    (a4)    Species i (2) [ucd=phys.atmol.element]
#    M(i)lost (solMass)    (D9.2)  Mass of species i lost in the wind [ucd=phys.mass]
#    M(i)lostall (solMass) (D9.2)  Total mass lost in the wind [ucd=phys.mass]
#----- ------ ------ ------ ---- --------- -----------
#M0                                                                 
#(sol         vel    M1 (so      M(i)lost  M(i)lostall
#Mass) Z0     (km/s) lMass) El   (solMass) (solMass)  
#----- ------ ------ ------ ---- --------- -----------
 13.00  -2.00 150.00   2.23    p  4.88e+00  1.08e+01
 13.00  -2.00 150.00   2.23   He  3.82e+00  1.08e+01
 13.00  -2.00 150.00   2.23    C  2.85e-01  1.08e+01
 13.00  -2.00 150.00   2.23    N  4.30e-02  1.08e+01
 13.00  -2.00 150.00   2.23    O  1.47e+00  1.08e+01
 13.00  -2.00 150.00   2.23    F  8.34e-05  1.08e+01
 13.00  -2.00 150.00   2.23   Ne  9.00e-02  1.08e+01
 13.00  -2.00 150.00   2.23   Mg  2.52e-02  1.08e+01
 13.00  -2.00 150.00   2.23   Si  7.78e-02  1.08e+01
 13.00  -2.00 150.00   2.23    S  3.16e-02  1.08e+01
 13.00  -2.00 150.00   2.23   Fe  7.29e-02  1.08e+01
 15.00  -2.00 150.00   2.27    p  5.46e+00  1.27e+01
 15.00  -2.00 150.00   2.27   He  4.42e+00  1.27e+01
 15.00  -2.00 150.00   2.27    C  3.80e-01  1.27e+01
 15.00  -2.00 150.00   2.27    N  3.61e-02  1.27e+01
 15.00  -2.00 150.00   2.27    O  1.89e+00  1.27e+01
 15.00  -2.00 150.00   2.27    F  1.03e-03  1.27e+01
 15.00  -2.00 150.00   2.27   Ne  9.00e-02  1.27e+01
 15.00  -2.00 150.00   2.27   Mg  1.50e-02  1.27e+01
 15.00  -2.00 150.00   2.27   Si  1.88e-01  1.27e+01
 15.00  -2.00 150.00   2.27    S  1.59e-01  1.27e+01
 15.00  -2.00 150.00   2.27   Fe  7.36e-02  1.27e+01
 20.00  -2.00 150.00   2.94    p  7.09e+00  1.71e+01
 20.00  -2.00 150.00   2.94   He  5.67e+00  1.71e+01
 20.00  -2.00 150.00   2.94    C  5.53e-01  1.71e+01
 20.00  -2.00 150.00   2.94    N  6.98e-02  1.71e+01
 20.00  -2.00 150.00   2.94    O  3.12e+00  1.71e+01
 20.00  -2.00 150.00   2.94    F  7.23e-04  1.71e+01
 20.00  -2.00 150.00   2.94   Ne  1.49e-01  1.71e+01
 20.00  -2.00 150.00   2.94   Mg  5.83e-02  1.71e+01
 20.00  -2.00 150.00   2.94   Si  1.80e-01  1.71e+01
 20.00  -2.00 150.00   2.94    S  6.66e-02  1.71e+01
 20.00  -2.00 150.00   2.94   Fe  7.30e-02  1.71e+01
 25.00  -2.00 150.00   3.14    p  8.65e+00  2.19e+01
 25.00  -2.00 150.00   3.14   He  6.77e+00  2.19e+01
 25.00  -2.00 150.00   3.14    C  7.05e-01  2.19e+01
 25.00  -2.00 150.00   3.14    N  5.91e-02  2.19e+01
 25.00  -2.00 150.00   3.14    O  4.69e+00  2.19e+01
 25.00  -2.00 150.00   3.14    F  1.87e-04  2.19e+01
 25.00  -2.00 150.00   3.14   Ne  5.09e-01  2.19e+01
 25.00  -2.00 150.00   3.14   Mg  1.22e-01  2.19e+01
 25.00  -2.00 150.00   3.14   Si  2.12e-01  2.19e+01
 25.00  -2.00 150.00   3.14    S  6.81e-02  2.19e+01
 25.00  -2.00 150.00   3.14   Fe  7.30e-02  2.19e+01
 30.00  -2.00 150.00   3.77    p  9.42e+00  2.62e+01
 30.00  -2.00 150.00   3.77   He  6.55e+00  2.62e+01
 30.00  -2.00 150.00   3.77    C  1.38e+00  2.62e+01
 30.00  -2.00 150.00   3.77    N  3.04e-02  2.62e+01
 30.00  -2.00 150.00   3.77    O  7.25e+00  2.62e+01
 30.00  -2.00 150.00   3.77    F  1.32e-03  2.62e+01
 30.00  -2.00 150.00   3.77   Ne  9.58e-01  2.62e+01
 30.00  -2.00 150.00   3.77   Mg  1.82e-01  2.62e+01
 30.00  -2.00 150.00   3.77   Si  2.90e-01  2.62e+01
 30.00  -2.00 150.00   3.77    S  9.22e-02  2.62e+01
 30.00  -2.00 150.00   3.77   Fe  7.26e-02  2.62e+01
 40.00  -2.00 150.00   5.39    p  1.14e+01  3.46e+01
 40.00  -2.00 150.00   5.39   He  6.61e+00  3.46e+01
 40.00  -2.00 150.00   5.39    C  2.11e+00  3.46e+01
 40.00  -2.00 150.00   5.39    N  9.43e-03  3.46e+01
 40.00  -2.00 150.00   5.39    O  1.21e+01  3.46e+01
 40.00  -2.00 150.00   5.39    F  1.94e-04  3.46e+01
 40.00  -2.00 150.00   5.39   Ne  1.21e+00  3.46e+01
 40.00  -2.00 150.00   5.39   Mg  3.95e-01  3.46e+01
 40.00  -2.00 150.00   5.39   Si  5.18e-01  3.46e+01
 40.00  -2.00 150.00   5.39    S  1.74e-01  3.46e+01
 40.00  -2.00 150.00   5.39   Fe  7.39e-02  3.46e+01
 60.00  -2.00 150.00   8.94    p  1.40e+01  5.11e+01
 60.00  -2.00 150.00   8.94   He  8.92e+00  5.11e+01
 60.00  -2.00 150.00   8.94    C  2.52e+00  5.11e+01
 60.00  -2.00 150.00   8.94    N  1.75e-02  5.11e+01
 60.00  -2.00 150.00   8.94    O  2.06e+01  5.11e+01
 60.00  -2.00 150.00   8.94    F  1.72e-04  5.11e+01
 60.00  -2.00 150.00   8.94   Ne  2.38e+00  5.11e+01
 60.00  -2.00 150.00   8.94   Mg  1.34e+00  5.11e+01
 60.00  -2.00 150.00   8.94   Si  9.01e-01  5.11e+01
 60.00  -2.00 150.00   8.94    S  3.15e-01  5.11e+01
 60.00  -2.00 150.00   8.94   Fe  7.54e-02  5.11e+01
 80.00  -2.00 150.00   8.79    p  1.89e+01  7.12e+01
 80.00  -2.00 150.00   8.79   He  1.18e+01  7.12e+01
 80.00  -2.00 150.00   8.79    C  3.04e+00  7.12e+01
 80.00  -2.00 150.00   8.79    N  2.35e-02  7.12e+01
 80.00  -2.00 150.00   8.79    O  3.03e+01  7.12e+01
 80.00  -2.00 150.00   8.79    F  3.03e-04  7.12e+01
 80.00  -2.00 150.00   8.79   Ne  3.47e+00  7.12e+01
 80.00  -2.00 150.00   8.79   Mg  1.88e+00  7.12e+01
 80.00  -2.00 150.00   8.79   Si  1.26e+00  7.12e+01
 80.00  -2.00 150.00   8.79    S  4.32e-01  7.12e+01
 80.00  -2.00 150.00   8.79   Fe  7.72e-02  7.12e+01
120.00  -2.00 150.00  27.95    p  2.44e+01  9.20e+01
120.00  -2.00 150.00  27.95   He  2.36e+01  9.20e+01
120.00  -2.00 150.00  27.95    C  4.09e+00  9.20e+01
120.00  -2.00 150.00  27.95    N  8.22e-02  9.20e+01
120.00  -2.00 150.00  27.95    O  3.63e+01  9.20e+01
120.00  -2.00 150.00  27.95    F  6.02e-08  9.20e+01
120.00  -2.00 150.00  27.95   Ne  2.32e+00  9.20e+01
120.00  -2.00 150.00  27.95   Mg  6.62e-01  9.20e+01
120.00  -2.00 150.00  27.95   Si  2.20e-01  9.20e+01
120.00  -2.00 150.00  27.95    S  7.87e-02  9.20e+01
120.00  -2.00 150.00  27.95   Fe  4.76e-02  9.20e+01
