#---Details of Columns:
#    M0 (solMass)          (F6.2)  [1/6.5] Initial mass [ucd=phys.mass]
#    [Fe/H]                (F7.2)  Initial metallicity [ucd=phys.abund.Z]
#    vel (km/s)            (F7.2)  Initial rotation [ucd=phys.mass]
#    M1 (solMass)          (F7.2)  Final mass (1) [ucd=phys.mass]
#    El                    (a4)    Species i (2) [ucd=phys.atmol.element]
#    M(i)lost (solMass)    (D9.2)  Mass of species i lost in the wind [ucd=phys.mass]
#    M(i)lostall (solMass) (D9.2)  Total mass lost in the wind [ucd=phys.mass]
#----- ------ ------ ------ ---- --------- -----------
#M0                                                                 
#(sol         vel    M1 (so      M(i)lost  M(i)lostall
#Mass) Z0     (km/s) lMass) El   (solMass) (solMass)  
#----- ------ ------ ------ ---- --------- -----------
 13.00  -1.00 150.00   2.14    p  4.83e+00  1.09e+01
 13.00  -1.00 150.00   2.14   He  3.85e+00  1.09e+01
 13.00  -1.00 150.00   2.14    C  3.09e-01  1.09e+01
 13.00  -1.00 150.00   2.14    N  6.39e-02  1.09e+01
 13.00  -1.00 150.00   2.14    O  1.40e+00  1.09e+01
 13.00  -1.00 150.00   2.14    F  4.16e-05  1.09e+01
 13.00  -1.00 150.00   2.14   Ne  1.15e-01  1.09e+01
 13.00  -1.00 150.00   2.14   Mg  2.86e-02  1.09e+01
 13.00  -1.00 150.00   2.14   Si  1.01e-01  1.09e+01
 13.00  -1.00 150.00   2.14    S  6.58e-02  1.09e+01
 13.00  -1.00 150.00   2.14   Fe  7.43e-02  1.09e+01
 15.00  -1.00 150.00   2.40    p  5.39e+00  1.26e+01
 15.00  -1.00 150.00   2.40   He  4.42e+00  1.26e+01
 15.00  -1.00 150.00   2.40    C  3.95e-01  1.26e+01
 15.00  -1.00 150.00   2.40    N  7.92e-02  1.26e+01
 15.00  -1.00 150.00   2.40    O  1.75e+00  1.26e+01
 15.00  -1.00 150.00   2.40    F  1.02e-04  1.26e+01
 15.00  -1.00 150.00   2.40   Ne  1.07e-01  1.26e+01
 15.00  -1.00 150.00   2.40   Mg  2.53e-02  1.26e+01
 15.00  -1.00 150.00   2.40   Si  1.69e-01  1.26e+01
 15.00  -1.00 150.00   2.40    S  1.56e-01  1.26e+01
 15.00  -1.00 150.00   2.40   Fe  7.55e-02  1.26e+01
 20.00  -1.00 150.00   3.00    p  6.72e+00  1.70e+01
 20.00  -1.00 150.00   3.00   He  5.80e+00  1.70e+01
 20.00  -1.00 150.00   3.00    C  5.71e-01  1.70e+01
 20.00  -1.00 150.00   3.00    N  1.14e-01  1.70e+01
 20.00  -1.00 150.00   3.00    O  3.20e+00  1.70e+01
 20.00  -1.00 150.00   3.00    F  2.61e-04  1.70e+01
 20.00  -1.00 150.00   3.00   Ne  1.48e-01  1.70e+01
 20.00  -1.00 150.00   3.00   Mg  5.70e-02  1.70e+01
 20.00  -1.00 150.00   3.00   Si  2.15e-01  1.70e+01
 20.00  -1.00 150.00   3.00    S  8.33e-02  1.70e+01
 20.00  -1.00 150.00   3.00   Fe  7.44e-02  1.70e+01
 25.00  -1.00 150.00   3.06    p  8.41e+00  2.19e+01
 25.00  -1.00 150.00   3.06   He  6.92e+00  2.19e+01
 25.00  -1.00 150.00   3.06    C  8.03e-01  2.19e+01
 25.00  -1.00 150.00   3.06    N  3.53e-02  2.19e+01
 25.00  -1.00 150.00   3.06    O  4.73e+00  2.19e+01
 25.00  -1.00 150.00   3.06    F  2.73e-04  2.19e+01
 25.00  -1.00 150.00   3.06   Ne  5.28e-01  2.19e+01
 25.00  -1.00 150.00   3.06   Mg  1.36e-01  2.19e+01
 25.00  -1.00 150.00   3.06   Si  2.22e-01  2.19e+01
 25.00  -1.00 150.00   3.06    S  7.36e-02  2.19e+01
 25.00  -1.00 150.00   3.06   Fe  7.46e-02  2.19e+01
 30.00  -1.00 150.00   3.83    p  9.49e+00  2.62e+01
 30.00  -1.00 150.00   3.83   He  7.34e+00  2.62e+01
 30.00  -1.00 150.00   3.83    C  1.27e+00  2.62e+01
 30.00  -1.00 150.00   3.83    N  1.88e-02  2.62e+01
 30.00  -1.00 150.00   3.83    O  6.73e+00  2.62e+01
 30.00  -1.00 150.00   3.83    F  3.97e-04  2.62e+01
 30.00  -1.00 150.00   3.83   Ne  7.30e-01  2.62e+01
 30.00  -1.00 150.00   3.83   Mg  1.56e-01  2.62e+01
 30.00  -1.00 150.00   3.83   Si  2.90e-01  2.62e+01
 30.00  -1.00 150.00   3.83    S  1.03e-01  2.62e+01
 30.00  -1.00 150.00   3.83   Fe  7.44e-02  2.62e+01
 40.00  -1.00 150.00   5.09    p  1.16e+01  3.49e+01
 40.00  -1.00 150.00   5.09   He  7.95e+00  3.49e+01
 40.00  -1.00 150.00   5.09    C  2.13e+00  3.49e+01
 40.00  -1.00 150.00   5.09    N  3.28e-02  3.49e+01
 40.00  -1.00 150.00   5.09    O  1.10e+01  3.49e+01
 40.00  -1.00 150.00   5.09    F  1.12e-04  3.49e+01
 40.00  -1.00 150.00   5.09   Ne  1.19e+00  3.49e+01
 40.00  -1.00 150.00   5.09   Mg  3.53e-01  3.49e+01
 40.00  -1.00 150.00   5.09   Si  4.70e-01  3.49e+01
 40.00  -1.00 150.00   5.09    S  1.57e-01  3.49e+01
 40.00  -1.00 150.00   5.09   Fe  7.50e-02  3.49e+01
 60.00  -1.00 150.00   7.06    p  1.54e+01  5.29e+01
 60.00  -1.00 150.00   7.06   He  1.24e+01  5.29e+01
 60.00  -1.00 150.00   7.06    C  3.49e+00  5.29e+01
 60.00  -1.00 150.00   7.06    N  3.78e-02  5.29e+01
 60.00  -1.00 150.00   7.06    O  1.77e+01  5.29e+01
 60.00  -1.00 150.00   7.06    F  7.93e-05  5.29e+01
 60.00  -1.00 150.00   7.06   Ne  2.01e+00  5.29e+01
 60.00  -1.00 150.00   7.06   Mg  8.64e-01  5.29e+01
 60.00  -1.00 150.00   7.06   Si  7.87e-01  5.29e+01
 60.00  -1.00 150.00   7.06    S  2.55e-01  5.29e+01
 60.00  -1.00 150.00   7.06   Fe  7.77e-02  5.29e+01
 80.00  -1.00 150.00   9.42    p  1.90e+01  7.06e+01
 80.00  -1.00 150.00   9.42   He  1.62e+01  7.06e+01
 80.00  -1.00 150.00   9.42    C  4.29e+00  7.06e+01
 80.00  -1.00 150.00   9.42    N  5.14e-02  7.06e+01
 80.00  -1.00 150.00   9.42    O  2.53e+01  7.06e+01
 80.00  -1.00 150.00   9.42    F  1.00e-04  7.06e+01
 80.00  -1.00 150.00   9.42   Ne  2.66e+00  7.06e+01
 80.00  -1.00 150.00   9.42   Mg  1.26e+00  7.06e+01
 80.00  -1.00 150.00   9.42   Si  1.30e+00  7.06e+01
 80.00  -1.00 150.00   9.42    S  4.45e-01  7.06e+01
 80.00  -1.00 150.00   9.42   Fe  8.09e-02  7.06e+01
120.00  -1.00 150.00  50.10    p  2.37e+01  6.99e+01
120.00  -1.00 150.00  50.10   He  3.33e+01  6.99e+01
120.00  -1.00 150.00  50.10    C  2.63e+00  6.99e+01
120.00  -1.00 150.00  50.10    N  8.30e-02  6.99e+01
120.00  -1.00 150.00  50.10    O  8.29e+00  6.99e+01
120.00  -1.00 150.00  50.10    F  2.37e-06  6.99e+01
120.00  -1.00 150.00  50.10   Ne  7.52e-01  6.99e+01
120.00  -1.00 150.00  50.10   Mg  4.98e-01  6.99e+01
120.00  -1.00 150.00  50.10   Si  4.60e-01  6.99e+01
120.00  -1.00 150.00  50.10    S  1.49e-01  6.99e+01
120.00  -1.00 150.00  50.10   Fe  3.29e-02  6.99e+01
