#---Details of Columns:
#    M0 (solMass)          (F6.2)  [1/6.5] Initial mass [ucd=phys.mass]
#    [Fe/H]                (F7.2)  Initial metallicity [ucd=phys.abund.Z]
#    vel (km/s)            (F7.2)  Initial rotation [ucd=phys.mass]
#    M1 (solMass)          (F7.2)  Final mass (1) [ucd=phys.mass]
#    El                    (a4)    Species i (2) [ucd=phys.atmol.element]
#    M(i)lost (solMass)    (D9.2)  Mass of species i lost in the wind [ucd=phys.mass]
#    M(i)lostall (solMass) (D9.2)  Total mass lost in the wind [ucd=phys.mass]
#----- ------ ------ ------ ---- --------- -----------
#M0                                                                 
#(sol         vel    M1 (so      M(i)lost  M(i)lostall
#Mass) Z0     (km/s) lMass) El   (solMass) (solMass)  
#----- ------ ------ ------ ---- --------- -----------
 13.00  -0.30 200.00   2.21    p  4.58e+00  1.08e+01
 13.00  -0.30 200.00   2.21   He  3.87e+00  1.08e+01
 13.00  -0.30 200.00   2.21    C  3.17e-01  1.08e+01
 13.00  -0.30 200.00   2.21    N  5.67e-02  1.08e+01
 13.00  -0.30 200.00   2.21    O  1.30e+00  1.08e+01
 13.00  -0.30 200.00   2.21    F  7.61e-05  1.08e+01
 13.00  -0.30 200.00   2.21   Ne  8.83e-02  1.08e+01
 13.00  -0.30 200.00   2.21   Mg  2.94e-02  1.08e+01
 13.00  -0.30 200.00   2.21   Si  1.82e-01  1.08e+01
 13.00  -0.30 200.00   2.21    S  1.48e-01  1.08e+01
 13.00  -0.30 200.00   2.21   Fe  8.50e-02  1.08e+01
 15.00  -0.30 200.00   2.39    p  5.04e+00  1.26e+01
 15.00  -0.30 200.00   2.39   He  4.45e+00  1.26e+01
 15.00  -0.30 200.00   2.39    C  3.69e-01  1.26e+01
 15.00  -0.30 200.00   2.39    N  7.15e-02  1.26e+01
 15.00  -0.30 200.00   2.39    O  1.86e+00  1.26e+01
 15.00  -0.30 200.00   2.39    F  2.22e-04  1.26e+01
 15.00  -0.30 200.00   2.39   Ne  1.24e-01  1.26e+01
 15.00  -0.30 200.00   2.39   Mg  4.38e-02  1.26e+01
 15.00  -0.30 200.00   2.39   Si  2.11e-01  1.26e+01
 15.00  -0.30 200.00   2.39    S  1.50e-01  1.26e+01
 15.00  -0.30 200.00   2.39   Fe  1.57e-01  1.26e+01
 20.00  -0.30 200.00   2.99    p  6.18e+00  1.70e+01
 20.00  -0.30 200.00   2.99   He  6.13e+00  1.70e+01
 20.00  -0.30 200.00   2.99    C  7.76e-01  1.70e+01
 20.00  -0.30 200.00   2.99    N  9.58e-02  1.70e+01
 20.00  -0.30 200.00   2.99    O  3.08e+00  1.70e+01
 20.00  -0.30 200.00   2.99    F  2.86e-04  1.70e+01
 20.00  -0.30 200.00   2.99   Ne  1.89e-01  1.70e+01
 20.00  -0.30 200.00   2.99   Mg  6.71e-02  1.70e+01
 20.00  -0.30 200.00   2.99   Si  2.24e-01  1.70e+01
 20.00  -0.30 200.00   2.99    S  9.04e-02  1.70e+01
 20.00  -0.30 200.00   2.99   Fe  8.08e-02  1.70e+01
 25.00  -0.30 200.00   2.89    p  7.56e+00  2.21e+01
 25.00  -0.30 200.00   2.89   He  7.51e+00  2.21e+01
 25.00  -0.30 200.00   2.89    C  1.01e+00  2.21e+01
 25.00  -0.30 200.00   2.89    N  7.32e-02  2.21e+01
 25.00  -0.30 200.00   2.89    O  4.62e+00  2.21e+01
 25.00  -0.30 200.00   2.89    F  4.56e-04  2.21e+01
 25.00  -0.30 200.00   2.89   Ne  6.42e-01  2.21e+01
 25.00  -0.30 200.00   2.89   Mg  1.49e-01  2.21e+01
 25.00  -0.30 200.00   2.89   Si  2.56e-01  2.21e+01
 25.00  -0.30 200.00   2.89    S  9.02e-02  2.21e+01
 25.00  -0.30 200.00   2.89   Fe  8.25e-02  2.21e+01
 30.00  -0.30 200.00  18.68    p  5.70e+00  1.13e+01
 30.00  -0.30 200.00  18.68   He  5.35e+00  1.13e+01
 30.00  -0.30 200.00  18.68    C  1.14e-01  1.13e+01
 30.00  -0.30 200.00  18.68    N  4.76e-02  1.13e+01
 30.00  -0.30 200.00  18.68    O  4.02e-02  1.13e+01
 30.00  -0.30 200.00  18.68    F  1.71e-06  1.13e+01
 30.00  -0.30 200.00  18.68   Ne  1.16e-02  1.13e+01
 30.00  -0.30 200.00  18.68   Mg  5.11e-03  1.13e+01
 30.00  -0.30 200.00  18.68   Si  5.15e-03  1.13e+01
 30.00  -0.30 200.00  18.68    S  2.34e-03  1.13e+01
 30.00  -0.30 200.00  18.68   Fe  8.98e-03  1.13e+01
 40.00  -0.30 200.00  18.58    p  1.08e+01  2.14e+01
 40.00  -0.30 200.00  18.58   He  1.01e+01  2.14e+01
 40.00  -0.30 200.00  18.58    C  2.12e-01  2.14e+01
 40.00  -0.30 200.00  18.58    N  8.98e-02  2.14e+01
 40.00  -0.30 200.00  18.58    O  6.90e-02  2.14e+01
 40.00  -0.30 200.00  18.58    F  2.83e-06  2.14e+01
 40.00  -0.30 200.00  18.58   Ne  1.89e-02  2.14e+01
 40.00  -0.30 200.00  18.58   Mg  7.83e-03  2.14e+01
 40.00  -0.30 200.00  18.58   Si  8.14e-03  2.14e+01
 40.00  -0.30 200.00  18.58    S  3.66e-03  2.14e+01
 40.00  -0.30 200.00  18.58   Fe  1.33e-02  2.14e+01
 60.00  -0.30 200.00  23.91    p  1.54e+01  3.61e+01
 60.00  -0.30 200.00  23.91   He  1.92e+01  3.61e+01
 60.00  -0.30 200.00  23.91    C  1.05e+00  3.61e+01
 60.00  -0.30 200.00  23.91    N  1.22e-01  3.61e+01
 60.00  -0.30 200.00  23.91    O  1.82e-01  3.61e+01
 60.00  -0.30 200.00  23.91    F  8.89e-06  3.61e+01
 60.00  -0.30 200.00  23.91   Ne  4.36e-02  3.61e+01
 60.00  -0.30 200.00  23.91   Mg  1.25e-02  3.61e+01
 60.00  -0.30 200.00  23.91   Si  1.33e-02  3.61e+01
 60.00  -0.30 200.00  23.91    S  5.95e-03  3.61e+01
 60.00  -0.30 200.00  23.91   Fe  2.13e-02  3.61e+01
 80.00  -0.30 200.00  31.19    p  1.95e+01  4.88e+01
 80.00  -0.30 200.00  31.19   He  2.71e+01  4.88e+01
 80.00  -0.30 200.00  31.19    C  1.62e+00  4.88e+01
 80.00  -0.30 200.00  31.19    N  1.66e-01  4.88e+01
 80.00  -0.30 200.00  31.19    O  2.96e-01  4.88e+01
 80.00  -0.30 200.00  31.19    F  7.23e-06  4.88e+01
 80.00  -0.30 200.00  31.19   Ne  6.23e-02  4.88e+01
 80.00  -0.30 200.00  31.19   Mg  1.72e-02  4.88e+01
 80.00  -0.30 200.00  31.19   Si  1.82e-02  4.88e+01
 80.00  -0.30 200.00  31.19    S  8.17e-03  4.88e+01
 80.00  -0.30 200.00  31.19   Fe  2.94e-02  4.88e+01
120.00  -0.30 200.00  35.83    p  2.77e+01  8.42e+01
120.00  -0.30 200.00  35.83   He  5.38e+01  8.42e+01
120.00  -0.30 200.00  35.83    C  1.86e+00  8.42e+01
120.00  -0.30 200.00  35.83    N  2.96e-01  8.42e+01
120.00  -0.30 200.00  35.83    O  2.91e-01  8.42e+01
120.00  -0.30 200.00  35.83    F  1.21e-05  8.42e+01
120.00  -0.30 200.00  35.83   Ne  9.41e-02  8.42e+01
120.00  -0.30 200.00  35.83   Mg  2.84e-02  8.42e+01
120.00  -0.30 200.00  35.83   Si  3.08e-02  8.42e+01
120.00  -0.30 200.00  35.83    S  1.38e-02  8.42e+01
120.00  -0.30 200.00  35.83   Fe  4.95e-02  8.42e+01
