#---Details of Columns:
#    M0 (solMass)          (F6.2)  [1/6.5] Initial mass [ucd=phys.mass]
#    [Fe/H]                (F7.2)  Initial metallicity [ucd=phys.abund.Z]
#    vel (km/s)            (F7.2)  Initial rotation [ucd=phys.mass]
#    M1 (solMass)          (F7.2)  Final mass (1) [ucd=phys.mass]
#    El                    (a4)    Species i (2) [ucd=phys.atmol.element]
#    M(i)lost (solMass)    (D9.2)  Mass of species i lost in the wind [ucd=phys.mass]
#    M(i)lostall (solMass) (D9.2)  Total mass lost in the wind [ucd=phys.mass]
#----- ------ ------ ------ ---- --------- -----------
#M0                                                                 
#(sol         vel    M1 (so      M(i)lost  M(i)lostall
#Mass) Z0     (km/s) lMass) El   (solMass) (solMass)  
#----- ------ ------ ------ ---- --------- -----------
 13.00  -0.60 300.00   2.30    p  4.36e+00  1.07e+01
 13.00  -0.60 300.00   2.30   He  3.63e+00  1.07e+01
 13.00  -0.60 300.00   2.30    C  1.58e-01  1.07e+01
 13.00  -0.60 300.00   2.30    N  5.20e-02  1.07e+01
 13.00  -0.60 300.00   2.30    O  1.29e+00  1.07e+01
 13.00  -0.60 300.00   2.30    F  2.81e-05  1.07e+01
 13.00  -0.60 300.00   2.30   Ne  1.18e-01  1.07e+01
 13.00  -0.60 300.00   2.30   Mg  5.39e-02  1.07e+01
 13.00  -0.60 300.00   2.30   Si  3.67e-01  1.07e+01
 13.00  -0.60 300.00   2.30    S  3.04e-01  1.07e+01
 13.00  -0.60 300.00   2.30   Fe  1.04e-01  1.07e+01
 15.00  -0.60 300.00   2.40    p  4.86e+00  1.26e+01
 15.00  -0.60 300.00   2.40   He  4.27e+00  1.26e+01
 15.00  -0.60 300.00   2.40    C  2.14e-01  1.26e+01
 15.00  -0.60 300.00   2.40    N  6.50e-02  1.26e+01
 15.00  -0.60 300.00   2.40    O  1.70e+00  1.26e+01
 15.00  -0.60 300.00   2.40    F  1.15e-04  1.26e+01
 15.00  -0.60 300.00   2.40   Ne  1.30e-01  1.26e+01
 15.00  -0.60 300.00   2.40   Mg  5.36e-02  1.26e+01
 15.00  -0.60 300.00   2.40   Si  4.71e-01  1.26e+01
 15.00  -0.60 300.00   2.40    S  4.21e-01  1.26e+01
 15.00  -0.60 300.00   2.40   Fe  9.26e-02  1.26e+01
 20.00  -0.60 300.00   3.00    p  6.15e+00  1.70e+01
 20.00  -0.60 300.00   3.00   He  6.20e+00  1.70e+01
 20.00  -0.60 300.00   3.00    C  6.67e-01  1.70e+01
 20.00  -0.60 300.00   3.00    N  5.29e-02  1.70e+01
 20.00  -0.60 300.00   3.00    O  3.17e+00  1.70e+01
 20.00  -0.60 300.00   3.00    F  2.64e-04  1.70e+01
 20.00  -0.60 300.00   3.00   Ne  2.08e-01  1.70e+01
 20.00  -0.60 300.00   3.00   Mg  7.17e-02  1.70e+01
 20.00  -0.60 300.00   3.00   Si  1.96e-01  1.70e+01
 20.00  -0.60 300.00   3.00    S  8.72e-02  1.70e+01
 20.00  -0.60 300.00   3.00   Fe  7.68e-02  1.70e+01
 25.00  -0.60 300.00   3.20    p  7.51e+00  2.18e+01
 25.00  -0.60 300.00   3.20   He  6.18e+00  2.18e+01
 25.00  -0.60 300.00   3.20    C  9.20e-01  2.18e+01
 25.00  -0.60 300.00   3.20    N  4.26e-02  2.18e+01
 25.00  -0.60 300.00   3.20    O  5.57e+00  2.18e+01
 25.00  -0.60 300.00   3.20    F  1.02e-03  2.18e+01
 25.00  -0.60 300.00   3.20   Ne  8.75e-01  2.18e+01
 25.00  -0.60 300.00   3.20   Mg  1.66e-01  2.18e+01
 25.00  -0.60 300.00   3.20   Si  2.56e-01  2.18e+01
 25.00  -0.60 300.00   3.20    S  9.01e-02  2.18e+01
 25.00  -0.60 300.00   3.20   Fe  7.40e-02  2.18e+01
 30.00  -0.60 300.00  15.84    p  8.07e+00  1.42e+01
 30.00  -0.60 300.00  15.84   He  5.98e+00  1.42e+01
 30.00  -0.60 300.00  15.84    C  5.70e-03  1.42e+01
 30.00  -0.60 300.00  15.84    N  3.07e-02  1.42e+01
 30.00  -0.60 300.00  15.84    O  1.48e-02  1.42e+01
 30.00  -0.60 300.00  15.84    F  2.16e-07  1.42e+01
 30.00  -0.60 300.00  15.84   Ne  2.07e-03  1.42e+01
 30.00  -0.60 300.00  15.84   Mg  1.87e-03  1.42e+01
 30.00  -0.60 300.00  15.84   Si  2.55e-03  1.42e+01
 30.00  -0.60 300.00  15.84    S  1.04e-03  1.42e+01
 30.00  -0.60 300.00  15.84   Fe  2.11e-03  1.42e+01
 40.00  -0.60 300.00  20.61    p  1.06e+01  1.94e+01
 40.00  -0.60 300.00  20.61   He  8.56e+00  1.94e+01
 40.00  -0.60 300.00  20.61    C  1.02e-01  1.94e+01
 40.00  -0.60 300.00  20.61    N  9.03e-02  1.94e+01
 40.00  -0.60 300.00  20.61    O  7.69e-02  1.94e+01
 40.00  -0.60 300.00  20.61    F  4.01e-07  1.94e+01
 40.00  -0.60 300.00  20.61   Ne  4.14e-03  1.94e+01
 40.00  -0.60 300.00  20.61   Mg  2.57e-03  1.94e+01
 40.00  -0.60 300.00  20.61   Si  3.51e-03  1.94e+01
 40.00  -0.60 300.00  20.61    S  1.43e-03  1.94e+01
 40.00  -0.60 300.00  20.61   Fe  2.90e-03  1.94e+01
 60.00  -0.60 300.00  27.37    p  1.46e+01  3.26e+01
 60.00  -0.60 300.00  27.37   He  1.66e+01  3.26e+01
 60.00  -0.60 300.00  27.37    C  1.16e+00  3.26e+01
 60.00  -0.60 300.00  27.37    N  6.29e-02  3.26e+01
 60.00  -0.60 300.00  27.37    O  2.04e-01  3.26e+01
 60.00  -0.60 300.00  27.37    F  3.35e-06  3.26e+01
 60.00  -0.60 300.00  27.37   Ne  1.90e-02  3.26e+01
 60.00  -0.60 300.00  27.37   Mg  4.19e-03  3.26e+01
 60.00  -0.60 300.00  27.37   Si  5.89e-03  3.26e+01
 60.00  -0.60 300.00  27.37    S  2.40e-03  3.26e+01
 60.00  -0.60 300.00  27.37   Fe  4.87e-03  3.26e+01
 80.00  -0.60 300.00  31.92    p  1.86e+01  4.81e+01
 80.00  -0.60 300.00  31.92   He  2.77e+01  4.81e+01
 80.00  -0.60 300.00  31.92    C  1.44e+00  4.81e+01
 80.00  -0.60 300.00  31.92    N  7.15e-02  4.81e+01
 80.00  -0.60 300.00  31.92    O  2.30e-01  4.81e+01
 80.00  -0.60 300.00  31.92    F  6.18e-06  4.81e+01
 80.00  -0.60 300.00  31.92   Ne  2.73e-02  4.81e+01
 80.00  -0.60 300.00  31.92   Mg  6.04e-03  4.81e+01
 80.00  -0.60 300.00  31.92   Si  8.69e-03  4.81e+01
 80.00  -0.60 300.00  31.92    S  3.54e-03  4.81e+01
 80.00  -0.60 300.00  31.92   Fe  7.16e-03  4.81e+01
120.00  -0.60 300.00  40.23    p  2.64e+01  7.98e+01
120.00  -0.60 300.00  40.23   He  5.09e+01  7.98e+01
120.00  -0.60 300.00  40.23    C  1.94e+00  7.98e+01
120.00  -0.60 300.00  40.23    N  1.32e-01  7.98e+01
120.00  -0.60 300.00  40.23    O  3.03e-01  7.98e+01
120.00  -0.60 300.00  40.23    F  8.23e-06  7.98e+01
120.00  -0.60 300.00  40.23   Ne  3.94e-02  7.98e+01
120.00  -0.60 300.00  40.23   Mg  9.79e-03  7.98e+01
120.00  -0.60 300.00  40.23   Si  1.44e-02  7.98e+01
120.00  -0.60 300.00  40.23    S  5.86e-03  7.98e+01
120.00  -0.60 300.00  40.23   Fe  1.18e-02  7.98e+01
