#---Details of Columns:
#    M0 (solMass)          (F6.2)  [1/6.5] Initial mass [ucd=phys.mass]
#    [Fe/H]                (F7.2)  Initial metallicity [ucd=phys.abund.Z]
#    vel (km/s)            (F7.2)  Initial rotation [ucd=phys.mass]
#    M1 (solMass)          (F7.2)  Final mass (1) [ucd=phys.mass]
#    El                    (a4)    Species i (2) [ucd=phys.atmol.element]
#    M(i)lost (solMass)    (D9.2)  Mass of species i lost in the wind [ucd=phys.mass]
#    M(i)lostall (solMass) (D9.2)  Total mass lost in the wind [ucd=phys.mass]
#----- ------ ------ ------ ---- --------- -----------
#M0                                                                 
#(sol         vel    M1 (so      M(i)lost  M(i)lostall
#Mass) Z0     (km/s) lMass) El   (solMass) (solMass)  
#----- ------ ------ ------ ---- --------- -----------
 13.00  -2.00 300.00   2.37    p  4.44e+00  1.06e+01
 13.00  -2.00 300.00   2.37   He  3.69e+00  1.06e+01
 13.00  -2.00 300.00   2.37    C  1.48e-01  1.06e+01
 13.00  -2.00 300.00   2.37    N  7.02e-02  1.06e+01
 13.00  -2.00 300.00   2.37    O  1.31e+00  1.06e+01
 13.00  -2.00 300.00   2.37    F  2.76e-05  1.06e+01
 13.00  -2.00 300.00   2.37   Ne  1.26e-01  1.06e+01
 13.00  -2.00 300.00   2.37   Mg  5.30e-02  1.06e+01
 13.00  -2.00 300.00   2.37   Si  3.78e-01  1.06e+01
 13.00  -2.00 300.00   2.37    S  3.40e-01  1.06e+01
 13.00  -2.00 300.00   2.37   Fe  8.64e-02  1.06e+01
 15.00  -2.00 300.00   2.62    p  5.06e+00  1.24e+01
 15.00  -2.00 300.00   2.62   He  4.26e+00  1.24e+01
 15.00  -2.00 300.00   2.62    C  1.85e-01  1.24e+01
 15.00  -2.00 300.00   2.62    N  6.60e-02  1.24e+01
 15.00  -2.00 300.00   2.62    O  1.68e+00  1.24e+01
 15.00  -2.00 300.00   2.62    F  5.00e-05  1.24e+01
 15.00  -2.00 300.00   2.62   Ne  1.64e-01  1.24e+01
 15.00  -2.00 300.00   2.62   Mg  7.44e-02  1.24e+01
 15.00  -2.00 300.00   2.62   Si  4.27e-01  1.24e+01
 15.00  -2.00 300.00   2.62    S  3.57e-01  1.24e+01
 15.00  -2.00 300.00   2.62   Fe  1.02e-01  1.24e+01
 20.00  -2.00 300.00   3.84    p  6.37e+00  1.62e+01
 20.00  -2.00 300.00   3.84   He  4.90e+00  1.62e+01
 20.00  -2.00 300.00   3.84    C  3.16e-01  1.62e+01
 20.00  -2.00 300.00   3.84    N  1.73e-02  1.62e+01
 20.00  -2.00 300.00   3.84    O  3.75e+00  1.62e+01
 20.00  -2.00 300.00   3.84    F  1.96e-04  1.62e+01
 20.00  -2.00 300.00   3.84   Ne  2.98e-01  1.62e+01
 20.00  -2.00 300.00   3.84   Mg  1.13e-01  1.62e+01
 20.00  -2.00 300.00   3.84   Si  2.03e-01  1.62e+01
 20.00  -2.00 300.00   3.84    S  1.24e-01  1.62e+01
 20.00  -2.00 300.00   3.84   Fe  7.78e-02  1.62e+01
 25.00  -2.00 300.00   3.57    p  7.98e+00  2.14e+01
 25.00  -2.00 300.00   3.57   He  5.07e+00  2.14e+01
 25.00  -2.00 300.00   3.57    C  1.02e+00  2.14e+01
 25.00  -2.00 300.00   3.57    N  1.27e-02  2.14e+01
 25.00  -2.00 300.00   3.57    O  5.95e+00  2.14e+01
 25.00  -2.00 300.00   3.57    F  7.92e-04  2.14e+01
 25.00  -2.00 300.00   3.57   Ne  8.09e-01  2.14e+01
 25.00  -2.00 300.00   3.57   Mg  1.49e-01  2.14e+01
 25.00  -2.00 300.00   3.57   Si  2.73e-01  2.14e+01
 25.00  -2.00 300.00   3.57    S  9.75e-02  2.14e+01
 25.00  -2.00 300.00   3.57   Fe  7.44e-02  2.14e+01
 30.00  -2.00 300.00   3.72    p  9.51e+00  2.63e+01
 30.00  -2.00 300.00   3.72   He  6.24e+00  2.63e+01
 30.00  -2.00 300.00   3.72    C  1.66e+00  2.63e+01
 30.00  -2.00 300.00   3.72    N  1.80e-02  2.63e+01
 30.00  -2.00 300.00   3.72    O  7.06e+00  2.63e+01
 30.00  -2.00 300.00   3.72    F  1.43e-04  2.63e+01
 30.00  -2.00 300.00   3.72   Ne  1.05e+00  2.63e+01
 30.00  -2.00 300.00   3.72   Mg  2.11e-01  2.63e+01
 30.00  -2.00 300.00   3.72   Si  3.36e-01  2.63e+01
 30.00  -2.00 300.00   3.72    S  1.16e-01  2.63e+01
 30.00  -2.00 300.00   3.72   Fe  7.38e-02  2.63e+01
 40.00  -2.00 300.00   5.48    p  1.14e+01  3.45e+01
 40.00  -2.00 300.00   5.48   He  6.25e+00  3.45e+01
 40.00  -2.00 300.00   5.48    C  2.32e+00  3.45e+01
 40.00  -2.00 300.00   5.48    N  5.81e-02  3.45e+01
 40.00  -2.00 300.00   5.48    O  1.18e+01  3.45e+01
 40.00  -2.00 300.00   5.48    F  4.77e-04  3.45e+01
 40.00  -2.00 300.00   5.48   Ne  1.48e+00  3.45e+01
 40.00  -2.00 300.00   5.48   Mg  4.99e-01  3.45e+01
 40.00  -2.00 300.00   5.48   Si  4.85e-01  3.45e+01
 40.00  -2.00 300.00   5.48    S  1.71e-01  3.45e+01
 40.00  -2.00 300.00   5.48   Fe  7.45e-02  3.45e+01
 60.00  -2.00 300.00   8.27    p  1.43e+01  5.17e+01
 60.00  -2.00 300.00   8.27   He  8.69e+00  5.17e+01
 60.00  -2.00 300.00   8.27    C  3.62e+00  5.17e+01
 60.00  -2.00 300.00   8.27    N  8.89e-02  5.17e+01
 60.00  -2.00 300.00   8.27    O  2.11e+01  5.17e+01
 60.00  -2.00 300.00   8.27    F  1.67e-04  5.17e+01
 60.00  -2.00 300.00   8.27   Ne  1.74e+00  5.17e+01
 60.00  -2.00 300.00   8.27   Mg  7.39e-01  5.17e+01
 60.00  -2.00 300.00   8.27   Si  1.05e+00  5.17e+01
 60.00  -2.00 300.00   8.27    S  3.54e-01  5.17e+01
 60.00  -2.00 300.00   8.27   Fe  8.03e-02  5.17e+01
 80.00  -2.00 300.00   9.83    p  1.77e+01  7.02e+01
 80.00  -2.00 300.00   9.83   He  1.53e+01  7.02e+01
 80.00  -2.00 300.00   9.83    C  4.45e+00  7.02e+01
 80.00  -2.00 300.00   9.83    N  6.50e-02  7.02e+01
 80.00  -2.00 300.00   9.83    O  2.66e+01  7.02e+01
 80.00  -2.00 300.00   9.83    F  6.81e-05  7.02e+01
 80.00  -2.00 300.00   9.83   Ne  3.01e+00  7.02e+01
 80.00  -2.00 300.00   9.83   Mg  1.46e+00  7.02e+01
 80.00  -2.00 300.00   9.83   Si  1.19e+00  7.02e+01
 80.00  -2.00 300.00   9.83    S  3.46e-01  7.02e+01
 80.00  -2.00 300.00   9.83   Fe  7.57e-02  7.02e+01
120.00  -2.00 300.00   4.08    p  1.94e+01  1.16e+02
120.00  -2.00 300.00   4.08   He  3.01e+01  1.16e+02
120.00  -2.00 300.00   4.08    C  8.03e+00  1.16e+02
120.00  -2.00 300.00   4.08    N  6.19e-02  1.16e+02
120.00  -2.00 300.00   4.08    O  5.37e+01  1.16e+02
120.00  -2.00 300.00   4.08    F  1.81e-07  1.16e+02
120.00  -2.00 300.00   4.08   Ne  3.13e+00  1.16e+02
120.00  -2.00 300.00   4.08   Mg  8.57e-01  1.16e+02
120.00  -2.00 300.00   4.08   Si  3.86e-01  1.16e+02
120.00  -2.00 300.00   4.08    S  1.33e-01  1.16e+02
120.00  -2.00 300.00   4.08   Fe  7.38e-02  1.16e+02
