#---Details of Columns:
#    M0 (solMass)          (F6.2)  [1/6.5] Initial mass [ucd=phys.mass]
#    [Fe/H]                (F7.2)  Initial metallicity [ucd=phys.abund.Z]
#    vel (km/s)            (F7.2)  Initial rotation [ucd=phys.mass]
#    M1 (solMass)          (F7.2)  Final mass (1) [ucd=phys.mass]
#    El                    (a4)    Species i (2) [ucd=phys.atmol.element]
#    M(i)lost (solMass)    (D9.2)  Mass of species i lost in the wind [ucd=phys.mass]
#    M(i)lostall (solMass) (D9.2)  Total mass lost in the wind [ucd=phys.mass]
#----- ------ ------ ------ ---- --------- -----------
#M0                                                                 
#(sol         vel    M1 (so      M(i)lost  M(i)lostall
#Mass) Z0     (km/s) lMass) El   (solMass) (solMass)  
#----- ------ ------ ------ ---- --------- -----------
 13.00   0.30  50.00   1.77    p  5.68e+00  1.12e+01
 13.00   0.30  50.00   1.77   He  4.41e+00  1.12e+01
 13.00   0.30  50.00   1.77    C  2.00e-01  1.12e+01
 13.00   0.30  50.00   1.77    N  3.52e-02  1.12e+01
 13.00   0.30  50.00   1.77    O  6.01e-01  1.12e+01
 13.00   0.30  50.00   1.77    F  7.25e-06  1.12e+01
 13.00   0.30  50.00   1.77   Ne  4.96e-02  1.12e+01
 13.00   0.30  50.00   1.77   Mg  2.20e-02  1.12e+01
 13.00   0.30  50.00   1.77   Si  8.17e-02  1.12e+01
 13.00   0.30  50.00   1.77    S  3.62e-02  1.12e+01
 13.00   0.30  50.00   1.77   Fe  8.96e-02  1.12e+01
 15.00   0.30  50.00   1.97    p  6.29e+00  1.30e+01
 15.00   0.30  50.00   1.97   He  4.91e+00  1.30e+01
 15.00   0.30  50.00   1.97    C  2.70e-01  1.30e+01
 15.00   0.30  50.00   1.97    N  3.81e-02  1.30e+01
 15.00   0.30  50.00   1.97    O  1.03e+00  1.30e+01
 15.00   0.30  50.00   1.97    F  2.20e-04  1.30e+01
 15.00   0.30  50.00   1.97   Ne  1.25e-01  1.30e+01
 15.00   0.30  50.00   1.97   Mg  4.47e-02  1.30e+01
 15.00   0.30  50.00   1.97   Si  1.14e-01  1.30e+01
 15.00   0.30  50.00   1.97    S  4.79e-02  1.30e+01
 15.00   0.30  50.00   1.97   Fe  1.69e-01  1.30e+01
 20.00   0.30  50.00   2.13    p  7.78e+00  1.79e+01
 20.00   0.30  50.00   2.13   He  6.90e+00  1.79e+01
 20.00   0.30  50.00   2.13    C  6.43e-01  1.79e+01
 20.00   0.30  50.00   2.13    N  5.19e-02  1.79e+01
 20.00   0.30  50.00   2.13    O  1.71e+00  1.79e+01
 20.00   0.30  50.00   2.13    F  4.16e-05  1.79e+01
 20.00   0.30  50.00   2.13   Ne  3.26e-01  1.79e+01
 20.00   0.30  50.00   2.13   Mg  1.08e-01  1.79e+01
 20.00   0.30  50.00   2.13   Si  1.77e-01  1.79e+01
 20.00   0.30  50.00   2.13    S  6.43e-02  1.79e+01
 20.00   0.30  50.00   2.13   Fe  9.91e-02  1.79e+01
 25.00   0.30  50.00   2.30    p  9.26e+00  2.27e+01
 25.00   0.30  50.00   2.30   He  8.32e+00  2.27e+01
 25.00   0.30  50.00   2.30    C  8.94e-01  2.27e+01
 25.00   0.30  50.00   2.30    N  6.83e-02  2.27e+01
 25.00   0.30  50.00   2.30    O  2.87e+00  2.27e+01
 25.00   0.30  50.00   2.30    F  9.45e-06  2.27e+01
 25.00   0.30  50.00   2.30   Ne  7.27e-01  2.27e+01
 25.00   0.30  50.00   2.30   Mg  1.52e-01  2.27e+01
 25.00   0.30  50.00   2.30   Si  1.92e-01  2.27e+01
 25.00   0.30  50.00   2.30    S  7.04e-02  2.27e+01
 25.00   0.30  50.00   2.30   Fe  1.03e-01  2.27e+01
 30.00   0.30  50.00   2.93    p  1.06e+01  2.71e+01
 30.00   0.30  50.00   2.93   He  1.00e+01  2.71e+01
 30.00   0.30  50.00   2.93    C  1.10e+00  2.71e+01
 30.00   0.30  50.00   2.93    N  8.33e-02  2.71e+01
 30.00   0.30  50.00   2.93    O  3.86e+00  2.71e+01
 30.00   0.30  50.00   2.93    F  1.05e-05  2.71e+01
 30.00   0.30  50.00   2.93   Ne  7.65e-01  2.71e+01
 30.00   0.30  50.00   2.93   Mg  1.71e-01  2.71e+01
 30.00   0.30  50.00   2.93   Si  2.47e-01  2.71e+01
 30.00   0.30  50.00   2.93    S  9.20e-02  2.71e+01
 30.00   0.30  50.00   2.93   Fe  1.06e-01  2.71e+01
 40.00   0.30  50.00   3.07    p  1.35e+01  3.69e+01
 40.00   0.30  50.00   3.07   He  1.38e+01  3.69e+01
 40.00   0.30  50.00   3.07    C  1.52e+00  3.69e+01
 40.00   0.30  50.00   3.07    N  1.25e-01  3.69e+01
 40.00   0.30  50.00   3.07    O  6.00e+00  3.69e+01
 40.00   0.30  50.00   3.07    F  4.44e-05  3.69e+01
 40.00   0.30  50.00   3.07   Ne  1.24e+00  3.69e+01
 40.00   0.30  50.00   3.07   Mg  2.61e-01  3.69e+01
 40.00   0.30  50.00   3.07   Si  2.79e-01  3.69e+01
 40.00   0.30  50.00   3.07    S  1.08e-01  3.69e+01
 40.00   0.30  50.00   3.07   Fe  1.16e-01  3.69e+01
 60.00   0.30  50.00   4.03    p  1.92e+01  5.60e+01
 60.00   0.30  50.00   4.03   He  2.26e+01  5.60e+01
 60.00   0.30  50.00   4.03    C  3.14e+00  5.60e+01
 60.00   0.30  50.00   4.03    N  2.19e-01  5.60e+01
 60.00   0.30  50.00   4.03    O  8.48e+00  5.60e+01
 60.00   0.30  50.00   4.03    F  1.65e-05  5.60e+01
 60.00   0.30  50.00   4.03   Ne  1.26e+00  5.60e+01
 60.00   0.30  50.00   4.03   Mg  3.25e-01  5.60e+01
 60.00   0.30  50.00   4.03   Si  4.20e-01  5.60e+01
 60.00   0.30  50.00   4.03    S  1.75e-01  5.60e+01
 60.00   0.30  50.00   4.03   Fe  1.38e-01  5.60e+01
 80.00   0.30  50.00   5.33    p  2.41e+01  7.47e+01
 80.00   0.30  50.00   5.33   He  3.11e+01  7.47e+01
 80.00   0.30  50.00   5.33    C  4.37e+00  7.47e+01
 80.00   0.30  50.00   5.33    N  3.02e-01  7.47e+01
 80.00   0.30  50.00   5.33    O  1.19e+01  7.47e+01
 80.00   0.30  50.00   5.33    F  1.52e-05  7.47e+01
 80.00   0.30  50.00   5.33   Ne  1.28e+00  7.47e+01
 80.00   0.30  50.00   5.33   Mg  4.22e-01  7.47e+01
 80.00   0.30  50.00   5.33   Si  6.38e-01  7.47e+01
 80.00   0.30  50.00   5.33    S  2.72e-01  7.47e+01
 80.00   0.30  50.00   5.33   Fe  1.61e-01  7.47e+01
120.00   0.30  50.00   6.00    p  3.52e+01  1.14e+02
120.00   0.30  50.00   6.00   He  5.48e+01  1.14e+02
120.00   0.30  50.00   6.00    C  5.84e+00  1.14e+02
120.00   0.30  50.00   6.00    N  5.22e-01  1.14e+02
120.00   0.30  50.00   6.00    O  1.46e+01  1.14e+02
120.00   0.30  50.00   6.00    F  2.59e-05  1.14e+02
120.00   0.30  50.00   6.00   Ne  1.23e+00  1.14e+02
120.00   0.30  50.00   6.00   Mg  6.24e-01  1.14e+02
120.00   0.30  50.00   6.00   Si  8.32e-01  1.14e+02
120.00   0.30  50.00   6.00    S  3.14e-01  1.14e+02
120.00   0.30  50.00   6.00   Fe  2.12e-01  1.14e+02
