#---Details of Columns:
#    M0 (solMass)          (F6.2)  [1/6.5] Initial mass [ucd=phys.mass]
#    [Fe/H]                (F7.2)  Initial metallicity [ucd=phys.abund.Z]
#    vel (km/s)            (F7.2)  Initial rotation [ucd=phys.mass]
#    M1 (solMass)          (F7.2)  Final mass (1) [ucd=phys.mass]
#    El                    (a4)    Species i (2) [ucd=phys.atmol.element]
#    M(i)lost (solMass)    (D9.2)  Mass of species i lost in the wind [ucd=phys.mass]
#    M(i)lostall (solMass) (D9.2)  Total mass lost in the wind [ucd=phys.mass]
#----- ------ ------ ------ ---- --------- -----------
#M0                                                                 
#(sol         vel    M1 (so      M(i)lost  M(i)lostall
#Mass) Z0     (km/s) lMass) El   (solMass) (solMass)  
#----- ------ ------ ------ ---- --------- -----------
 13.00  -0.60 150.00   2.10    p  4.75e+00  1.09e+01
 13.00  -0.60 150.00   2.10   He  3.91e+00  1.09e+01
 13.00  -0.60 150.00   2.10    C  3.16e-01  1.09e+01
 13.00  -0.60 150.00   2.10    N  6.89e-02  1.09e+01
 13.00  -0.60 150.00   2.10    O  1.24e+00  1.09e+01
 13.00  -0.60 150.00   2.10    F  2.08e-05  1.09e+01
 13.00  -0.60 150.00   2.10   Ne  8.19e-02  1.09e+01
 13.00  -0.60 150.00   2.10   Mg  1.85e-02  1.09e+01
 13.00  -0.60 150.00   2.10   Si  1.44e-01  1.09e+01
 13.00  -0.60 150.00   2.10    S  1.35e-01  1.09e+01
 13.00  -0.60 150.00   2.10   Fe  7.40e-02  1.09e+01
 15.00  -0.60 150.00   2.40    p  5.21e+00  1.26e+01
 15.00  -0.60 150.00   2.40   He  4.49e+00  1.26e+01
 15.00  -0.60 150.00   2.40    C  4.05e-01  1.26e+01
 15.00  -0.60 150.00   2.40    N  8.97e-02  1.26e+01
 15.00  -0.60 150.00   2.40    O  1.88e+00  1.26e+01
 15.00  -0.60 150.00   2.40    F  8.81e-05  1.26e+01
 15.00  -0.60 150.00   2.40   Ne  1.30e-01  1.26e+01
 15.00  -0.60 150.00   2.40   Mg  4.00e-02  1.26e+01
 15.00  -0.60 150.00   2.40   Si  1.14e-01  1.26e+01
 15.00  -0.60 150.00   2.40    S  6.64e-02  1.26e+01
 15.00  -0.60 150.00   2.40   Fe  7.87e-02  1.26e+01
 20.00  -0.60 150.00   3.00    p  6.27e+00  1.70e+01
 20.00  -0.60 150.00   3.00   He  5.96e+00  1.70e+01
 20.00  -0.60 150.00   3.00    C  6.01e-01  1.70e+01
 20.00  -0.60 150.00   3.00    N  1.22e-01  1.70e+01
 20.00  -0.60 150.00   3.00    O  3.29e+00  1.70e+01
 20.00  -0.60 150.00   3.00    F  4.22e-04  1.70e+01
 20.00  -0.60 150.00   3.00   Ne  2.03e-01  1.70e+01
 20.00  -0.60 150.00   3.00   Mg  6.72e-02  1.70e+01
 20.00  -0.60 150.00   3.00   Si  2.24e-01  1.70e+01
 20.00  -0.60 150.00   3.00    S  8.38e-02  1.70e+01
 20.00  -0.60 150.00   3.00   Fe  7.35e-02  1.70e+01
 25.00  -0.60 150.00   2.80    p  7.85e+00  2.22e+01
 25.00  -0.60 150.00   2.80   He  7.42e+00  2.22e+01
 25.00  -0.60 150.00   2.80    C  7.14e-01  2.22e+01
 25.00  -0.60 150.00   2.80    N  7.41e-02  2.22e+01
 25.00  -0.60 150.00   2.80    O  4.82e+00  2.22e+01
 25.00  -0.60 150.00   2.80    F  5.07e-04  2.22e+01
 25.00  -0.60 150.00   2.80   Ne  6.71e-01  2.22e+01
 25.00  -0.60 150.00   2.80   Mg  1.46e-01  2.22e+01
 25.00  -0.60 150.00   2.80   Si  2.21e-01  2.22e+01
 25.00  -0.60 150.00   2.80    S  7.68e-02  2.22e+01
 25.00  -0.60 150.00   2.80   Fe  7.42e-02  2.22e+01
 30.00  -0.60 150.00  25.72    p  2.71e+00  4.28e+00
 30.00  -0.60 150.00  25.72   He  1.55e+00  4.28e+00
 30.00  -0.60 150.00  25.72    C  4.68e-03  4.28e+00
 30.00  -0.60 150.00  25.72    N  5.36e-03  4.28e+00
 30.00  -0.60 150.00  25.72    O  6.40e-03  4.28e+00
 30.00  -0.60 150.00  25.72    F  1.76e-07  4.28e+00
 30.00  -0.60 150.00  25.72   Ne  8.64e-04  4.28e+00
 30.00  -0.60 150.00  25.72   Mg  6.67e-04  4.28e+00
 30.00  -0.60 150.00  25.72   Si  8.53e-04  4.28e+00
 30.00  -0.60 150.00  25.72    S  3.55e-04  4.28e+00
 30.00  -0.60 150.00  25.72   Fe  8.30e-04  4.28e+00
 40.00  -0.60 150.00  21.21    p  1.10e+01  1.88e+01
 40.00  -0.60 150.00  21.21   He  7.68e+00  1.88e+01
 40.00  -0.60 150.00  21.21    C  7.55e-03  1.88e+01
 40.00  -0.60 150.00  21.21    N  3.27e-02  1.88e+01
 40.00  -0.60 150.00  21.21    O  1.48e-02  1.88e+01
 40.00  -0.60 150.00  21.21    F  2.31e-07  1.88e+01
 40.00  -0.60 150.00  21.21   Ne  2.67e-03  1.88e+01
 40.00  -0.60 150.00  21.21   Mg  2.49e-03  1.88e+01
 40.00  -0.60 150.00  21.21   Si  3.40e-03  1.88e+01
 40.00  -0.60 150.00  21.21    S  1.39e-03  1.88e+01
 40.00  -0.60 150.00  21.21   Fe  2.82e-03  1.88e+01
 60.00  -0.60 150.00  26.31    p  1.57e+01  3.37e+01
 60.00  -0.60 150.00  26.31   He  1.67e+01  3.37e+01
 60.00  -0.60 150.00  26.31    C  1.00e+00  3.37e+01
 60.00  -0.60 150.00  26.31    N  5.01e-02  3.37e+01
 60.00  -0.60 150.00  26.31    O  1.61e-01  3.37e+01
 60.00  -0.60 150.00  26.31    F  3.60e-06  3.37e+01
 60.00  -0.60 150.00  26.31   Ne  1.77e-02  3.37e+01
 60.00  -0.60 150.00  26.31   Mg  4.30e-03  3.37e+01
 60.00  -0.60 150.00  26.31   Si  6.06e-03  3.37e+01
 60.00  -0.60 150.00  26.31    S  2.47e-03  3.37e+01
 60.00  -0.60 150.00  26.31   Fe  4.97e-03  3.37e+01
 80.00  -0.60 150.00  37.44    p  1.89e+01  4.26e+01
 80.00  -0.60 150.00  37.44   He  2.13e+01  4.26e+01
 80.00  -0.60 150.00  37.44    C  1.83e+00  4.26e+01
 80.00  -0.60 150.00  37.44    N  6.14e-02  4.26e+01
 80.00  -0.60 150.00  37.44    O  3.41e-01  4.26e+01
 80.00  -0.60 150.00  37.44    F  3.53e-06  4.26e+01
 80.00  -0.60 150.00  37.44   Ne  2.71e-02  4.26e+01
 80.00  -0.60 150.00  37.44   Mg  5.52e-03  4.26e+01
 80.00  -0.60 150.00  37.44   Si  7.69e-03  4.26e+01
 80.00  -0.60 150.00  37.44    S  3.14e-03  4.26e+01
 80.00  -0.60 150.00  37.44   Fe  6.32e-03  4.26e+01
120.00  -0.60 150.00  42.50    p  2.52e+01  7.75e+01
120.00  -0.60 150.00  42.50   He  4.99e+01  7.75e+01
120.00  -0.60 150.00  42.50    C  1.92e+00  7.75e+01
120.00  -0.60 150.00  42.50    N  1.28e-01  7.75e+01
120.00  -0.60 150.00  42.50    O  2.91e-01  7.75e+01
120.00  -0.60 150.00  42.50    F  6.79e-06  7.75e+01
120.00  -0.60 150.00  42.50   Ne  3.77e-02  7.75e+01
120.00  -0.60 150.00  42.50   Mg  9.48e-03  7.75e+01
120.00  -0.60 150.00  42.50   Si  1.39e-02  7.75e+01
120.00  -0.60 150.00  42.50    S  5.68e-03  7.75e+01
120.00  -0.60 150.00  42.50   Fe  1.14e-02  7.75e+01
