#---Details of Columns:
#    M0 (solMass)          (F6.2)  [1/6.5] Initial mass [ucd=phys.mass]
#    [Fe/H]                (F7.2)  Initial metallicity [ucd=phys.abund.Z]
#    vel (km/s)            (F7.2)  Initial rotation [ucd=phys.mass]
#    M1 (solMass)          (F7.2)  Final mass (1) [ucd=phys.mass]
#    El                    (a4)    Species i (2) [ucd=phys.atmol.element]
#    M(i)lost (solMass)    (D9.2)  Mass of species i lost in the wind [ucd=phys.mass]
#    M(i)lostall (solMass) (D9.2)  Total mass lost in the wind [ucd=phys.mass]
#----- ------ ------ ------ ---- --------- -----------
#M0                                                                 
#(sol         vel    M1 (so      M(i)lost  M(i)lostall
#Mass) Z0     (km/s) lMass) El   (solMass) (solMass)  
#----- ------ ------ ------ ---- --------- -----------
 13.00   0.00 300.00   2.32    p  4.05e+00  1.07e+01
 13.00   0.00 300.00   2.32   He  4.10e+00  1.07e+01
 13.00   0.00 300.00   2.32    C  5.36e-01  1.07e+01
 13.00   0.00 300.00   2.32    N  5.24e-02  1.07e+01
 13.00   0.00 300.00   2.32    O  1.49e+00  1.07e+01
 13.00   0.00 300.00   2.32    F  5.17e-04  1.07e+01
 13.00   0.00 300.00   2.32   Ne  1.17e-01  1.07e+01
 13.00   0.00 300.00   2.32   Mg  3.79e-02  1.07e+01
 13.00   0.00 300.00   2.32   Si  1.17e-01  1.07e+01
 13.00   0.00 300.00   2.32    S  8.26e-02  1.07e+01
 13.00   0.00 300.00   2.32   Fe  9.27e-02  1.07e+01
 15.00   0.00 300.00   2.39    p  4.59e+00  1.26e+01
 15.00   0.00 300.00   2.39   He  4.60e+00  1.26e+01
 15.00   0.00 300.00   2.39    C  5.42e-01  1.26e+01
 15.00   0.00 300.00   2.39    N  7.35e-02  1.26e+01
 15.00   0.00 300.00   2.39    O  1.92e+00  1.26e+01
 15.00   0.00 300.00   2.39    F  1.12e-04  1.26e+01
 15.00   0.00 300.00   2.39   Ne  1.52e-01  1.26e+01
 15.00   0.00 300.00   2.39   Mg  4.76e-02  1.26e+01
 15.00   0.00 300.00   2.39   Si  2.69e-01  1.26e+01
 15.00   0.00 300.00   2.39    S  1.34e-01  1.26e+01
 15.00   0.00 300.00   2.39   Fe  2.81e-01  1.26e+01
 20.00   0.00 300.00   3.16    p  5.81e+00  1.68e+01
 20.00   0.00 300.00   3.16   He  6.18e+00  1.68e+01
 20.00   0.00 300.00   3.16    C  1.03e+00  1.68e+01
 20.00   0.00 300.00   3.16    N  1.32e-01  1.68e+01
 20.00   0.00 300.00   3.16    O  2.95e+00  1.68e+01
 20.00   0.00 300.00   3.16    F  1.30e-04  1.68e+01
 20.00   0.00 300.00   3.16   Ne  1.95e-01  1.68e+01
 20.00   0.00 300.00   3.16   Mg  6.83e-02  1.68e+01
 20.00   0.00 300.00   3.16   Si  2.60e-01  1.68e+01
 20.00   0.00 300.00   3.16    S  1.09e-01  1.68e+01
 20.00   0.00 300.00   3.16   Fe  9.64e-02  1.68e+01
 25.00   0.00 300.00   2.83    p  6.45e+00  2.22e+01
 25.00   0.00 300.00   2.83   He  8.99e+00  2.22e+01
 25.00   0.00 300.00   2.83    C  1.53e+00  2.22e+01
 25.00   0.00 300.00   2.83    N  1.05e-01  2.22e+01
 25.00   0.00 300.00   2.83    O  3.90e+00  2.22e+01
 25.00   0.00 300.00   2.83    F  1.03e-05  2.22e+01
 25.00   0.00 300.00   2.83   Ne  5.44e-01  2.22e+01
 25.00   0.00 300.00   2.83   Mg  1.52e-01  2.22e+01
 25.00   0.00 300.00   2.83   Si  2.94e-01  2.22e+01
 25.00   0.00 300.00   2.83    S  1.08e-01  2.22e+01
 25.00   0.00 300.00   2.83   Fe  1.02e-01  2.22e+01
 30.00   0.00 300.00   2.62    p  7.12e+00  2.74e+01
 30.00   0.00 300.00   2.62   He  1.15e+01  2.74e+01
 30.00   0.00 300.00   2.62    C  1.70e+00  2.74e+01
 30.00   0.00 300.00   2.62    N  1.32e-01  2.74e+01
 30.00   0.00 300.00   2.62    O  5.13e+00  2.74e+01
 30.00   0.00 300.00   2.62    F  9.61e-06  2.74e+01
 30.00   0.00 300.00   2.62   Ne  1.08e+00  2.74e+01
 30.00   0.00 300.00   2.62   Mg  2.63e-01  2.74e+01
 30.00   0.00 300.00   2.62   Si  2.79e-01  2.74e+01
 30.00   0.00 300.00   2.62    S  9.41e-02  2.74e+01
 30.00   0.00 300.00   2.62   Fe  1.06e-01  2.74e+01
 40.00   0.00 300.00   3.37    p  9.56e+00  3.66e+01
 40.00   0.00 300.00   3.37   He  1.60e+01  3.66e+01
 40.00   0.00 300.00   3.37    C  2.36e+00  3.66e+01
 40.00   0.00 300.00   3.37    N  1.75e-01  3.66e+01
 40.00   0.00 300.00   3.37    O  6.58e+00  3.66e+01
 40.00   0.00 300.00   3.37    F  1.21e-05  3.66e+01
 40.00   0.00 300.00   3.37   Ne  1.12e+00  3.66e+01
 40.00   0.00 300.00   3.37   Mg  2.65e-01  3.66e+01
 40.00   0.00 300.00   3.37   Si  3.17e-01  3.66e+01
 40.00   0.00 300.00   3.37    S  1.22e-01  3.66e+01
 40.00   0.00 300.00   3.37   Fe  1.15e-01  3.66e+01
 60.00   0.00 300.00   3.87    p  1.29e+01  5.61e+01
 60.00   0.00 300.00   3.87   He  2.96e+01  5.61e+01
 60.00   0.00 300.00   3.87    C  3.03e+00  5.61e+01
 60.00   0.00 300.00   3.87    N  2.84e-01  5.61e+01
 60.00   0.00 300.00   3.87    O  8.03e+00  5.61e+01
 60.00   0.00 300.00   3.87    F  2.07e-05  5.61e+01
 60.00   0.00 300.00   3.87   Ne  1.30e+00  5.61e+01
 60.00   0.00 300.00   3.87   Mg  3.20e-01  5.61e+01
 60.00   0.00 300.00   3.87   Si  4.03e-01  5.61e+01
 60.00   0.00 300.00   3.87    S  1.66e-01  5.61e+01
 60.00   0.00 300.00   3.87   Fe  1.38e-01  5.61e+01
 80.00   0.00 300.00   4.10    p  1.86e+01  7.59e+01
 80.00   0.00 300.00   4.10   He  4.28e+01  7.59e+01
 80.00   0.00 300.00   4.10    C  3.31e+00  7.59e+01
 80.00   0.00 300.00   4.10    N  4.34e-01  7.59e+01
 80.00   0.00 300.00   4.10    O  8.43e+00  7.59e+01
 80.00   0.00 300.00   4.10    F  1.19e-05  7.59e+01
 80.00   0.00 300.00   4.10   Ne  1.18e+00  7.59e+01
 80.00   0.00 300.00   4.10   Mg  3.18e-01  7.59e+01
 80.00   0.00 300.00   4.10   Si  4.51e-01  7.59e+01
 80.00   0.00 300.00   4.10    S  1.93e-01  7.59e+01
 80.00   0.00 300.00   4.10   Fe  1.64e-01  7.59e+01
120.00   0.00 300.00   4.26    p  3.10e+01  1.16e+02
120.00   0.00 300.00   4.26   He  6.85e+01  1.16e+02
120.00   0.00 300.00   4.26    C  3.73e+00  1.16e+02
120.00   0.00 300.00   4.26    N  7.45e-01  1.16e+02
120.00   0.00 300.00   4.26    O  9.37e+00  1.16e+02
120.00   0.00 300.00   4.26    F  1.34e-05  1.16e+02
120.00   0.00 300.00   4.26   Ne  1.04e+00  1.16e+02
120.00   0.00 300.00   4.26   Mg  3.60e-01  1.16e+02
120.00   0.00 300.00   4.26   Si  5.49e-01  1.16e+02
120.00   0.00 300.00   4.26    S  2.09e-01  1.16e+02
120.00   0.00 300.00   4.26   Fe  2.17e-01  1.16e+02
