#---Details of Columns:
#    M0 (solMass)          (F6.2)  [1/6.5] Initial mass [ucd=phys.mass]
#    [Fe/H]                (F7.2)  Initial metallicity [ucd=phys.abund.Z]
#    vel (km/s)            (F7.2)  Initial rotation [ucd=phys.mass]
#    M1 (solMass)          (F7.2)  Final mass (1) [ucd=phys.mass]
#    El                    (a4)    Species i (2) [ucd=phys.atmol.element]
#    M(i)lost (solMass)    (D9.2)  Mass of species i lost in the wind [ucd=phys.mass]
#    M(i)lostall (solMass) (D9.2)  Total mass lost in the wind [ucd=phys.mass]
#----- ------ ------ ------ ---- --------- -----------
#M0                                                                 
#(sol         vel    M1 (so      M(i)lost  M(i)lostall
#Mass) Z0     (km/s) lMass) El   (solMass) (solMass)  
#----- ------ ------ ------ ---- --------- -----------
 13.00   0.30 250.00   2.30    p  4.28e+00  1.07e+01
 13.00   0.30 250.00   2.30   He  4.05e+00  1.07e+01
 13.00   0.30 250.00   2.30    C  4.80e-01  1.07e+01
 13.00   0.30 250.00   2.30    N  4.80e-02  1.07e+01
 13.00   0.30 250.00   2.30    O  1.43e+00  1.07e+01
 13.00   0.30 250.00   2.30    F  3.49e-04  1.07e+01
 13.00   0.30 250.00   2.30   Ne  9.71e-02  1.07e+01
 13.00   0.30 250.00   2.30   Mg  3.27e-02  1.07e+01
 13.00   0.30 250.00   2.30   Si  1.13e-01  1.07e+01
 13.00   0.30 250.00   2.30    S  7.19e-02  1.07e+01
 13.00   0.30 250.00   2.30   Fe  9.12e-02  1.07e+01
 15.00   0.30 250.00   2.43    p  4.77e+00  1.26e+01
 15.00   0.30 250.00   2.43   He  4.56e+00  1.26e+01
 15.00   0.30 250.00   2.43    C  4.83e-01  1.26e+01
 15.00   0.30 250.00   2.43    N  6.27e-02  1.26e+01
 15.00   0.30 250.00   2.43    O  1.92e+00  1.26e+01
 15.00   0.30 250.00   2.43    F  2.92e-04  1.26e+01
 15.00   0.30 250.00   2.43   Ne  1.32e-01  1.26e+01
 15.00   0.30 250.00   2.43   Mg  4.50e-02  1.26e+01
 15.00   0.30 250.00   2.43   Si  2.18e-01  1.26e+01
 15.00   0.30 250.00   2.43    S  1.08e-01  1.26e+01
 15.00   0.30 250.00   2.43   Fe  2.94e-01  1.26e+01
 20.00   0.30 250.00   3.13    p  5.95e+00  1.69e+01
 20.00   0.30 250.00   3.13   He  6.24e+00  1.69e+01
 20.00   0.30 250.00   3.13    C  1.06e+00  1.69e+01
 20.00   0.30 250.00   3.13    N  1.11e-01  1.69e+01
 20.00   0.30 250.00   3.13    O  2.84e+00  1.69e+01
 20.00   0.30 250.00   3.13    F  1.25e-04  1.69e+01
 20.00   0.30 250.00   3.13   Ne  1.76e-01  1.69e+01
 20.00   0.30 250.00   3.13   Mg  6.61e-02  1.69e+01
 20.00   0.30 250.00   3.13   Si  2.51e-01  1.69e+01
 20.00   0.30 250.00   3.13    S  1.05e-01  1.69e+01
 20.00   0.30 250.00   3.13   Fe  9.61e-02  1.69e+01
 25.00   0.30 250.00   2.83    p  6.83e+00  2.22e+01
 25.00   0.30 250.00   2.83   He  8.76e+00  2.22e+01
 25.00   0.30 250.00   2.83    C  1.50e+00  2.22e+01
 25.00   0.30 250.00   2.83    N  9.87e-02  2.22e+01
 25.00   0.30 250.00   2.83    O  3.81e+00  2.22e+01
 25.00   0.30 250.00   2.83    F  1.22e-05  2.22e+01
 25.00   0.30 250.00   2.83   Ne  4.97e-01  2.22e+01
 25.00   0.30 250.00   2.83   Mg  1.46e-01  2.22e+01
 25.00   0.30 250.00   2.83   Si  2.98e-01  2.22e+01
 25.00   0.30 250.00   2.83    S  1.08e-01  2.22e+01
 25.00   0.30 250.00   2.83   Fe  1.02e-01  2.22e+01
 30.00   0.30 250.00   2.60    p  7.62e+00  2.74e+01
 30.00   0.30 250.00   2.60   He  1.10e+01  2.74e+01
 30.00   0.30 250.00   2.60    C  1.70e+00  2.74e+01
 30.00   0.30 250.00   2.60    N  1.24e-01  2.74e+01
 30.00   0.30 250.00   2.60    O  5.13e+00  2.74e+01
 30.00   0.30 250.00   2.60    F  9.19e-06  2.74e+01
 30.00   0.30 250.00   2.60   Ne  1.09e+00  2.74e+01
 30.00   0.30 250.00   2.60   Mg  2.56e-01  2.74e+01
 30.00   0.30 250.00   2.60   Si  2.69e-01  2.74e+01
 30.00   0.30 250.00   2.60    S  9.33e-02  2.74e+01
 30.00   0.30 250.00   2.60   Fe  1.06e-01  2.74e+01
 40.00   0.30 250.00   3.33    p  1.02e+01  3.67e+01
 40.00   0.30 250.00   3.33   He  1.55e+01  3.67e+01
 40.00   0.30 250.00   3.33    C  2.33e+00  3.67e+01
 40.00   0.30 250.00   3.33    N  1.71e-01  3.67e+01
 40.00   0.30 250.00   3.33    O  6.54e+00  3.67e+01
 40.00   0.30 250.00   3.33    F  1.21e-05  3.67e+01
 40.00   0.30 250.00   3.33   Ne  1.14e+00  3.67e+01
 40.00   0.30 250.00   3.33   Mg  2.65e-01  3.67e+01
 40.00   0.30 250.00   3.33   Si  3.14e-01  3.67e+01
 40.00   0.30 250.00   3.33    S  1.23e-01  3.67e+01
 40.00   0.30 250.00   3.33   Fe  1.15e-01  3.67e+01
 60.00   0.30 250.00   4.10    p  1.42e+01  5.59e+01
 60.00   0.30 250.00   4.10   He  2.73e+01  5.59e+01
 60.00   0.30 250.00   4.10    C  3.14e+00  5.59e+01
 60.00   0.30 250.00   4.10    N  2.70e-01  5.59e+01
 60.00   0.30 250.00   4.10    O  8.60e+00  5.59e+01
 60.00   0.30 250.00   4.10    F  2.07e-05  5.59e+01
 60.00   0.30 250.00   4.10   Ne  1.36e+00  5.59e+01
 60.00   0.30 250.00   4.10   Mg  3.51e-01  5.59e+01
 60.00   0.30 250.00   4.10   Si  4.31e-01  5.59e+01
 60.00   0.30 250.00   4.10    S  1.80e-01  5.59e+01
 60.00   0.30 250.00   4.10   Fe  1.38e-01  5.59e+01
 80.00   0.30 250.00   4.67    p  1.97e+01  7.53e+01
 80.00   0.30 250.00   4.67   He  3.89e+01  7.53e+01
 80.00   0.30 250.00   4.67    C  3.72e+00  7.53e+01
 80.00   0.30 250.00   4.67    N  4.01e-01  7.53e+01
 80.00   0.30 250.00   4.67    O  1.00e+01  7.53e+01
 80.00   0.30 250.00   4.67    F  1.28e-05  7.53e+01
 80.00   0.30 250.00   4.67   Ne  1.27e+00  7.53e+01
 80.00   0.30 250.00   4.67   Mg  3.79e-01  7.53e+01
 80.00   0.30 250.00   4.67   Si  5.40e-01  7.53e+01
 80.00   0.30 250.00   4.67    S  2.32e-01  7.53e+01
 80.00   0.30 250.00   4.67   Fe  1.63e-01  7.53e+01
120.00   0.30 250.00   4.67    p  3.14e+01  1.15e+02
120.00   0.30 250.00   4.67   He  6.51e+01  1.15e+02
120.00   0.30 250.00   4.67    C  4.34e+00  1.15e+02
120.00   0.30 250.00   4.67    N  6.87e-01  1.15e+02
120.00   0.30 250.00   4.67    O  1.10e+01  1.15e+02
120.00   0.30 250.00   4.67    F  1.78e-05  1.15e+02
120.00   0.30 250.00   4.67   Ne  1.10e+00  1.15e+02
120.00   0.30 250.00   4.67   Mg  4.35e-01  1.15e+02
120.00   0.30 250.00   4.67   Si  6.32e-01  1.15e+02
120.00   0.30 250.00   4.67    S  2.39e-01  1.15e+02
120.00   0.30 250.00   4.67   Fe  2.15e-01  1.15e+02
