#---Details of Columns:
#    M0 (solMass)          (F6.2)  [1/6.5] Initial mass [ucd=phys.mass]
#    [Fe/H]                (F7.2)  Initial metallicity [ucd=phys.abund.Z]
#    vel (km/s)            (F7.2)  Initial rotation [ucd=phys.mass]
#    M1 (solMass)          (F7.2)  Final mass (1) [ucd=phys.mass]
#    El                    (a4)    Species i (2) [ucd=phys.atmol.element]
#    M(i)lost (solMass)    (D9.2)  Mass of species i lost in the wind [ucd=phys.mass]
#    M(i)lostall (solMass) (D9.2)  Total mass lost in the wind [ucd=phys.mass]
#----- ------ ------ ------ ---- --------- -----------
#M0                                                                 
#(sol         vel    M1 (so      M(i)lost  M(i)lostall
#Mass) Z0     (km/s) lMass) El   (solMass) (solMass)  
#----- ------ ------ ------ ---- --------- -----------
 13.00  -0.30 150.00   2.23    p  4.74e+00  1.08e+01
 13.00  -0.30 150.00   2.23   He  3.93e+00  1.08e+01
 13.00  -0.30 150.00   2.23    C  3.33e-01  1.08e+01
 13.00  -0.30 150.00   2.23    N  5.98e-02  1.08e+01
 13.00  -0.30 150.00   2.23    O  1.28e+00  1.08e+01
 13.00  -0.30 150.00   2.23    F  1.87e-05  1.08e+01
 13.00  -0.30 150.00   2.23   Ne  7.39e-02  1.08e+01
 13.00  -0.30 150.00   2.23   Mg  1.98e-02  1.08e+01
 13.00  -0.30 150.00   2.23   Si  1.31e-01  1.08e+01
 13.00  -0.30 150.00   2.23    S  1.07e-01  1.08e+01
 13.00  -0.30 150.00   2.23   Fe  8.04e-02  1.08e+01
 15.00  -0.30 150.00   2.43    p  5.18e+00  1.26e+01
 15.00  -0.30 150.00   2.43   He  4.49e+00  1.26e+01
 15.00  -0.30 150.00   2.43    C  3.93e-01  1.26e+01
 15.00  -0.30 150.00   2.43    N  7.73e-02  1.26e+01
 15.00  -0.30 150.00   2.43    O  1.92e+00  1.26e+01
 15.00  -0.30 150.00   2.43    F  2.76e-04  1.26e+01
 15.00  -0.30 150.00   2.43   Ne  1.18e-01  1.26e+01
 15.00  -0.30 150.00   2.43   Mg  3.99e-02  1.26e+01
 15.00  -0.30 150.00   2.43   Si  1.15e-01  1.26e+01
 15.00  -0.30 150.00   2.43    S  6.28e-02  1.26e+01
 15.00  -0.30 150.00   2.43   Fe  1.60e-01  1.26e+01
 20.00  -0.30 150.00   3.00    p  6.25e+00  1.70e+01
 20.00  -0.30 150.00   3.00   He  6.11e+00  1.70e+01
 20.00  -0.30 150.00   3.00    C  7.72e-01  1.70e+01
 20.00  -0.30 150.00   3.00    N  1.13e-01  1.70e+01
 20.00  -0.30 150.00   3.00    O  3.11e+00  1.70e+01
 20.00  -0.30 150.00   3.00    F  3.19e-04  1.70e+01
 20.00  -0.30 150.00   3.00   Ne  1.81e-01  1.70e+01
 20.00  -0.30 150.00   3.00   Mg  6.54e-02  1.70e+01
 20.00  -0.30 150.00   3.00   Si  2.27e-01  1.70e+01
 20.00  -0.30 150.00   3.00    S  8.84e-02  1.70e+01
 20.00  -0.30 150.00   3.00   Fe  8.25e-02  1.70e+01
 25.00  -0.30 150.00   2.83    p  7.76e+00  2.22e+01
 25.00  -0.30 150.00   2.83   He  7.72e+00  2.22e+01
 25.00  -0.30 150.00   2.83    C  9.56e-01  2.22e+01
 25.00  -0.30 150.00   2.83    N  8.55e-02  2.22e+01
 25.00  -0.30 150.00   2.83    O  4.48e+00  2.22e+01
 25.00  -0.30 150.00   2.83    F  3.43e-04  2.22e+01
 25.00  -0.30 150.00   2.83   Ne  5.82e-01  2.22e+01
 25.00  -0.30 150.00   2.83   Mg  1.42e-01  2.22e+01
 25.00  -0.30 150.00   2.83   Si  2.50e-01  2.22e+01
 25.00  -0.30 150.00   2.83    S  8.72e-02  2.22e+01
 25.00  -0.30 150.00   2.83   Fe  8.52e-02  2.22e+01
 30.00  -0.30 150.00   3.32    p  9.00e+00  2.67e+01
 30.00  -0.30 150.00   3.32   He  9.45e+00  2.67e+01
 30.00  -0.30 150.00   3.32    C  1.24e+00  2.67e+01
 30.00  -0.30 150.00   3.32    N  5.89e-02  2.67e+01
 30.00  -0.30 150.00   3.32    O  5.60e+00  2.67e+01
 30.00  -0.30 150.00   3.32    F  1.67e-04  2.67e+01
 30.00  -0.30 150.00   3.32   Ne  7.20e-01  2.67e+01
 30.00  -0.30 150.00   3.32   Mg  1.74e-01  2.67e+01
 30.00  -0.30 150.00   3.32   Si  2.66e-01  2.67e+01
 30.00  -0.30 150.00   3.32    S  1.04e-01  2.67e+01
 30.00  -0.30 150.00   3.32   Fe  8.70e-02  2.67e+01
 40.00  -0.30 150.00   4.32    p  1.11e+01  3.57e+01
 40.00  -0.30 150.00   4.32   He  1.11e+01  3.57e+01
 40.00  -0.30 150.00   4.32    C  2.06e+00  3.57e+01
 40.00  -0.30 150.00   4.32    N  9.08e-02  3.57e+01
 40.00  -0.30 150.00   4.32    O  9.26e+00  3.57e+01
 40.00  -0.30 150.00   4.32    F  3.80e-05  3.57e+01
 40.00  -0.30 150.00   4.32   Ne  1.06e+00  3.57e+01
 40.00  -0.30 150.00   4.32   Mg  3.17e-01  3.57e+01
 40.00  -0.30 150.00   4.32   Si  4.29e-01  3.57e+01
 40.00  -0.30 150.00   4.32    S  1.67e-01  3.57e+01
 40.00  -0.30 150.00   4.32   Fe  9.07e-02  3.57e+01
 60.00  -0.30 150.00   5.16    p  1.60e+01  5.48e+01
 60.00  -0.30 150.00   5.16   He  1.91e+01  5.48e+01
 60.00  -0.30 150.00   5.16    C  3.71e+00  5.48e+01
 60.00  -0.30 150.00   5.16    N  1.14e-01  5.48e+01
 60.00  -0.30 150.00   5.16    O  1.26e+01  5.48e+01
 60.00  -0.30 150.00   5.16    F  9.77e-06  5.48e+01
 60.00  -0.30 150.00   5.16   Ne  1.75e+00  5.48e+01
 60.00  -0.30 150.00   5.16   Mg  5.08e-01  5.48e+01
 60.00  -0.30 150.00   5.16   Si  5.97e-01  5.48e+01
 60.00  -0.30 150.00   5.16    S  2.19e-01  5.48e+01
 60.00  -0.30 150.00   5.16   Fe  1.01e-01  5.48e+01
 80.00  -0.30 150.00   7.84    p  1.99e+01  7.22e+01
 80.00  -0.30 150.00   7.84   He  2.51e+01  7.22e+01
 80.00  -0.30 150.00   7.84    C  5.16e+00  7.22e+01
 80.00  -0.30 150.00   7.84    N  1.53e-01  7.22e+01
 80.00  -0.30 150.00   7.84    O  1.79e+01  7.22e+01
 80.00  -0.30 150.00   7.84    F  7.42e-06  7.22e+01
 80.00  -0.30 150.00   7.84   Ne  1.85e+00  7.22e+01
 80.00  -0.30 150.00   7.84   Mg  7.54e-01  7.22e+01
 80.00  -0.30 150.00   7.84   Si  9.56e-01  7.22e+01
 80.00  -0.30 150.00   7.84    S  3.34e-01  7.22e+01
 80.00  -0.30 150.00   7.84   Fe  1.11e-01  7.22e+01
120.00  -0.30 150.00   7.98    p  2.76e+01  1.12e+02
120.00  -0.30 150.00   7.98   He  5.35e+01  1.12e+02
120.00  -0.30 150.00   7.98    C  6.19e+00  1.12e+02
120.00  -0.30 150.00   7.98    N  2.75e-01  1.12e+02
120.00  -0.30 150.00   7.98    O  2.01e+01  1.12e+02
120.00  -0.30 150.00   7.98    F  1.34e-05  1.12e+02
120.00  -0.30 150.00   7.98   Ne  1.83e+00  1.12e+02
120.00  -0.30 150.00   7.98   Mg  1.13e+00  1.12e+02
120.00  -0.30 150.00   7.98   Si  1.14e+00  1.12e+02
120.00  -0.30 150.00   7.98    S  3.82e-01  1.12e+02
120.00  -0.30 150.00   7.98   Fe  1.33e-01  1.12e+02
