#---Details of Columns:
#    M0 (solMass)          (F6.2)  [1/6.5] Initial mass [ucd=phys.mass]
#    [Fe/H]                (F7.2)  Initial metallicity [ucd=phys.abund.Z]
#    vel (km/s)            (F7.2)  Initial rotation [ucd=phys.mass]
#    M1 (solMass)          (F7.2)  Final mass (1) [ucd=phys.mass]
#    El                    (a4)    Species i (2) [ucd=phys.atmol.element]
#    M(i)lost (solMass)    (D9.2)  Mass of species i lost in the wind [ucd=phys.mass]
#    M(i)lostall (solMass) (D9.2)  Total mass lost in the wind [ucd=phys.mass]
#----- ------ ------ ------ ---- --------- -----------
#M0                                                                 
#(sol         vel    M1 (so      M(i)lost  M(i)lostall
#Mass) Z0     (km/s) lMass) El   (solMass) (solMass)  
#----- ------ ------ ------ ---- --------- -----------
 13.00   0.30 100.00   2.03    p  5.21e+00  1.10e+01
 13.00   0.30 100.00   2.03   He  4.17e+00  1.10e+01
 13.00   0.30 100.00   2.03    C  2.84e-01  1.10e+01
 13.00   0.30 100.00   2.03    N  3.72e-02  1.10e+01
 13.00   0.30 100.00   2.03    O  9.56e-01  1.10e+01
 13.00   0.30 100.00   2.03    F  1.08e-05  1.10e+01
 13.00   0.30 100.00   2.03   Ne  5.34e-02  1.10e+01
 13.00   0.30 100.00   2.03   Mg  2.22e-02  1.10e+01
 13.00   0.30 100.00   2.03   Si  9.39e-02  1.10e+01
 13.00   0.30 100.00   2.03    S  4.33e-02  1.10e+01
 13.00   0.30 100.00   2.03   Fe  8.89e-02  1.10e+01
 15.00   0.30 100.00   2.23    p  5.71e+00  1.28e+01
 15.00   0.30 100.00   2.23   He  4.69e+00  1.28e+01
 15.00   0.30 100.00   2.23    C  3.18e-01  1.28e+01
 15.00   0.30 100.00   2.23    N  3.96e-02  1.28e+01
 15.00   0.30 100.00   2.23    O  1.48e+00  1.28e+01
 15.00   0.30 100.00   2.23    F  4.35e-04  1.28e+01
 15.00   0.30 100.00   2.23   Ne  1.09e-01  1.28e+01
 15.00   0.30 100.00   2.23   Mg  4.22e-02  1.28e+01
 15.00   0.30 100.00   2.23   Si  1.15e-01  1.28e+01
 15.00   0.30 100.00   2.23    S  5.18e-02  1.28e+01
 15.00   0.30 100.00   2.23   Fe  2.44e-01  1.28e+01
 20.00   0.30 100.00   2.57    p  7.00e+00  1.74e+01
 20.00   0.30 100.00   2.57   He  6.64e+00  1.74e+01
 20.00   0.30 100.00   2.57    C  8.77e-01  1.74e+01
 20.00   0.30 100.00   2.57    N  5.99e-02  1.74e+01
 20.00   0.30 100.00   2.57    O  2.17e+00  1.74e+01
 20.00   0.30 100.00   2.57    F  7.78e-05  1.74e+01
 20.00   0.30 100.00   2.57   Ne  2.32e-01  1.74e+01
 20.00   0.30 100.00   2.57   Mg  8.49e-02  1.74e+01
 20.00   0.30 100.00   2.57   Si  2.05e-01  1.74e+01
 20.00   0.30 100.00   2.57    S  8.09e-02  1.74e+01
 20.00   0.30 100.00   2.57   Fe  9.73e-02  1.74e+01
 25.00   0.30 100.00   2.60    p  8.43e+00  2.24e+01
 25.00   0.30 100.00   2.60   He  8.31e+00  2.24e+01
 25.00   0.30 100.00   2.60    C  1.17e+00  2.24e+01
 25.00   0.30 100.00   2.60    N  7.72e-02  2.24e+01
 25.00   0.30 100.00   2.60    O  3.25e+00  2.24e+01
 25.00   0.30 100.00   2.60    F  1.27e-05  2.24e+01
 25.00   0.30 100.00   2.60   Ne  5.65e-01  2.24e+01
 25.00   0.30 100.00   2.60   Mg  1.43e-01  2.24e+01
 25.00   0.30 100.00   2.60   Si  2.49e-01  2.24e+01
 25.00   0.30 100.00   2.60    S  8.92e-02  2.24e+01
 25.00   0.30 100.00   2.60   Fe  1.02e-01  2.24e+01
 30.00   0.30 100.00   2.77    p  9.61e+00  2.72e+01
 30.00   0.30 100.00   2.77   He  1.01e+01  2.72e+01
 30.00   0.30 100.00   2.77    C  1.40e+00  2.72e+01
 30.00   0.30 100.00   2.77    N  9.56e-02  2.72e+01
 30.00   0.30 100.00   2.77    O  4.49e+00  2.72e+01
 30.00   0.30 100.00   2.77    F  9.43e-06  2.72e+01
 30.00   0.30 100.00   2.77   Ne  9.38e-01  2.72e+01
 30.00   0.30 100.00   2.77   Mg  2.07e-01  2.72e+01
 30.00   0.30 100.00   2.77   Si  2.49e-01  2.72e+01
 30.00   0.30 100.00   2.77    S  9.19e-02  2.72e+01
 30.00   0.30 100.00   2.77   Fe  1.06e-01  2.72e+01
 40.00   0.30 100.00   3.13    p  1.24e+01  3.69e+01
 40.00   0.30 100.00   3.13   He  1.41e+01  3.69e+01
 40.00   0.30 100.00   3.13    C  1.89e+00  3.69e+01
 40.00   0.30 100.00   3.13    N  1.44e-01  3.69e+01
 40.00   0.30 100.00   3.13    O  6.23e+00  3.69e+01
 40.00   0.30 100.00   3.13    F  2.83e-05  3.69e+01
 40.00   0.30 100.00   3.13   Ne  1.20e+00  3.69e+01
 40.00   0.30 100.00   3.13   Mg  2.63e-01  3.69e+01
 40.00   0.30 100.00   3.13   Si  2.93e-01  3.69e+01
 40.00   0.30 100.00   3.13    S  1.17e-01  3.69e+01
 40.00   0.30 100.00   3.13   Fe  1.15e-01  3.69e+01
 60.00   0.30 100.00   4.27    p  1.80e+01  5.57e+01
 60.00   0.30 100.00   4.27   He  2.26e+01  5.57e+01
 60.00   0.30 100.00   4.27    C  3.26e+00  5.57e+01
 60.00   0.30 100.00   4.27    N  2.31e-01  5.57e+01
 60.00   0.30 100.00   4.27    O  9.12e+00  5.57e+01
 60.00   0.30 100.00   4.27    F  1.86e-05  5.57e+01
 60.00   0.30 100.00   4.27   Ne  1.36e+00  5.57e+01
 60.00   0.30 100.00   4.27   Mg  3.69e-01  5.57e+01
 60.00   0.30 100.00   4.27   Si  4.53e-01  5.57e+01
 60.00   0.30 100.00   4.27    S  1.92e-01  5.57e+01
 60.00   0.30 100.00   4.27   Fe  1.38e-01  5.57e+01
 80.00   0.30 100.00   5.57    p  2.30e+01  7.44e+01
 80.00   0.30 100.00   5.57   He  3.11e+01  7.44e+01
 80.00   0.30 100.00   5.57    C  4.46e+00  7.44e+01
 80.00   0.30 100.00   5.57    N  3.19e-01  7.44e+01
 80.00   0.30 100.00   5.57    O  1.26e+01  7.44e+01
 80.00   0.30 100.00   5.57    F  1.49e-05  7.44e+01
 80.00   0.30 100.00   5.57   Ne  1.36e+00  7.44e+01
 80.00   0.30 100.00   5.57   Mg  4.61e-01  7.44e+01
 80.00   0.30 100.00   5.57   Si  6.78e-01  7.44e+01
 80.00   0.30 100.00   5.57    S  2.91e-01  7.44e+01
 80.00   0.30 100.00   5.57   Fe  1.61e-01  7.44e+01
120.00   0.30 100.00   6.00    p  3.38e+01  1.14e+02
120.00   0.30 100.00   6.00   He  5.66e+01  1.14e+02
120.00   0.30 100.00   6.00    C  5.69e+00  1.14e+02
120.00   0.30 100.00   6.00    N  5.47e-01  1.14e+02
120.00   0.30 100.00   6.00    O  1.44e+01  1.14e+02
120.00   0.30 100.00   6.00    F  2.63e-05  1.14e+02
120.00   0.30 100.00   6.00   Ne  1.23e+00  1.14e+02
120.00   0.30 100.00   6.00   Mg  6.05e-01  1.14e+02
120.00   0.30 100.00   6.00   Si  8.15e-01  1.14e+02
120.00   0.30 100.00   6.00    S  3.06e-01  1.14e+02
120.00   0.30 100.00   6.00   Fe  2.11e-01  1.14e+02
