#---Details of Columns:
#    M0 (solMass)          (F6.2)  [1/6.5] Initial mass [ucd=phys.mass]
#    [Fe/H]                (F7.2)  Initial metallicity [ucd=phys.abund.Z]
#    vel (km/s)            (F7.2)  Initial rotation [ucd=phys.mass]
#    M1 (solMass)          (F7.2)  Final mass (1) [ucd=phys.mass]
#    El                    (a4)    Species i (2) [ucd=phys.atmol.element]
#    M(i)lost (solMass)    (D9.2)  Mass of species i lost in the wind [ucd=phys.mass]
#    M(i)lostall (solMass) (D9.2)  Total mass lost in the wind [ucd=phys.mass]
#----- ------ ------ ------ ---- --------- -----------
#M0                                                                 
#(sol         vel    M1 (so      M(i)lost  M(i)lostall
#Mass) Z0     (km/s) lMass) El   (solMass) (solMass)  
#----- ------ ------ ------ ---- --------- -----------
 13.00  -0.60  50.00   1.80    p  5.72e+00  1.12e+01
 13.00  -0.60  50.00   1.80   He  4.35e+00  1.12e+01
 13.00  -0.60  50.00   1.80    C  1.94e-01  1.12e+01
 13.00  -0.60  50.00   1.80    N  2.87e-02  1.12e+01
 13.00  -0.60  50.00   1.80    O  6.07e-01  1.12e+01
 13.00  -0.60  50.00   1.80    F  7.23e-06  1.12e+01
 13.00  -0.60  50.00   1.80   Ne  6.29e-02  1.12e+01
 13.00  -0.60  50.00   1.80   Mg  2.10e-02  1.12e+01
 13.00  -0.60  50.00   1.80   Si  8.33e-02  1.12e+01
 13.00  -0.60  50.00   1.80    S  5.65e-02  1.12e+01
 13.00  -0.60  50.00   1.80   Fe  7.56e-02  1.12e+01
 15.00  -0.60  50.00   2.00    p  6.36e+00  1.30e+01
 15.00  -0.60  50.00   2.00   He  4.67e+00  1.30e+01
 15.00  -0.60  50.00   2.00    C  3.08e-01  1.30e+01
 15.00  -0.60  50.00   2.00    N  3.74e-02  1.30e+01
 15.00  -0.60  50.00   2.00    O  1.21e+00  1.30e+01
 15.00  -0.60  50.00   2.00    F  2.97e-05  1.30e+01
 15.00  -0.60  50.00   2.00   Ne  1.09e-01  1.30e+01
 15.00  -0.60  50.00   2.00   Mg  3.53e-02  1.30e+01
 15.00  -0.60  50.00   2.00   Si  1.10e-01  1.30e+01
 15.00  -0.60  50.00   2.00    S  4.71e-02  1.30e+01
 15.00  -0.60  50.00   2.00   Fe  7.77e-02  1.30e+01
 20.00  -0.60  50.00   2.27    p  7.86e+00  1.77e+01
 20.00  -0.60  50.00   2.27   He  6.60e+00  1.77e+01
 20.00  -0.60  50.00   2.27    C  4.71e-01  1.77e+01
 20.00  -0.60  50.00   2.27    N  5.29e-02  1.77e+01
 20.00  -0.60  50.00   2.27    O  2.01e+00  1.77e+01
 20.00  -0.60  50.00   2.27    F  1.41e-04  1.77e+01
 20.00  -0.60  50.00   2.27   Ne  3.86e-01  1.77e+01
 20.00  -0.60  50.00   2.27   Mg  1.03e-01  1.77e+01
 20.00  -0.60  50.00   2.27   Si  1.52e-01  1.77e+01
 20.00  -0.60  50.00   2.27    S  4.84e-02  1.77e+01
 20.00  -0.60  50.00   2.27   Fe  7.64e-02  1.77e+01
 25.00  -0.60  50.00   2.79    p  9.35e+00  2.22e+01
 25.00  -0.60  50.00   2.79   He  7.65e+00  2.22e+01
 25.00  -0.60  50.00   2.79    C  6.95e-01  2.22e+01
 25.00  -0.60  50.00   2.79    N  3.72e-02  2.22e+01
 25.00  -0.60  50.00   2.79    O  3.43e+00  2.22e+01
 25.00  -0.60  50.00   2.79    F  1.70e-04  2.22e+01
 25.00  -0.60  50.00   2.79   Ne  5.45e-01  2.22e+01
 25.00  -0.60  50.00   2.79   Mg  1.11e-01  2.22e+01
 25.00  -0.60  50.00   2.79   Si  1.94e-01  2.22e+01
 25.00  -0.60  50.00   2.79    S  6.24e-02  2.22e+01
 25.00  -0.60  50.00   2.79   Fe  7.62e-02  2.22e+01
 30.00  -0.60  50.00   3.16    p  1.07e+01  2.68e+01
 30.00  -0.60  50.00   3.16   He  1.03e+01  2.68e+01
 30.00  -0.60  50.00   3.16    C  9.32e-01  2.68e+01
 30.00  -0.60  50.00   3.16    N  2.66e-02  2.68e+01
 30.00  -0.60  50.00   3.16    O  3.90e+00  2.68e+01
 30.00  -0.60  50.00   3.16    F  8.42e-05  2.68e+01
 30.00  -0.60  50.00   3.16   Ne  4.94e-01  2.68e+01
 30.00  -0.60  50.00   3.16   Mg  1.11e-01  2.68e+01
 30.00  -0.60  50.00   3.16   Si  2.19e-01  2.68e+01
 30.00  -0.60  50.00   3.16    S  7.59e-02  2.68e+01
 30.00  -0.60  50.00   3.16   Fe  7.68e-02  2.68e+01
 40.00  -0.60  50.00   3.63    p  1.30e+01  3.64e+01
 40.00  -0.60  50.00   3.63   He  1.28e+01  3.64e+01
 40.00  -0.60  50.00   3.63    C  1.46e+00  3.64e+01
 40.00  -0.60  50.00   3.63    N  4.01e-02  3.64e+01
 40.00  -0.60  50.00   3.63    O  7.28e+00  3.64e+01
 40.00  -0.60  50.00   3.63    F  2.08e-05  3.64e+01
 40.00  -0.60  50.00   3.63   Ne  1.08e+00  3.64e+01
 40.00  -0.60  50.00   3.63   Mg  2.46e-01  3.64e+01
 40.00  -0.60  50.00   3.63   Si  3.22e-01  3.64e+01
 40.00  -0.60  50.00   3.63    S  1.11e-01  3.64e+01
 40.00  -0.60  50.00   3.63   Fe  7.80e-02  3.64e+01
 60.00  -0.60  50.00   5.28    p  1.78e+01  5.47e+01
 60.00  -0.60  50.00   5.28   He  1.97e+01  5.47e+01
 60.00  -0.60  50.00   5.28    C  2.72e+00  5.47e+01
 60.00  -0.60  50.00   5.28    N  5.07e-02  5.47e+01
 60.00  -0.60  50.00   5.28    O  1.22e+01  5.47e+01
 60.00  -0.60  50.00   5.28    F  5.64e-05  5.47e+01
 60.00  -0.60  50.00   5.28   Ne  1.07e+00  5.47e+01
 60.00  -0.60  50.00   5.28   Mg  3.19e-01  5.47e+01
 60.00  -0.60  50.00   5.28   Si  5.82e-01  5.47e+01
 60.00  -0.60  50.00   5.28    S  2.04e-01  5.47e+01
 60.00  -0.60  50.00   5.28   Fe  8.16e-02  5.47e+01
 80.00  -0.60  50.00   8.26    p  2.18e+01  7.17e+01
 80.00  -0.60  50.00   8.26   He  2.40e+01  7.17e+01
 80.00  -0.60  50.00   8.26    C  3.45e+00  7.17e+01
 80.00  -0.60  50.00   8.26    N  5.76e-02  7.17e+01
 80.00  -0.60  50.00   8.26    O  1.93e+01  7.17e+01
 80.00  -0.60  50.00   8.26    F  2.52e-05  7.17e+01
 80.00  -0.60  50.00   8.26   Ne  1.25e+00  7.17e+01
 80.00  -0.60  50.00   8.26   Mg  5.38e-01  7.17e+01
 80.00  -0.60  50.00   8.26   Si  9.81e-01  7.17e+01
 80.00  -0.60  50.00   8.26    S  3.24e-01  7.17e+01
 80.00  -0.60  50.00   8.26   Fe  8.50e-02  7.17e+01
120.00  -0.60  50.00   7.65    p  2.95e+01  1.12e+02
120.00  -0.60  50.00   7.65   He  4.23e+01  1.12e+02
120.00  -0.60  50.00   7.65    C  5.69e+00  1.12e+02
120.00  -0.60  50.00   7.65    N  1.16e-01  1.12e+02
120.00  -0.60  50.00   7.65    O  2.86e+01  1.12e+02
120.00  -0.60  50.00   7.65    F  3.37e-06  1.12e+02
120.00  -0.60  50.00   7.65   Ne  2.86e+00  1.12e+02
120.00  -0.60  50.00   7.65   Mg  1.54e+00  1.12e+02
120.00  -0.60  50.00   7.65   Si  1.32e+00  1.12e+02
120.00  -0.60  50.00   7.65    S  4.20e-01  1.12e+02
120.00  -0.60  50.00   7.65   Fe  9.30e-02  1.12e+02
