#---Details of Columns:
#    M0 (solMass)          (F6.2)  [1/6.5] Initial mass [ucd=phys.mass]
#    [Fe/H]                (F7.2)  Initial metallicity [ucd=phys.abund.Z]
#    vel (km/s)            (F7.2)  Initial rotation [ucd=phys.mass]
#    M1 (solMass)          (F7.2)  Final mass (1) [ucd=phys.mass]
#    El                    (a4)    Species i (2) [ucd=phys.atmol.element]
#    M(i)lost (solMass)    (D9.2)  Mass of species i lost in the wind [ucd=phys.mass]
#    M(i)lostall (solMass) (D9.2)  Total mass lost in the wind [ucd=phys.mass]
#----- ------ ------ ------ ---- --------- -----------
#M0                                                                 
#(sol         vel    M1 (so      M(i)lost  M(i)lostall
#Mass) Z0     (km/s) lMass) El   (solMass) (solMass)  
#----- ------ ------ ------ ---- --------- -----------
 13.00  -0.30 150.00   2.17    p  4.74e+00  1.08e+01
 13.00  -0.30 150.00   2.17   He  3.92e+00  1.08e+01
 13.00  -0.30 150.00   2.17    C  3.33e-01  1.08e+01
 13.00  -0.30 150.00   2.17    N  5.90e-02  1.08e+01
 13.00  -0.30 150.00   2.17    O  1.26e+00  1.08e+01
 13.00  -0.30 150.00   2.17    F  1.87e-05  1.08e+01
 13.00  -0.30 150.00   2.17   Ne  7.36e-02  1.08e+01
 13.00  -0.30 150.00   2.17   Mg  1.98e-02  1.08e+01
 13.00  -0.30 150.00   2.17   Si  1.31e-01  1.08e+01
 13.00  -0.30 150.00   2.17    S  1.07e-01  1.08e+01
 13.00  -0.30 150.00   2.17   Fe  7.79e-02  1.08e+01
 15.00  -0.30 150.00   2.40    p  5.18e+00  1.26e+01
 15.00  -0.30 150.00   2.40   He  4.48e+00  1.26e+01
 15.00  -0.30 150.00   2.40    C  3.92e-01  1.26e+01
 15.00  -0.30 150.00   2.40    N  7.35e-02  1.26e+01
 15.00  -0.30 150.00   2.40    O  1.90e+00  1.26e+01
 15.00  -0.30 150.00   2.40    F  2.76e-04  1.26e+01
 15.00  -0.30 150.00   2.40   Ne  1.17e-01  1.26e+01
 15.00  -0.30 150.00   2.40   Mg  3.99e-02  1.26e+01
 15.00  -0.30 150.00   2.40   Si  1.15e-01  1.26e+01
 15.00  -0.30 150.00   2.40    S  6.28e-02  1.26e+01
 15.00  -0.30 150.00   2.40   Fe  1.58e-01  1.26e+01
 20.00  -0.30 150.00   2.97    p  6.25e+00  1.70e+01
 20.00  -0.30 150.00   2.97   He  6.10e+00  1.70e+01
 20.00  -0.30 150.00   2.97    C  7.71e-01  1.70e+01
 20.00  -0.30 150.00   2.97    N  1.04e-01  1.70e+01
 20.00  -0.30 150.00   2.97    O  3.07e+00  1.70e+01
 20.00  -0.30 150.00   2.97    F  3.19e-04  1.70e+01
 20.00  -0.30 150.00   2.97   Ne  1.81e-01  1.70e+01
 20.00  -0.30 150.00   2.97   Mg  6.54e-02  1.70e+01
 20.00  -0.30 150.00   2.97   Si  2.27e-01  1.70e+01
 20.00  -0.30 150.00   2.97    S  8.84e-02  1.70e+01
 20.00  -0.30 150.00   2.97   Fe  8.00e-02  1.70e+01
 25.00  -0.30 150.00   2.80    p  7.76e+00  2.22e+01
 25.00  -0.30 150.00   2.80   He  7.71e+00  2.22e+01
 25.00  -0.30 150.00   2.80    C  9.56e-01  2.22e+01
 25.00  -0.30 150.00   2.80    N  7.81e-02  2.22e+01
 25.00  -0.30 150.00   2.80    O  4.42e+00  2.22e+01
 25.00  -0.30 150.00   2.80    F  3.43e-04  2.22e+01
 25.00  -0.30 150.00   2.80   Ne  5.81e-01  2.22e+01
 25.00  -0.30 150.00   2.80   Mg  1.42e-01  2.22e+01
 25.00  -0.30 150.00   2.80   Si  2.50e-01  2.22e+01
 25.00  -0.30 150.00   2.80    S  8.72e-02  2.22e+01
 25.00  -0.30 150.00   2.80   Fe  8.26e-02  2.22e+01
 30.00  -0.30 150.00  20.88    p  4.68e+00  9.12e+00
 30.00  -0.30 150.00  20.88   He  4.21e+00  9.12e+00
 30.00  -0.30 150.00  20.88    C  1.05e-01  9.12e+00
 30.00  -0.30 150.00  20.88    N  3.92e-02  9.12e+00
 30.00  -0.30 150.00  20.88    O  3.89e-02  9.12e+00
 30.00  -0.30 150.00  20.88    F  1.67e-06  9.12e+00
 30.00  -0.30 150.00  20.88   Ne  1.09e-02  9.12e+00
 30.00  -0.30 150.00  20.88   Mg  4.84e-03  9.12e+00
 30.00  -0.30 150.00  20.88   Si  4.77e-03  9.12e+00
 30.00  -0.30 150.00  20.88    S  2.18e-03  9.12e+00
 30.00  -0.30 150.00  20.88   Fe  8.69e-03  9.12e+00
 40.00  -0.30 150.00  18.70    p  1.11e+01  2.13e+01
 40.00  -0.30 150.00  18.70   He  9.75e+00  2.13e+01
 40.00  -0.30 150.00  18.70    C  1.73e-01  2.13e+01
 40.00  -0.30 150.00  18.70    N  7.55e-02  2.13e+01
 40.00  -0.30 150.00  18.70    O  5.59e-02  2.13e+01
 40.00  -0.30 150.00  18.70    F  2.43e-06  2.13e+01
 40.00  -0.30 150.00  18.70   Ne  1.75e-02  2.13e+01
 40.00  -0.30 150.00  18.70   Mg  7.83e-03  2.13e+01
 40.00  -0.30 150.00  18.70   Si  8.13e-03  2.13e+01
 40.00  -0.30 150.00  18.70    S  3.65e-03  2.13e+01
 40.00  -0.30 150.00  18.70   Fe  1.33e-02  2.13e+01
 60.00  -0.30 150.00  23.97    p  1.60e+01  3.60e+01
 60.00  -0.30 150.00  23.97   He  1.85e+01  3.60e+01
 60.00  -0.30 150.00  23.97    C  1.04e+00  3.60e+01
 60.00  -0.30 150.00  23.97    N  1.14e-01  3.60e+01
 60.00  -0.30 150.00  23.97    O  1.84e-01  3.60e+01
 60.00  -0.30 150.00  23.97    F  8.93e-06  3.60e+01
 60.00  -0.30 150.00  23.97   Ne  4.29e-02  3.60e+01
 60.00  -0.30 150.00  23.97   Mg  1.24e-02  3.60e+01
 60.00  -0.30 150.00  23.97   Si  1.31e-02  3.60e+01
 60.00  -0.30 150.00  23.97    S  5.88e-03  3.60e+01
 60.00  -0.30 150.00  23.97   Fe  2.10e-02  3.60e+01
 80.00  -0.30 150.00  33.23    p  1.99e+01  4.68e+01
 80.00  -0.30 150.00  33.23   He  2.44e+01  4.68e+01
 80.00  -0.30 150.00  33.23    C  1.79e+00  4.68e+01
 80.00  -0.30 150.00  33.23    N  1.53e-01  4.68e+01
 80.00  -0.30 150.00  33.23    O  3.44e-01  4.68e+01
 80.00  -0.30 150.00  33.23    F  6.88e-06  4.68e+01
 80.00  -0.30 150.00  33.23   Ne  6.44e-02  4.68e+01
 80.00  -0.30 150.00  33.23   Mg  1.66e-02  4.68e+01
 80.00  -0.30 150.00  33.23   Si  1.75e-02  4.68e+01
 80.00  -0.30 150.00  33.23    S  7.82e-03  4.68e+01
 80.00  -0.30 150.00  33.23   Fe  2.81e-02  4.68e+01
120.00  -0.30 150.00  37.17    p  2.76e+01  8.28e+01
120.00  -0.30 150.00  37.17   He  5.25e+01  8.28e+01
120.00  -0.30 150.00  37.17    C  1.96e+00  8.28e+01
120.00  -0.30 150.00  37.17    N  2.75e-01  8.28e+01
120.00  -0.30 150.00  37.17    O  3.09e-01  8.28e+01
120.00  -0.30 150.00  37.17    F  1.33e-05  8.28e+01
120.00  -0.30 150.00  37.17   Ne  9.98e-02  8.28e+01
120.00  -0.30 150.00  37.17   Mg  2.78e-02  8.28e+01
120.00  -0.30 150.00  37.17   Si  3.01e-02  8.28e+01
120.00  -0.30 150.00  37.17    S  1.35e-02  8.28e+01
120.00  -0.30 150.00  37.17   Fe  4.83e-02  8.28e+01
