#---Details of Columns:
#    M0 (solMass)          (F6.2)  [1/6.5] Initial mass [ucd=phys.mass]
#    [Fe/H]                (F7.2)  Initial metallicity [ucd=phys.abund.Z]
#    vel (km/s)            (F7.2)  Initial rotation [ucd=phys.mass]
#    M1 (solMass)          (F7.2)  Final mass (1) [ucd=phys.mass]
#    El                    (a4)    Species i (2) [ucd=phys.atmol.element]
#    M(i)lost (solMass)    (D9.2)  Mass of species i lost in the wind [ucd=phys.mass]
#    M(i)lostall (solMass) (D9.2)  Total mass lost in the wind [ucd=phys.mass]
#----- ------ ------ ------ ---- --------- -----------
#M0                                                                 
#(sol         vel    M1 (so      M(i)lost  M(i)lostall
#Mass) Z0     (km/s) lMass) El   (solMass) (solMass)  
#----- ------ ------ ------ ---- --------- -----------
 13.00  -0.60   0.00   1.60    p  6.21e+00  1.14e+01
 13.00  -0.60   0.00   1.60   He  4.57e+00  1.14e+01
 13.00  -0.60   0.00   1.60    C  1.34e-01  1.14e+01
 13.00  -0.60   0.00   1.60    N  8.00e-03  1.14e+01
 13.00  -0.60   0.00   1.60    O  2.80e-01  1.14e+01
 13.00  -0.60   0.00   1.60    F  4.30e-07  1.14e+01
 13.00  -0.60   0.00   1.60   Ne  5.32e-02  1.14e+01
 13.00  -0.60   0.00   1.60   Mg  2.23e-02  1.14e+01
 13.00  -0.60   0.00   1.60   Si  5.32e-02  1.14e+01
 13.00  -0.60   0.00   1.60    S  1.72e-02  1.14e+01
 13.00  -0.60   0.00   1.60   Fe  7.51e-02  1.14e+01
 15.00  -0.60   0.00   1.80    p  6.94e+00  1.32e+01
 15.00  -0.60   0.00   1.80   He  4.75e+00  1.32e+01
 15.00  -0.60   0.00   1.80    C  2.59e-01  1.32e+01
 15.00  -0.60   0.00   1.80    N  8.44e-03  1.32e+01
 15.00  -0.60   0.00   1.80    O  8.56e-01  1.32e+01
 15.00  -0.60   0.00   1.80    F  4.74e-07  1.32e+01
 15.00  -0.60   0.00   1.80   Ne  9.80e-02  1.32e+01
 15.00  -0.60   0.00   1.80   Mg  3.29e-02  1.32e+01
 15.00  -0.60   0.00   1.80   Si  1.08e-01  1.32e+01
 15.00  -0.60   0.00   1.80    S  3.75e-02  1.32e+01
 15.00  -0.60   0.00   1.80   Fe  7.61e-02  1.32e+01
 20.00  -0.60   0.00   1.90    p  8.66e+00  1.81e+01
 20.00  -0.60   0.00   1.90   He  6.91e+00  1.81e+01
 20.00  -0.60   0.00   1.90    C  4.05e-01  1.81e+01
 20.00  -0.60   0.00   1.90    N  1.13e-02  1.81e+01
 20.00  -0.60   0.00   1.90    O  1.34e+00  1.81e+01
 20.00  -0.60   0.00   1.90    F  7.02e-07  1.81e+01
 20.00  -0.60   0.00   1.90   Ne  4.77e-01  1.81e+01
 20.00  -0.60   0.00   1.90   Mg  1.20e-01  1.81e+01
 20.00  -0.60   0.00   1.90   Si  1.15e-01  1.81e+01
 20.00  -0.60   0.00   1.90    S  3.07e-02  1.81e+01
 20.00  -0.60   0.00   1.90   Fe  7.66e-02  1.81e+01
 25.00  -0.60   0.00   2.79    p  1.01e+01  2.22e+01
 25.00  -0.60   0.00   2.79   He  7.76e+00  2.22e+01
 25.00  -0.60   0.00   2.79    C  6.86e-01  2.22e+01
 25.00  -0.60   0.00   2.79    N  1.32e-02  2.22e+01
 25.00  -0.60   0.00   2.79    O  2.70e+00  2.22e+01
 25.00  -0.60   0.00   2.79    F  2.60e-06  2.22e+01
 25.00  -0.60   0.00   2.79   Ne  4.81e-01  2.22e+01
 25.00  -0.60   0.00   2.79   Mg  9.33e-02  2.22e+01
 25.00  -0.60   0.00   2.79   Si  1.80e-01  2.22e+01
 25.00  -0.60   0.00   2.79    S  5.53e-02  2.22e+01
 25.00  -0.60   0.00   2.79   Fe  7.59e-02  2.22e+01
 30.00  -0.60   0.00   2.90    p  1.15e+01  2.71e+01
 30.00  -0.60   0.00   2.90   He  1.09e+01  2.71e+01
 30.00  -0.60   0.00   2.90    C  8.94e-01  2.71e+01
 30.00  -0.60   0.00   2.90    N  2.27e-02  2.71e+01
 30.00  -0.60   0.00   2.90    O  2.93e+00  2.71e+01
 30.00  -0.60   0.00   2.90    F  2.80e-06  2.71e+01
 30.00  -0.60   0.00   2.90   Ne  4.78e-01  2.71e+01
 30.00  -0.60   0.00   2.90   Mg  9.72e-02  2.71e+01
 30.00  -0.60   0.00   2.90   Si  1.92e-01  2.71e+01
 30.00  -0.60   0.00   2.90    S  5.84e-02  2.71e+01
 30.00  -0.60   0.00   2.90   Fe  7.65e-02  2.71e+01
 40.00  -0.60   0.00   3.00    p  1.40e+01  3.70e+01
 40.00  -0.60   0.00   3.00   He  1.45e+01  3.70e+01
 40.00  -0.60   0.00   3.00    C  1.22e+00  3.70e+01
 40.00  -0.60   0.00   3.00    N  3.26e-02  3.70e+01
 40.00  -0.60   0.00   3.00    O  5.59e+00  3.70e+01
 40.00  -0.60   0.00   3.00    F  5.79e-06  3.70e+01
 40.00  -0.60   0.00   3.00   Ne  1.11e+00  3.70e+01
 40.00  -0.60   0.00   3.00   Mg  1.98e-01  3.70e+01
 40.00  -0.60   0.00   3.00   Si  2.37e-01  3.70e+01
 40.00  -0.60   0.00   3.00    S  7.29e-02  3.70e+01
 40.00  -0.60   0.00   3.00   Fe  7.78e-02  3.70e+01
 60.00  -0.60   0.00   5.18    p  1.88e+01  5.48e+01
 60.00  -0.60   0.00   5.18   He  2.08e+01  5.48e+01
 60.00  -0.60   0.00   5.18    C  2.13e+00  5.48e+01
 60.00  -0.60   0.00   5.18    N  5.11e-02  5.48e+01
 60.00  -0.60   0.00   5.18    O  1.13e+01  5.48e+01
 60.00  -0.60   0.00   5.18    F  8.25e-05  5.48e+01
 60.00  -0.60   0.00   5.18   Ne  6.65e-01  5.48e+01
 60.00  -0.60   0.00   5.18   Mg  2.01e-01  5.48e+01
 60.00  -0.60   0.00   5.18   Si  5.47e-01  5.48e+01
 60.00  -0.60   0.00   5.18    S  1.94e-01  5.48e+01
 60.00  -0.60   0.00   5.18   Fe  8.08e-02  5.48e+01
 80.00  -0.60   0.00   7.96    p  2.32e+01  7.20e+01
 80.00  -0.60   0.00   7.96   He  2.50e+01  7.20e+01
 80.00  -0.60   0.00   7.96    C  2.45e+00  7.20e+01
 80.00  -0.60   0.00   7.96    N  5.56e-02  7.20e+01
 80.00  -0.60   0.00   7.96    O  1.88e+01  7.20e+01
 80.00  -0.60   0.00   7.96    F  3.58e-05  7.20e+01
 80.00  -0.60   0.00   7.96   Ne  8.41e-01  7.20e+01
 80.00  -0.60   0.00   7.96   Mg  3.67e-01  7.20e+01
 80.00  -0.60   0.00   7.96   Si  9.34e-01  7.20e+01
 80.00  -0.60   0.00   7.96    S  3.13e-01  7.20e+01
 80.00  -0.60   0.00   7.96   Fe  8.48e-02  7.20e+01
120.00  -0.60   0.00   6.99    p  3.17e+01  1.13e+02
120.00  -0.60   0.00   6.99   He  3.79e+01  1.13e+02
120.00  -0.60   0.00   6.99    C  5.28e+00  1.13e+02
120.00  -0.60   0.00   6.99    N  1.11e-01  1.13e+02
120.00  -0.60   0.00   6.99    O  3.13e+01  1.13e+02
120.00  -0.60   0.00   6.99    F  1.62e-06  1.13e+02
120.00  -0.60   0.00   6.99   Ne  3.22e+00  1.13e+02
120.00  -0.60   0.00   6.99   Mg  1.60e+00  1.13e+02
120.00  -0.60   0.00   6.99   Si  1.33e+00  1.13e+02
120.00  -0.60   0.00   6.99    S  4.18e-01  1.13e+02
120.00  -0.60   0.00   6.99   Fe  9.24e-02  1.13e+02
