#---Details of Columns:
#    M0 (solMass)          (F6.2)  [1/6.5] Initial mass [ucd=phys.mass]
#    [Fe/H]                (F7.2)  Initial metallicity [ucd=phys.abund.Z]
#    vel (km/s)            (F7.2)  Initial rotation [ucd=phys.mass]
#    M1 (solMass)          (F7.2)  Final mass (1) [ucd=phys.mass]
#    El                    (a4)    Species i (2) [ucd=phys.atmol.element]
#    M(i)lost (solMass)    (D9.2)  Mass of species i lost in the wind [ucd=phys.mass]
#    M(i)lostall (solMass) (D9.2)  Total mass lost in the wind [ucd=phys.mass]
#----- ------ ------ ------ ---- --------- -----------
#M0                                                                 
#(sol         vel    M1 (so      M(i)lost  M(i)lostall
#Mass) Z0     (km/s) lMass) El   (solMass) (solMass)  
#----- ------ ------ ------ ---- --------- -----------
 13.00  -1.00 250.00   2.34    p  4.55e+00  1.07e+01
 13.00  -1.00 250.00   2.34   He  3.73e+00  1.07e+01
 13.00  -1.00 250.00   2.34    C  2.03e-01  1.07e+01
 13.00  -1.00 250.00   2.34    N  6.41e-02  1.07e+01
 13.00  -1.00 250.00   2.34    O  1.35e+00  1.07e+01
 13.00  -1.00 250.00   2.34    F  3.10e-05  1.07e+01
 13.00  -1.00 250.00   2.34   Ne  1.21e-01  1.07e+01
 13.00  -1.00 250.00   2.34   Mg  4.51e-02  1.07e+01
 13.00  -1.00 250.00   2.34   Si  2.84e-01  1.07e+01
 13.00  -1.00 250.00   2.34    S  2.41e-01  1.07e+01
 13.00  -1.00 250.00   2.34   Fe  8.70e-02  1.07e+01
 15.00  -1.00 250.00   2.53    p  5.12e+00  1.25e+01
 15.00  -1.00 250.00   2.53   He  4.32e+00  1.25e+01
 15.00  -1.00 250.00   2.53    C  2.61e-01  1.25e+01
 15.00  -1.00 250.00   2.53    N  7.12e-02  1.25e+01
 15.00  -1.00 250.00   2.53    O  1.73e+00  1.25e+01
 15.00  -1.00 250.00   2.53    F  8.27e-05  1.25e+01
 15.00  -1.00 250.00   2.53   Ne  1.37e-01  1.25e+01
 15.00  -1.00 250.00   2.53   Mg  5.32e-02  1.25e+01
 15.00  -1.00 250.00   2.53   Si  3.52e-01  1.25e+01
 15.00  -1.00 250.00   2.53    S  3.06e-01  1.25e+01
 15.00  -1.00 250.00   2.53   Fe  9.11e-02  1.25e+01
 20.00  -1.00 250.00   3.35    p  6.44e+00  1.67e+01
 20.00  -1.00 250.00   3.35   He  5.51e+00  1.67e+01
 20.00  -1.00 250.00   3.35    C  4.82e-01  1.67e+01
 20.00  -1.00 250.00   3.35    N  5.93e-02  1.67e+01
 20.00  -1.00 250.00   3.35    O  3.45e+00  1.67e+01
 20.00  -1.00 250.00   3.35    F  2.34e-04  1.67e+01
 20.00  -1.00 250.00   3.35   Ne  2.27e-01  1.67e+01
 20.00  -1.00 250.00   3.35   Mg  8.47e-02  1.67e+01
 20.00  -1.00 250.00   3.35   Si  2.05e-01  1.67e+01
 20.00  -1.00 250.00   3.35    S  1.02e-01  1.67e+01
 20.00  -1.00 250.00   3.35   Fe  7.70e-02  1.67e+01
 25.00  -1.00 250.00   3.35    p  8.02e+00  2.17e+01
 25.00  -1.00 250.00   3.35   He  5.94e+00  2.17e+01
 25.00  -1.00 250.00   3.35    C  9.23e-01  2.17e+01
 25.00  -1.00 250.00   3.35    N  3.05e-02  2.17e+01
 25.00  -1.00 250.00   3.35    O  5.47e+00  2.17e+01
 25.00  -1.00 250.00   3.35    F  6.75e-04  2.17e+01
 25.00  -1.00 250.00   3.35   Ne  7.32e-01  2.17e+01
 25.00  -1.00 250.00   3.35   Mg  1.49e-01  2.17e+01
 25.00  -1.00 250.00   3.35   Si  2.52e-01  2.17e+01
 25.00  -1.00 250.00   3.35    S  8.78e-02  2.17e+01
 25.00  -1.00 250.00   3.35   Fe  7.50e-02  2.17e+01
 30.00  -1.00 250.00   3.86    p  9.17e+00  2.61e+01
 30.00  -1.00 250.00   3.86   He  6.80e+00  2.61e+01
 30.00  -1.00 250.00   3.86    C  1.46e+00  2.61e+01
 30.00  -1.00 250.00   3.86    N  2.76e-02  2.61e+01
 30.00  -1.00 250.00   3.86    O  7.07e+00  2.61e+01
 30.00  -1.00 250.00   3.86    F  8.18e-04  2.61e+01
 30.00  -1.00 250.00   3.86   Ne  9.00e-01  2.61e+01
 30.00  -1.00 250.00   3.86   Mg  1.86e-01  2.61e+01
 30.00  -1.00 250.00   3.86   Si  3.23e-01  2.61e+01
 30.00  -1.00 250.00   3.86    S  1.16e-01  2.61e+01
 30.00  -1.00 250.00   3.86   Fe  7.47e-02  2.61e+01
 40.00  -1.00 250.00   5.22    p  1.13e+01  3.48e+01
 40.00  -1.00 250.00   5.22   He  7.47e+00  3.48e+01
 40.00  -1.00 250.00   5.22    C  2.24e+00  3.48e+01
 40.00  -1.00 250.00   5.22    N  5.79e-02  3.48e+01
 40.00  -1.00 250.00   5.22    O  1.13e+01  3.48e+01
 40.00  -1.00 250.00   5.22    F  2.81e-04  3.48e+01
 40.00  -1.00 250.00   5.22   Ne  1.34e+00  3.48e+01
 40.00  -1.00 250.00   5.22   Mg  4.15e-01  3.48e+01
 40.00  -1.00 250.00   5.22   Si  4.71e-01  3.48e+01
 40.00  -1.00 250.00   5.22    S  1.64e-01  3.48e+01
 40.00  -1.00 250.00   5.22   Fe  7.53e-02  3.48e+01
 60.00  -1.00 250.00   7.30    p  1.47e+01  5.27e+01
 60.00  -1.00 250.00   7.30   He  1.18e+01  5.27e+01
 60.00  -1.00 250.00   7.30    C  3.71e+00  5.27e+01
 60.00  -1.00 250.00   7.30    N  6.51e-02  5.27e+01
 60.00  -1.00 250.00   7.30    O  1.85e+01  5.27e+01
 60.00  -1.00 250.00   7.30    F  9.97e-05  5.27e+01
 60.00  -1.00 250.00   7.30   Ne  1.88e+00  5.27e+01
 60.00  -1.00 250.00   7.30   Mg  7.64e-01  5.27e+01
 60.00  -1.00 250.00   7.30   Si  8.75e-01  5.27e+01
 60.00  -1.00 250.00   7.30    S  2.94e-01  5.27e+01
 60.00  -1.00 250.00   7.30   Fe  7.99e-02  5.27e+01
 80.00  -1.00 250.00   8.90    p  1.83e+01  7.11e+01
 80.00  -1.00 250.00   8.90   He  1.86e+01  7.11e+01
 80.00  -1.00 250.00   8.90    C  4.54e+00  7.11e+01
 80.00  -1.00 250.00   8.90    N  6.09e-02  7.11e+01
 80.00  -1.00 250.00   8.90    O  2.41e+01  7.11e+01
 80.00  -1.00 250.00   8.90    F  6.43e-05  7.11e+01
 80.00  -1.00 250.00   8.90   Ne  2.62e+00  7.11e+01
 80.00  -1.00 250.00   8.90   Mg  1.21e+00  7.11e+01
 80.00  -1.00 250.00   8.90   Si  1.15e+00  7.11e+01
 80.00  -1.00 250.00   8.90    S  3.69e-01  7.11e+01
 80.00  -1.00 250.00   8.90   Fe  7.99e-02  7.11e+01
120.00  -1.00 250.00  20.54    p  2.25e+01  9.95e+01
120.00  -1.00 250.00  20.54   He  3.62e+01  9.95e+01
120.00  -1.00 250.00  20.54    C  5.78e+00  9.95e+01
120.00  -1.00 250.00  20.54    N  8.35e-02  9.95e+01
120.00  -1.00 250.00  20.54    O  3.11e+01  9.95e+01
120.00  -1.00 250.00  20.54    F  2.81e-06  9.95e+01
120.00  -1.00 250.00  20.54   Ne  2.11e+00  9.95e+01
120.00  -1.00 250.00  20.54   Mg  8.15e-01  9.95e+01
120.00  -1.00 250.00  20.54   Si  6.08e-01  9.95e+01
120.00  -1.00 250.00  20.54    S  1.97e-01  9.95e+01
120.00  -1.00 250.00  20.54   Fe  6.42e-02  9.95e+01
