#---Details of Columns:
#    M0 (solMass)          (F6.2)  [1/6.5] Initial mass [ucd=phys.mass]
#    [Fe/H]                (F7.2)  Initial metallicity [ucd=phys.abund.Z]
#    vel (km/s)            (F7.2)  Initial rotation [ucd=phys.mass]
#    M1 (solMass)          (F7.2)  Final mass (1) [ucd=phys.mass]
#    El                    (a4)    Species i (2) [ucd=phys.atmol.element]
#    M(i)lost (solMass)    (D9.2)  Mass of species i lost in the wind [ucd=phys.mass]
#    M(i)lostall (solMass) (D9.2)  Total mass lost in the wind [ucd=phys.mass]
#----- ------ ------ ------ ---- --------- -----------
#M0                                                                 
#(sol         vel    M1 (so      M(i)lost  M(i)lostall
#Mass) Z0     (km/s) lMass) El   (solMass) (solMass)  
#----- ------ ------ ------ ---- --------- -----------
 13.00  -2.00  50.00   1.85    p  5.78e+00  1.11e+01
 13.00  -2.00  50.00   1.85   He  4.24e+00  1.11e+01
 13.00  -2.00  50.00   1.85    C  2.03e-01  1.11e+01
 13.00  -2.00  50.00   1.85    N  1.38e-02  1.11e+01
 13.00  -2.00  50.00   1.85    O  6.75e-01  1.11e+01
 13.00  -2.00  50.00   1.85    F  2.78e-05  1.11e+01
 13.00  -2.00  50.00   1.85   Ne  3.84e-02  1.11e+01
 13.00  -2.00  50.00   1.85   Mg  1.68e-02  1.11e+01
 13.00  -2.00  50.00   1.85   Si  6.72e-02  1.11e+01
 13.00  -2.00  50.00   1.85    S  2.47e-02  1.11e+01
 13.00  -2.00  50.00   1.85   Fe  7.06e-02  1.11e+01
 15.00  -2.00  50.00   2.01    p  6.48e+00  1.30e+01
 15.00  -2.00  50.00   2.01   He  4.68e+00  1.30e+01
 15.00  -2.00  50.00   2.01    C  3.06e-01  1.30e+01
 15.00  -2.00  50.00   2.01    N  1.16e-02  1.30e+01
 15.00  -2.00  50.00   2.01    O  1.11e+00  1.30e+01
 15.00  -2.00  50.00   2.01    F  3.44e-04  1.30e+01
 15.00  -2.00  50.00   2.01   Ne  5.18e-02  1.30e+01
 15.00  -2.00  50.00   2.01   Mg  1.92e-02  1.30e+01
 15.00  -2.00  50.00   2.01   Si  1.32e-01  1.30e+01
 15.00  -2.00  50.00   2.01    S  9.33e-02  1.30e+01
 15.00  -2.00  50.00   2.01   Fe  7.10e-02  1.30e+01
 20.00  -2.00  50.00   2.22    p  8.23e+00  1.78e+01
 20.00  -2.00  50.00   2.22   He  6.35e+00  1.78e+01
 20.00  -2.00  50.00   2.22    C  4.58e-01  1.78e+01
 20.00  -2.00  50.00   2.22    N  2.19e-02  1.78e+01
 20.00  -2.00  50.00   2.22    O  1.96e+00  1.78e+01
 20.00  -2.00  50.00   2.22    F  2.41e-04  1.78e+01
 20.00  -2.00  50.00   2.22   Ne  3.72e-01  1.78e+01
 20.00  -2.00  50.00   2.22   Mg  8.77e-02  1.78e+01
 20.00  -2.00  50.00   2.22   Si  1.25e-01  1.78e+01
 20.00  -2.00  50.00   2.22    S  4.01e-02  1.78e+01
 20.00  -2.00  50.00   2.22   Fe  7.09e-02  1.78e+01
 25.00  -2.00  50.00   2.52    p  9.82e+00  2.25e+01
 25.00  -2.00  50.00   2.52   He  7.69e+00  2.25e+01
 25.00  -2.00  50.00   2.52    C  6.33e-01  2.25e+01
 25.00  -2.00  50.00   2.52    N  1.85e-02  2.25e+01
 25.00  -2.00  50.00   2.52    O  3.22e+00  2.25e+01
 25.00  -2.00  50.00   2.52    F  6.23e-05  2.25e+01
 25.00  -2.00  50.00   2.52   Ne  6.53e-01  2.25e+01
 25.00  -2.00  50.00   2.52   Mg  1.20e-01  2.25e+01
 25.00  -2.00  50.00   2.52   Si  1.51e-01  2.25e+01
 25.00  -2.00  50.00   2.52    S  4.50e-02  2.25e+01
 25.00  -2.00  50.00   2.52   Fe  7.05e-02  2.25e+01
 30.00  -2.00  50.00  29.08    p  6.32e-01  9.21e-01
 30.00  -2.00  50.00  29.08   He  2.87e-01  9.21e-01
 30.00  -2.00  50.00  29.08    C  5.98e-06  9.21e-01
 30.00  -2.00  50.00  29.08    N  6.78e-05  9.21e-01
 30.00  -2.00  50.00  29.08    O  6.17e-05  9.21e-01
 30.00  -2.00  50.00  29.08    F  9.56e-10  9.21e-01
 30.00  -2.00  50.00  29.08   Ne  5.12e-06  9.21e-01
 30.00  -2.00  50.00  29.08   Mg  5.67e-06  9.21e-01
 30.00  -2.00  50.00  29.08   Si  8.03e-06  9.21e-01
 30.00  -2.00  50.00  29.08    S  3.22e-06  9.21e-01
 30.00  -2.00  50.00  29.08   Fe  6.03e-06  9.21e-01
 40.00  -2.00  50.00  34.47    p  3.85e+00  5.53e+00
 40.00  -2.00  50.00  34.47   He  1.68e+00  5.53e+00
 40.00  -2.00  50.00  34.47    C  1.30e-03  5.53e+00
 40.00  -2.00  50.00  34.47    N  2.05e-03  5.53e+00
 40.00  -2.00  50.00  34.47    O  9.13e-04  5.53e+00
 40.00  -2.00  50.00  34.47    F  7.92e-09  5.53e+00
 40.00  -2.00  50.00  34.47   Ne  3.13e-05  5.53e+00
 40.00  -2.00  50.00  34.47   Mg  3.09e-05  5.53e+00
 40.00  -2.00  50.00  34.47   Si  4.36e-05  5.53e+00
 40.00  -2.00  50.00  34.47    S  1.76e-05  5.53e+00
 40.00  -2.00  50.00  34.47   Fe  3.27e-05  5.53e+00
 60.00  -2.00  50.00  53.16    p  4.70e+00  6.84e+00
 60.00  -2.00  50.00  53.16   He  2.12e+00  6.84e+00
 60.00  -2.00  50.00  53.16    C  4.39e-03  6.84e+00
 60.00  -2.00  50.00  53.16    N  3.36e-03  6.84e+00
 60.00  -2.00  50.00  53.16    O  3.18e-03  6.84e+00
 60.00  -2.00  50.00  53.16    F  9.36e-09  6.84e+00
 60.00  -2.00  50.00  53.16   Ne  4.54e-05  6.84e+00
 60.00  -2.00  50.00  53.16   Mg  4.01e-05  6.84e+00
 60.00  -2.00  50.00  53.16   Si  5.72e-05  6.84e+00
 60.00  -2.00  50.00  53.16    S  2.29e-05  6.84e+00
 60.00  -2.00  50.00  53.16   Fe  4.28e-05  6.84e+00
 80.00  -2.00  50.00  70.26    p  6.57e+00  9.74e+00
 80.00  -2.00  50.00  70.26   He  3.16e+00  9.74e+00
 80.00  -2.00  50.00  70.26    C  1.39e-02  9.74e+00
 80.00  -2.00  50.00  70.26    N  5.14e-03  9.74e+00
 80.00  -2.00  50.00  70.26    O  8.36e-03  9.74e+00
 80.00  -2.00  50.00  70.26    F  1.22e-08  9.74e+00
 80.00  -2.00  50.00  70.26   Ne  7.77e-05  9.74e+00
 80.00  -2.00  50.00  70.26   Mg  5.60e-05  9.74e+00
 80.00  -2.00  50.00  70.26   Si  8.07e-05  9.74e+00
 80.00  -2.00  50.00  70.26    S  3.20e-05  9.74e+00
 80.00  -2.00  50.00  70.26   Fe  5.96e-05  9.74e+00
120.00  -2.00  50.00 100.47    p  1.12e+01  1.95e+01
120.00  -2.00  50.00 100.47   He  8.21e+00  1.95e+01
120.00  -2.00  50.00 100.47    C  6.20e-02  1.95e+01
120.00  -2.00  50.00 100.47    N  7.72e-03  1.95e+01
120.00  -2.00  50.00 100.47    O  2.89e-02  1.95e+01
120.00  -2.00  50.00 100.47    F  2.81e-08  1.95e+01
120.00  -2.00  50.00 100.47   Ne  2.39e-04  1.95e+01
120.00  -2.00  50.00 100.47   Mg  1.26e-04  1.95e+01
120.00  -2.00  50.00 100.47   Si  1.98e-04  1.95e+01
120.00  -2.00  50.00 100.47    S  7.39e-05  1.95e+01
120.00  -2.00  50.00 100.47   Fe  1.38e-04  1.95e+01
