#---Details of Columns:
#    M0 (solMass)          (F6.2)  [1/6.5] Initial mass [ucd=phys.mass]
#    [Fe/H]                (F7.2)  Initial metallicity [ucd=phys.abund.Z]
#    vel (km/s)            (F7.2)  Initial rotation [ucd=phys.mass]
#    M1 (solMass)          (F7.2)  Final mass (1) [ucd=phys.mass]
#    El                    (a4)    Species i (2) [ucd=phys.atmol.element]
#    M(i)lost (solMass)    (D9.2)  Mass of species i lost in the wind [ucd=phys.mass]
#    M(i)lostall (solMass) (D9.2)  Total mass lost in the wind [ucd=phys.mass]
#----- ------ ------ ------ ---- --------- -----------
#M0                                                                 
#(sol         vel    M1 (so      M(i)lost  M(i)lostall
#Mass) Z0     (km/s) lMass) El   (solMass) (solMass)  
#----- ------ ------ ------ ---- --------- -----------
 13.00  -0.30  50.00   1.79    p  5.71e+00  1.12e+01
 13.00  -0.30  50.00   1.79   He  4.37e+00  1.12e+01
 13.00  -0.30  50.00   1.79    C  1.96e-01  1.12e+01
 13.00  -0.30  50.00   1.79    N  3.09e-02  1.12e+01
 13.00  -0.30  50.00   1.79    O  6.05e-01  1.12e+01
 13.00  -0.30  50.00   1.79    F  7.24e-06  1.12e+01
 13.00  -0.30  50.00   1.79   Ne  5.84e-02  1.12e+01
 13.00  -0.30  50.00   1.79   Mg  2.14e-02  1.12e+01
 13.00  -0.30  50.00   1.79   Si  8.28e-02  1.12e+01
 13.00  -0.30  50.00   1.79    S  4.97e-02  1.12e+01
 13.00  -0.30  50.00   1.79   Fe  8.03e-02  1.12e+01
 15.00  -0.30  50.00   1.99    p  6.34e+00  1.30e+01
 15.00  -0.30  50.00   1.99   He  4.75e+00  1.30e+01
 15.00  -0.30  50.00   1.99    C  2.95e-01  1.30e+01
 15.00  -0.30  50.00   1.99    N  3.77e-02  1.30e+01
 15.00  -0.30  50.00   1.99    O  1.15e+00  1.30e+01
 15.00  -0.30  50.00   1.99    F  9.30e-05  1.30e+01
 15.00  -0.30  50.00   1.99   Ne  1.14e-01  1.30e+01
 15.00  -0.30  50.00   1.99   Mg  3.84e-02  1.30e+01
 15.00  -0.30  50.00   1.99   Si  1.11e-01  1.30e+01
 15.00  -0.30  50.00   1.99    S  4.74e-02  1.30e+01
 15.00  -0.30  50.00   1.99   Fe  1.08e-01  1.30e+01
 20.00  -0.30  50.00   2.22    p  7.83e+00  1.78e+01
 20.00  -0.30  50.00   2.22   He  6.70e+00  1.78e+01
 20.00  -0.30  50.00   2.22    C  5.28e-01  1.78e+01
 20.00  -0.30  50.00   2.22    N  5.26e-02  1.78e+01
 20.00  -0.30  50.00   2.22    O  1.91e+00  1.78e+01
 20.00  -0.30  50.00   2.22    F  1.08e-04  1.78e+01
 20.00  -0.30  50.00   2.22   Ne  3.66e-01  1.78e+01
 20.00  -0.30  50.00   2.22   Mg  1.04e-01  1.78e+01
 20.00  -0.30  50.00   2.22   Si  1.60e-01  1.78e+01
 20.00  -0.30  50.00   2.22    S  5.37e-02  1.78e+01
 20.00  -0.30  50.00   2.22   Fe  8.40e-02  1.78e+01
 25.00  -0.30  50.00   2.63    p  9.32e+00  2.24e+01
 25.00  -0.30  50.00   2.63   He  7.88e+00  2.24e+01
 25.00  -0.30  50.00   2.63    C  7.62e-01  2.24e+01
 25.00  -0.30  50.00   2.63    N  4.76e-02  2.24e+01
 25.00  -0.30  50.00   2.63    O  3.24e+00  2.24e+01
 25.00  -0.30  50.00   2.63    F  1.17e-04  2.24e+01
 25.00  -0.30  50.00   2.63   Ne  6.05e-01  2.24e+01
 25.00  -0.30  50.00   2.63   Mg  1.24e-01  2.24e+01
 25.00  -0.30  50.00   2.63   Si  1.93e-01  2.24e+01
 25.00  -0.30  50.00   2.63    S  6.51e-02  2.24e+01
 25.00  -0.30  50.00   2.63   Fe  8.50e-02  2.24e+01
 30.00  -0.30  50.00   3.09    p  1.07e+01  2.69e+01
 30.00  -0.30  50.00   3.09   He  1.02e+01  2.69e+01
 30.00  -0.30  50.00   3.09    C  9.89e-01  2.69e+01
 30.00  -0.30  50.00   3.09    N  4.55e-02  2.69e+01
 30.00  -0.30  50.00   3.09    O  3.89e+00  2.69e+01
 30.00  -0.30  50.00   3.09    F  5.96e-05  2.69e+01
 30.00  -0.30  50.00   3.09   Ne  5.84e-01  2.69e+01
 30.00  -0.30  50.00   3.09   Mg  1.31e-01  2.69e+01
 30.00  -0.30  50.00   3.09   Si  2.28e-01  2.69e+01
 30.00  -0.30  50.00   3.09    S  8.12e-02  2.69e+01
 30.00  -0.30  50.00   3.09   Fe  8.65e-02  2.69e+01
 40.00  -0.30  50.00   3.44    p  1.32e+01  3.66e+01
 40.00  -0.30  50.00   3.44   He  1.31e+01  3.66e+01
 40.00  -0.30  50.00   3.44    C  1.48e+00  3.66e+01
 40.00  -0.30  50.00   3.44    N  6.85e-02  3.66e+01
 40.00  -0.30  50.00   3.44    O  6.85e+00  3.66e+01
 40.00  -0.30  50.00   3.44    F  2.87e-05  3.66e+01
 40.00  -0.30  50.00   3.44   Ne  1.13e+00  3.66e+01
 40.00  -0.30  50.00   3.44   Mg  2.51e-01  3.66e+01
 40.00  -0.30  50.00   3.44   Si  3.08e-01  3.66e+01
 40.00  -0.30  50.00   3.44    S  1.10e-01  3.66e+01
 40.00  -0.30  50.00   3.44   Fe  9.06e-02  3.66e+01
 60.00  -0.30  50.00   4.87    p  1.83e+01  5.51e+01
 60.00  -0.30  50.00   4.87   He  2.06e+01  5.51e+01
 60.00  -0.30  50.00   4.87    C  2.86e+00  5.51e+01
 60.00  -0.30  50.00   4.87    N  1.07e-01  5.51e+01
 60.00  -0.30  50.00   4.87    O  1.10e+01  5.51e+01
 60.00  -0.30  50.00   4.87    F  4.31e-05  5.51e+01
 60.00  -0.30  50.00   4.87   Ne  1.14e+00  5.51e+01
 60.00  -0.30  50.00   4.87   Mg  3.21e-01  5.51e+01
 60.00  -0.30  50.00   4.87   Si  5.28e-01  5.51e+01
 60.00  -0.30  50.00   4.87    S  1.94e-01  5.51e+01
 60.00  -0.30  50.00   4.87   Fe  1.00e-01  5.51e+01
 80.00  -0.30  50.00   7.29    p  2.26e+01  7.27e+01
 80.00  -0.30  50.00   7.29   He  2.64e+01  7.27e+01
 80.00  -0.30  50.00   7.29    C  3.76e+00  7.27e+01
 80.00  -0.30  50.00   7.29    N  1.39e-01  7.27e+01
 80.00  -0.30  50.00   7.29    O  1.68e+01  7.27e+01
 80.00  -0.30  50.00   7.29    F  2.19e-05  7.27e+01
 80.00  -0.30  50.00   7.29   Ne  1.26e+00  7.27e+01
 80.00  -0.30  50.00   7.29   Mg  4.99e-01  7.27e+01
 80.00  -0.30  50.00   7.29   Si  8.67e-01  7.27e+01
 80.00  -0.30  50.00   7.29    S  3.07e-01  7.27e+01
 80.00  -0.30  50.00   7.29   Fe  1.10e-01  7.27e+01
120.00  -0.30  50.00   7.10    p  3.14e+01  1.13e+02
120.00  -0.30  50.00   7.10   He  4.65e+01  1.13e+02
120.00  -0.30  50.00   7.10    C  5.74e+00  1.13e+02
120.00  -0.30  50.00   7.10    N  2.52e-01  1.13e+02
120.00  -0.30  50.00   7.10    O  2.39e+01  1.13e+02
120.00  -0.30  50.00   7.10    F  1.09e-05  1.13e+02
120.00  -0.30  50.00   7.10   Ne  2.32e+00  1.13e+02
120.00  -0.30  50.00   7.10   Mg  1.23e+00  1.13e+02
120.00  -0.30  50.00   7.10   Si  1.16e+00  1.13e+02
120.00  -0.30  50.00   7.10    S  3.84e-01  1.13e+02
120.00  -0.30  50.00   7.10   Fe  1.33e-01  1.13e+02
