#---Details of Columns:
#    M0 (solMass)          (F6.2)  [1/6.5] Initial mass [ucd=phys.mass]
#    [Fe/H]                (F7.2)  Initial metallicity [ucd=phys.abund.Z]
#    vel (km/s)            (F7.2)  Initial rotation [ucd=phys.mass]
#    M1 (solMass)          (F7.2)  Final mass (1) [ucd=phys.mass]
#    El                    (a4)    Species i (2) [ucd=phys.atmol.element]
#    M(i)lost (solMass)    (D9.2)  Mass of species i lost in the wind [ucd=phys.mass]
#    M(i)lostall (solMass) (D9.2)  Total mass lost in the wind [ucd=phys.mass]
#----- ------ ------ ------ ---- --------- -----------
#M0                                                                 
#(sol         vel    M1 (so      M(i)lost  M(i)lostall
#Mass) Z0     (km/s) lMass) El   (solMass) (solMass)  
#----- ------ ------ ------ ---- --------- -----------
 13.00   0.30  50.00   1.77    p  5.68e+00  1.12e+01
 13.00   0.30  50.00   1.77   He  4.40e+00  1.12e+01
 13.00   0.30  50.00   1.77    C  1.99e-01  1.12e+01
 13.00   0.30  50.00   1.77    N  3.51e-02  1.12e+01
 13.00   0.30  50.00   1.77    O  5.99e-01  1.12e+01
 13.00   0.30  50.00   1.77    F  7.25e-06  1.12e+01
 13.00   0.30  50.00   1.77   Ne  4.94e-02  1.12e+01
 13.00   0.30  50.00   1.77   Mg  2.20e-02  1.12e+01
 13.00   0.30  50.00   1.77   Si  8.17e-02  1.12e+01
 13.00   0.30  50.00   1.77    S  3.62e-02  1.12e+01
 13.00   0.30  50.00   1.77   Fe  8.69e-02  1.12e+01
 15.00   0.30  50.00   1.93    p  6.30e+00  1.31e+01
 15.00   0.30  50.00   1.93   He  4.90e+00  1.31e+01
 15.00   0.30  50.00   1.93    C  2.69e-01  1.31e+01
 15.00   0.30  50.00   1.93    N  3.81e-02  1.31e+01
 15.00   0.30  50.00   1.93    O  1.03e+00  1.31e+01
 15.00   0.30  50.00   1.93    F  2.20e-04  1.31e+01
 15.00   0.30  50.00   1.93   Ne  1.25e-01  1.31e+01
 15.00   0.30  50.00   1.93   Mg  4.47e-02  1.31e+01
 15.00   0.30  50.00   1.93   Si  1.14e-01  1.31e+01
 15.00   0.30  50.00   1.93    S  4.79e-02  1.31e+01
 15.00   0.30  50.00   1.93   Fe  1.67e-01  1.31e+01
 20.00   0.30  50.00   2.10    p  7.78e+00  1.79e+01
 20.00   0.30  50.00   2.10   He  6.89e+00  1.79e+01
 20.00   0.30  50.00   2.10    C  6.43e-01  1.79e+01
 20.00   0.30  50.00   2.10    N  5.18e-02  1.79e+01
 20.00   0.30  50.00   2.10    O  1.71e+00  1.79e+01
 20.00   0.30  50.00   2.10    F  4.16e-05  1.79e+01
 20.00   0.30  50.00   2.10   Ne  3.26e-01  1.79e+01
 20.00   0.30  50.00   2.10   Mg  1.08e-01  1.79e+01
 20.00   0.30  50.00   2.10   Si  1.77e-01  1.79e+01
 20.00   0.30  50.00   2.10    S  6.43e-02  1.79e+01
 20.00   0.30  50.00   2.10   Fe  9.64e-02  1.79e+01
 25.00   0.30  50.00   2.27    p  9.26e+00  2.27e+01
 25.00   0.30  50.00   2.27   He  8.31e+00  2.27e+01
 25.00   0.30  50.00   2.27    C  8.93e-01  2.27e+01
 25.00   0.30  50.00   2.27    N  6.83e-02  2.27e+01
 25.00   0.30  50.00   2.27    O  2.86e+00  2.27e+01
 25.00   0.30  50.00   2.27    F  9.45e-06  2.27e+01
 25.00   0.30  50.00   2.27   Ne  7.26e-01  2.27e+01
 25.00   0.30  50.00   2.27   Mg  1.52e-01  2.27e+01
 25.00   0.30  50.00   2.27   Si  1.92e-01  2.27e+01
 25.00   0.30  50.00   2.27    S  7.04e-02  2.27e+01
 25.00   0.30  50.00   2.27   Fe  9.97e-02  2.27e+01
 30.00   0.30  50.00  10.93    p  1.06e+01  1.91e+01
 30.00   0.30  50.00  10.93   He  8.07e+00  1.91e+01
 30.00   0.30  50.00  10.93    C  1.19e-01  1.91e+01
 30.00   0.30  50.00  10.93    N  8.09e-02  1.91e+01
 30.00   0.30  50.00  10.93    O  8.39e-02  1.91e+01
 30.00   0.30  50.00  10.93    F  5.70e-06  1.91e+01
 30.00   0.30  50.00  10.93   Ne  2.59e-02  1.91e+01
 30.00   0.30  50.00  10.93   Mg  1.35e-02  1.91e+01
 30.00   0.30  50.00  10.93   Si  1.27e-02  1.91e+01
 30.00   0.30  50.00  10.93    S  5.93e-03  1.91e+01
 30.00   0.30  50.00  10.93   Fe  2.47e-02  1.91e+01
 40.00   0.30  50.00  13.97    p  1.35e+01  2.60e+01
 40.00   0.30  50.00  13.97   He  1.20e+01  2.60e+01
 40.00   0.30  50.00  13.97    C  1.89e-01  2.60e+01
 40.00   0.30  50.00  13.97    N  1.24e-01  2.60e+01
 40.00   0.30  50.00  13.97    O  1.04e-01  2.60e+01
 40.00   0.30  50.00  13.97    F  7.17e-06  2.60e+01
 40.00   0.30  50.00  13.97   Ne  3.65e-02  2.60e+01
 40.00   0.30  50.00  13.97   Mg  1.84e-02  2.60e+01
 40.00   0.30  50.00  13.97   Si  1.74e-02  2.60e+01
 40.00   0.30  50.00  13.97    S  8.09e-03  2.60e+01
 40.00   0.30  50.00  13.97   Fe  3.39e-02  2.60e+01
 60.00   0.30  50.00  17.77    p  1.92e+01  4.22e+01
 60.00   0.30  50.00  17.77   He  2.18e+01  4.22e+01
 60.00   0.30  50.00  17.77    C  6.39e-01  4.22e+01
 60.00   0.30  50.00  17.77    N  2.19e-01  4.22e+01
 60.00   0.30  50.00  17.77    O  1.76e-01  4.22e+01
 60.00   0.30  50.00  17.77    F  1.56e-05  4.22e+01
 60.00   0.30  50.00  17.77   Ne  7.48e-02  4.22e+01
 60.00   0.30  50.00  17.77   Mg  2.97e-02  4.22e+01
 60.00   0.30  50.00  17.77   Si  2.83e-02  4.22e+01
 60.00   0.30  50.00  17.77    S  1.32e-02  4.22e+01
 60.00   0.30  50.00  17.77   Fe  5.50e-02  4.22e+01
 80.00   0.30  50.00  23.40    p  2.41e+01  5.66e+01
 80.00   0.30  50.00  23.40   He  3.03e+01  5.66e+01
 80.00   0.30  50.00  23.40    C  1.32e+00  5.66e+01
 80.00   0.30  50.00  23.40    N  3.02e-01  5.66e+01
 80.00   0.30  50.00  23.40    O  2.78e-01  5.66e+01
 80.00   0.30  50.00  23.40    F  1.47e-05  5.66e+01
 80.00   0.30  50.00  23.40   Ne  1.22e-01  5.66e+01
 80.00   0.30  50.00  23.40   Mg  3.96e-02  5.66e+01
 80.00   0.30  50.00  23.40   Si  3.79e-02  5.66e+01
 80.00   0.30  50.00  23.40    S  1.76e-02  5.66e+01
 80.00   0.30  50.00  23.40   Fe  7.36e-02  5.66e+01
120.00   0.30  50.00  27.43    p  3.52e+01  9.26e+01
120.00   0.30  50.00  27.43   He  5.39e+01  9.26e+01
120.00   0.30  50.00  27.43    C  2.03e+00  9.26e+01
120.00   0.30  50.00  27.43    N  5.22e-01  9.26e+01
120.00   0.30  50.00  27.43    O  3.60e-01  9.26e+01
120.00   0.30  50.00  27.43    F  2.57e-05  9.26e+01
120.00   0.30  50.00  27.43   Ne  2.13e-01  9.26e+01
120.00   0.30  50.00  27.43   Mg  6.41e-02  9.26e+01
120.00   0.30  50.00  27.43   Si  6.20e-02  9.26e+01
120.00   0.30  50.00  27.43    S  2.88e-02  9.26e+01
120.00   0.30  50.00  27.43   Fe  1.21e-01  9.26e+01
