#---Details of Columns:
#    M0 (solMass)          (F6.2)  [1/6.5] Initial mass [ucd=phys.mass]
#    [Fe/H]                (F7.2)  Initial metallicity [ucd=phys.abund.Z]
#    vel (km/s)            (F7.2)  Initial rotation [ucd=phys.mass]
#    M1 (solMass)          (F7.2)  Final mass (1) [ucd=phys.mass]
#    El                    (a4)    Species i (2) [ucd=phys.atmol.element]
#    M(i)lost (solMass)    (D9.2)  Mass of species i lost in the wind [ucd=phys.mass]
#    M(i)lostall (solMass) (D9.2)  Total mass lost in the wind [ucd=phys.mass]
#----- ------ ------ ------ ---- --------- -----------
#M0                                                                 
#(sol         vel    M1 (so      M(i)lost  M(i)lostall
#Mass) Z0     (km/s) lMass) El   (solMass) (solMass)  
#----- ------ ------ ------ ---- --------- -----------
 13.00  -1.00 300.00   2.50    p  4.36e+00  1.05e+01
 13.00  -1.00 300.00   2.50   He  3.63e+00  1.05e+01
 13.00  -1.00 300.00   2.50    C  1.53e-01  1.05e+01
 13.00  -1.00 300.00   2.50    N  5.30e-02  1.05e+01
 13.00  -1.00 300.00   2.50    O  1.35e+00  1.05e+01
 13.00  -1.00 300.00   2.50    F  2.20e-05  1.05e+01
 13.00  -1.00 300.00   2.50   Ne  1.18e-01  1.05e+01
 13.00  -1.00 300.00   2.50   Mg  5.41e-02  1.05e+01
 13.00  -1.00 300.00   2.50   Si  3.70e-01  1.05e+01
 13.00  -1.00 300.00   2.50    S  3.07e-01  1.05e+01
 13.00  -1.00 300.00   2.50   Fe  1.06e-01  1.05e+01
 15.00  -1.00 300.00   2.62    p  4.86e+00  1.24e+01
 15.00  -1.00 300.00   2.62   He  4.28e+00  1.24e+01
 15.00  -1.00 300.00   2.62    C  2.11e-01  1.24e+01
 15.00  -1.00 300.00   2.62    N  6.94e-02  1.24e+01
 15.00  -1.00 300.00   2.62    O  1.78e+00  1.24e+01
 15.00  -1.00 300.00   2.62    F  1.15e-04  1.24e+01
 15.00  -1.00 300.00   2.62   Ne  1.31e-01  1.24e+01
 15.00  -1.00 300.00   2.62   Mg  5.37e-02  1.24e+01
 15.00  -1.00 300.00   2.62   Si  4.74e-01  1.24e+01
 15.00  -1.00 300.00   2.62    S  4.25e-01  1.24e+01
 15.00  -1.00 300.00   2.62   Fe  9.31e-02  1.24e+01
 20.00  -1.00 300.00   3.02    p  6.15e+00  1.70e+01
 20.00  -1.00 300.00   3.02   He  6.21e+00  1.70e+01
 20.00  -1.00 300.00   3.02    C  6.64e-01  1.70e+01
 20.00  -1.00 300.00   3.02    N  5.96e-02  1.70e+01
 20.00  -1.00 300.00   3.02    O  3.26e+00  1.70e+01
 20.00  -1.00 300.00   3.02    F  2.66e-04  1.70e+01
 20.00  -1.00 300.00   3.02   Ne  2.10e-01  1.70e+01
 20.00  -1.00 300.00   3.02   Mg  7.18e-02  1.70e+01
 20.00  -1.00 300.00   3.02   Si  1.95e-01  1.70e+01
 20.00  -1.00 300.00   3.02    S  8.69e-02  1.70e+01
 20.00  -1.00 300.00   3.02   Fe  7.92e-02  1.70e+01
 25.00  -1.00 300.00   3.26    p  7.52e+00  2.17e+01
 25.00  -1.00 300.00   3.26   He  6.15e+00  2.17e+01
 25.00  -1.00 300.00   3.26    C  9.13e-01  2.17e+01
 25.00  -1.00 300.00   3.26    N  5.65e-02  2.17e+01
 25.00  -1.00 300.00   3.26    O  5.63e+00  2.17e+01
 25.00  -1.00 300.00   3.26    F  1.03e-03  2.17e+01
 25.00  -1.00 300.00   3.26   Ne  8.80e-01  2.17e+01
 25.00  -1.00 300.00   3.26   Mg  1.66e-01  2.17e+01
 25.00  -1.00 300.00   3.26   Si  2.56e-01  2.17e+01
 25.00  -1.00 300.00   3.26    S  8.99e-02  2.17e+01
 25.00  -1.00 300.00   3.26   Fe  7.65e-02  2.17e+01
 30.00  -1.00 300.00   4.23    p  8.08e+00  2.58e+01
 30.00  -1.00 300.00   4.23   He  7.06e+00  2.58e+01
 30.00  -1.00 300.00   4.23    C  1.37e+00  2.58e+01
 30.00  -1.00 300.00   4.23    N  5.78e-02  2.58e+01
 30.00  -1.00 300.00   4.23    O  7.59e+00  2.58e+01
 30.00  -1.00 300.00   4.23    F  2.67e-03  2.58e+01
 30.00  -1.00 300.00   4.23   Ne  8.67e-01  2.58e+01
 30.00  -1.00 300.00   4.23   Mg  1.82e-01  2.58e+01
 30.00  -1.00 300.00   4.23   Si  3.45e-01  2.58e+01
 30.00  -1.00 300.00   4.23    S  1.36e-01  2.58e+01
 30.00  -1.00 300.00   4.23   Fe  7.70e-02  2.58e+01
 40.00  -1.00 300.00   4.95    p  1.06e+01  3.51e+01
 40.00  -1.00 300.00   4.95   He  9.03e+00  3.51e+01
 40.00  -1.00 300.00   4.95    C  2.23e+00  3.51e+01
 40.00  -1.00 300.00   4.95    N  9.33e-02  3.51e+01
 40.00  -1.00 300.00   4.95    O  1.08e+01  3.51e+01
 40.00  -1.00 300.00   4.95    F  1.60e-04  3.51e+01
 40.00  -1.00 300.00   4.95   Ne  1.28e+00  3.51e+01
 40.00  -1.00 300.00   4.95   Mg  3.47e-01  3.51e+01
 40.00  -1.00 300.00   4.95   Si  4.46e-01  3.51e+01
 40.00  -1.00 300.00   4.95    S  1.62e-01  3.51e+01
 40.00  -1.00 300.00   4.95   Fe  7.72e-02  3.51e+01
 60.00  -1.00 300.00   5.81    p  1.46e+01  5.42e+01
 60.00  -1.00 300.00   5.81   He  1.69e+01  5.42e+01
 60.00  -1.00 300.00   5.81    C  4.17e+00  5.42e+01
 60.00  -1.00 300.00   5.81    N  6.01e-02  5.42e+01
 60.00  -1.00 300.00   5.81    O  1.49e+01  5.42e+01
 60.00  -1.00 300.00   5.81    F  4.04e-06  5.42e+01
 60.00  -1.00 300.00   5.81   Ne  1.94e+00  5.42e+01
 60.00  -1.00 300.00   5.81   Mg  6.67e-01  5.42e+01
 60.00  -1.00 300.00   5.81   Si  6.78e-01  5.42e+01
 60.00  -1.00 300.00   5.81    S  2.40e-01  5.42e+01
 60.00  -1.00 300.00   5.81   Fe  8.22e-02  5.42e+01
 80.00  -1.00 300.00   6.55    p  1.86e+01  7.35e+01
 80.00  -1.00 300.00   6.55   He  2.83e+01  7.35e+01
 80.00  -1.00 300.00   6.55    C  5.06e+00  7.35e+01
 80.00  -1.00 300.00   6.55    N  6.70e-02  7.35e+01
 80.00  -1.00 300.00   6.55    O  1.77e+01  7.35e+01
 80.00  -1.00 300.00   6.55    F  6.51e-06  7.35e+01
 80.00  -1.00 300.00   6.55   Ne  1.86e+00  7.35e+01
 80.00  -1.00 300.00   6.55   Mg  6.63e-01  7.35e+01
 80.00  -1.00 300.00   6.55   Si  8.51e-01  7.35e+01
 80.00  -1.00 300.00   6.55    S  3.03e-01  7.35e+01
 80.00  -1.00 300.00   6.55   Fe  8.65e-02  7.35e+01
120.00  -1.00 300.00   9.13    p  2.63e+01  1.11e+02
120.00  -1.00 300.00   9.13   He  5.16e+01  1.11e+02
120.00  -1.00 300.00   9.13    C  6.10e+00  1.11e+02
120.00  -1.00 300.00   9.13    N  1.24e-01  1.11e+02
120.00  -1.00 300.00   9.13    O  2.16e+01  1.11e+02
120.00  -1.00 300.00   9.13    F  8.29e-06  1.11e+02
120.00  -1.00 300.00   9.13   Ne  2.15e+00  1.11e+02
120.00  -1.00 300.00   9.13   Mg  1.19e+00  1.11e+02
120.00  -1.00 300.00   9.13   Si  1.23e+00  1.11e+02
120.00  -1.00 300.00   9.13    S  3.82e-01  1.11e+02
120.00  -1.00 300.00   9.13   Fe  9.09e-02  1.11e+02
