#---Details of Columns:
#    M0 (solMass)          (F6.2)  [1/6.5] Initial mass [ucd=phys.mass]
#    [Fe/H]                (F7.2)  Initial metallicity [ucd=phys.abund.Z]
#    vel (km/s)            (F7.2)  Initial rotation [ucd=phys.mass]
#    M1 (solMass)          (F7.2)  Final mass (1) [ucd=phys.mass]
#    El                    (a4)    Species i (2) [ucd=phys.atmol.element]
#    M(i)lost (solMass)    (D9.2)  Mass of species i lost in the wind [ucd=phys.mass]
#    M(i)lostall (solMass) (D9.2)  Total mass lost in the wind [ucd=phys.mass]
#----- ------ ------ ------ ---- --------- -----------
#M0                                                                 
#(sol         vel    M1 (so      M(i)lost  M(i)lostall
#Mass) Z0     (km/s) lMass) El   (solMass) (solMass)  
#----- ------ ------ ------ ---- --------- -----------
 13.00  -3.00 300.00   2.00    p  4.52e+00  1.10e+01
 13.00  -3.00 300.00   2.00   He  3.89e+00  1.10e+01
 13.00  -3.00 300.00   2.00    C  3.51e-01  1.10e+01
 13.00  -3.00 300.00   2.00    N  1.35e-01  1.10e+01
 13.00  -3.00 300.00   2.00    O  1.51e+00  1.10e+01
 13.00  -3.00 300.00   2.00    F  4.05e-05  1.10e+01
 13.00  -3.00 300.00   2.00   Ne  1.30e-01  1.10e+01
 13.00  -3.00 300.00   2.00   Mg  2.81e-02  1.10e+01
 13.00  -3.00 300.00   2.00   Si  1.27e-01  1.10e+01
 13.00  -3.00 300.00   2.00    S  8.13e-02  1.10e+01
 13.00  -3.00 300.00   2.00   Fe  7.45e-02  1.10e+01
 15.00  -3.00 300.00   2.40    p  5.03e+00  1.26e+01
 15.00  -3.00 300.00   2.40   He  4.51e+00  1.26e+01
 15.00  -3.00 300.00   2.40    C  4.25e-01  1.26e+01
 15.00  -3.00 300.00   2.40    N  1.50e-01  1.26e+01
 15.00  -3.00 300.00   2.40    O  1.82e+00  1.26e+01
 15.00  -3.00 300.00   2.40    F  5.10e-05  1.26e+01
 15.00  -3.00 300.00   2.40   Ne  1.16e-01  1.26e+01
 15.00  -3.00 300.00   2.40   Mg  2.77e-02  1.26e+01
 15.00  -3.00 300.00   2.40   Si  2.14e-01  1.26e+01
 15.00  -3.00 300.00   2.40    S  1.15e-01  1.26e+01
 15.00  -3.00 300.00   2.40   Fe  1.07e-01  1.26e+01
 20.00  -3.00 300.00   2.80    p  6.73e+00  1.72e+01
 20.00  -3.00 300.00   2.80   He  6.20e+00  1.72e+01
 20.00  -3.00 300.00   2.80    C  6.46e-01  1.72e+01
 20.00  -3.00 300.00   2.80    N  1.18e-02  1.72e+01
 20.00  -3.00 300.00   2.80    O  2.93e+00  1.72e+01
 20.00  -3.00 300.00   2.80    F  1.33e-04  1.72e+01
 20.00  -3.00 300.00   2.80   Ne  1.56e-01  1.72e+01
 20.00  -3.00 300.00   2.80   Mg  4.81e-02  1.72e+01
 20.00  -3.00 300.00   2.80   Si  1.99e-01  1.72e+01
 20.00  -3.00 300.00   2.80    S  8.96e-02  1.72e+01
 20.00  -3.00 300.00   2.80   Fe  7.40e-02  1.72e+01
 25.00  -3.00 300.00   3.50    p  7.81e+00  2.15e+01
 25.00  -3.00 300.00   3.50   He  5.29e+00  2.15e+01
 25.00  -3.00 300.00   3.50    C  1.01e+00  2.15e+01
 25.00  -3.00 300.00   3.50    N  1.66e-02  2.15e+01
 25.00  -3.00 300.00   3.50    O  5.93e+00  2.15e+01
 25.00  -3.00 300.00   3.50    F  7.47e-04  2.15e+01
 25.00  -3.00 300.00   3.50   Ne  8.10e-01  2.15e+01
 25.00  -3.00 300.00   3.50   Mg  1.57e-01  2.15e+01
 25.00  -3.00 300.00   3.50   Si  2.67e-01  2.15e+01
 25.00  -3.00 300.00   3.50    S  8.80e-02  2.15e+01
 25.00  -3.00 300.00   3.50   Fe  7.07e-02  2.15e+01
 30.00  -3.00 300.00  17.10    p  8.94e+00  1.29e+01
 30.00  -3.00 300.00  17.10   He  4.00e+00  1.29e+01
 30.00  -3.00 300.00  17.10    C  1.90e-06  1.29e+01
 30.00  -3.00 300.00  17.10    N  1.69e-04  1.29e+01
 30.00  -3.00 300.00  17.10    O  1.55e-04  1.29e+01
 30.00  -3.00 300.00  17.10    F  2.65e-09  1.29e+01
 30.00  -3.00 300.00  17.10   Ne  1.28e-05  1.29e+01
 30.00  -3.00 300.00  17.10   Mg  1.76e-05  1.29e+01
 30.00  -3.00 300.00  17.10   Si  2.29e-05  1.29e+01
 30.00  -3.00 300.00  17.10    S  9.02e-06  1.29e+01
 30.00  -3.00 300.00  17.10   Fe  1.68e-05  1.29e+01
 40.00  -3.00 300.00  24.50    p  1.11e+01  1.55e+01
 40.00  -3.00 300.00  24.50   He  4.38e+00  1.55e+01
 40.00  -3.00 300.00  24.50    C  2.52e-06  1.55e+01
 40.00  -3.00 300.00  24.50    N  1.90e-04  1.55e+01
 40.00  -3.00 300.00  24.50    O  1.99e-04  1.55e+01
 40.00  -3.00 300.00  24.50    F  4.10e-09  1.55e+01
 40.00  -3.00 300.00  24.50   Ne  1.61e-05  1.55e+01
 40.00  -3.00 300.00  24.50   Mg  2.06e-05  1.55e+01
 40.00  -3.00 300.00  24.50   Si  2.74e-05  1.55e+01
 40.00  -3.00 300.00  24.50    S  1.08e-05  1.55e+01
 40.00  -3.00 300.00  24.50   Fe  2.02e-05  1.55e+01
 60.00  -3.00 300.00  38.20    p  1.55e+01  2.18e+01
 60.00  -3.00 300.00  38.20   He  6.37e+00  2.18e+01
 60.00  -3.00 300.00  38.20    C  3.63e-06  2.18e+01
 60.00  -3.00 300.00  38.20    N  2.91e-04  2.18e+01
 60.00  -3.00 300.00  38.20    O  2.53e-04  2.18e+01
 60.00  -3.00 300.00  38.20    F  5.03e-09  2.18e+01
 60.00  -3.00 300.00  38.20   Ne  2.12e-05  2.18e+01
 60.00  -3.00 300.00  38.20   Mg  2.86e-05  2.18e+01
 60.00  -3.00 300.00  38.20   Si  3.98e-05  2.18e+01
 60.00  -3.00 300.00  38.20    S  1.52e-05  2.18e+01
 60.00  -3.00 300.00  38.20   Fe  2.84e-05  2.18e+01
 80.00  -3.00 300.00  52.80    p  1.75e+01  2.72e+01
 80.00  -3.00 300.00  52.80   He  9.71e+00  2.72e+01
 80.00  -3.00 300.00  52.80    C  1.47e-03  2.72e+01
 80.00  -3.00 300.00  52.80    N  2.14e-02  2.72e+01
 80.00  -3.00 300.00  52.80    O  5.80e-03  2.72e+01
 80.00  -3.00 300.00  52.80    F  7.56e-09  2.72e+01
 80.00  -3.00 300.00  52.80   Ne  6.91e-05  2.72e+01
 80.00  -3.00 300.00  52.80   Mg  3.08e-05  2.72e+01
 80.00  -3.00 300.00  52.80   Si  6.01e-05  2.72e+01
 80.00  -3.00 300.00  52.80    S  1.90e-05  2.72e+01
 80.00  -3.00 300.00  52.80   Fe  3.54e-05  2.72e+01
120.00  -3.00 300.00  82.80    p  2.25e+01  3.72e+01
120.00  -3.00 300.00  82.80   He  1.47e+01  3.72e+01
120.00  -3.00 300.00  82.80    C  1.84e-05  3.72e+01
120.00  -3.00 300.00  82.80    N  1.17e-03  3.72e+01
120.00  -3.00 300.00  82.80    O  2.66e-04  3.72e+01
120.00  -3.00 300.00  82.80    F  5.72e-09  3.72e+01
120.00  -3.00 300.00  82.80   Ne  2.81e-05  3.72e+01
120.00  -3.00 300.00  82.80   Mg  3.46e-05  3.72e+01
120.00  -3.00 300.00  82.80   Si  9.31e-05  3.72e+01
120.00  -3.00 300.00  82.80    S  2.60e-05  3.72e+01
120.00  -3.00 300.00  82.80   Fe  4.85e-05  3.72e+01
