#---Details of Columns:
#    M0 (solMass)          (F6.2)  [1/6.5] Initial mass [ucd=phys.mass]
#    [Fe/H]                (F7.2)  Initial metallicity [ucd=phys.abund.Z]
#    vel (km/s)            (F7.2)  Initial rotation [ucd=phys.mass]
#    M1 (solMass)          (F7.2)  Final mass (1) [ucd=phys.mass]
#    El                    (a4)    Species i (2) [ucd=phys.atmol.element]
#    M(i)lost (solMass)    (D9.2)  Mass of species i lost in the wind [ucd=phys.mass]
#    M(i)lostall (solMass) (D9.2)  Total mass lost in the wind [ucd=phys.mass]
#----- ------ ------ ------ ---- --------- -----------
#M0                                                                 
#(sol         vel    M1 (so      M(i)lost  M(i)lostall
#Mass) Z0     (km/s) lMass) El   (solMass) (solMass)  
#----- ------ ------ ------ ---- --------- -----------
 13.00  -0.30 300.00   2.30    p  4.25e+00  1.07e+01
 13.00  -0.30 300.00   2.30   He  3.78e+00  1.07e+01
 13.00  -0.30 300.00   2.30    C  2.83e-01  1.07e+01
 13.00  -0.30 300.00   2.30    N  5.21e-02  1.07e+01
 13.00  -0.30 300.00   2.30    O  1.36e+00  1.07e+01
 13.00  -0.30 300.00   2.30    F  1.91e-04  1.07e+01
 13.00  -0.30 300.00   2.30   Ne  1.18e-01  1.07e+01
 13.00  -0.30 300.00   2.30   Mg  4.86e-02  1.07e+01
 13.00  -0.30 300.00   2.30   Si  2.84e-01  1.07e+01
 13.00  -0.30 300.00   2.30    S  2.30e-01  1.07e+01
 13.00  -0.30 300.00   2.30   Fe  9.93e-02  1.07e+01
 15.00  -0.30 300.00   2.37    p  4.77e+00  1.26e+01
 15.00  -0.30 300.00   2.37   He  4.38e+00  1.26e+01
 15.00  -0.30 300.00   2.37    C  3.23e-01  1.26e+01
 15.00  -0.30 300.00   2.37    N  6.77e-02  1.26e+01
 15.00  -0.30 300.00   2.37    O  1.78e+00  1.26e+01
 15.00  -0.30 300.00   2.37    F  1.14e-04  1.26e+01
 15.00  -0.30 300.00   2.37   Ne  1.37e-01  1.26e+01
 15.00  -0.30 300.00   2.37   Mg  5.16e-02  1.26e+01
 15.00  -0.30 300.00   2.37   Si  4.04e-01  1.26e+01
 15.00  -0.30 300.00   2.37    S  3.26e-01  1.26e+01
 15.00  -0.30 300.00   2.37   Fe  1.54e-01  1.26e+01
 20.00  -0.30 300.00   3.03    p  6.03e+00  1.70e+01
 20.00  -0.30 300.00   3.03   He  6.19e+00  1.70e+01
 20.00  -0.30 300.00   3.03    C  7.85e-01  1.70e+01
 20.00  -0.30 300.00   3.03    N  7.89e-02  1.70e+01
 20.00  -0.30 300.00   3.03    O  3.09e+00  1.70e+01
 20.00  -0.30 300.00   3.03    F  2.20e-04  1.70e+01
 20.00  -0.30 300.00   3.03   Ne  2.04e-01  1.70e+01
 20.00  -0.30 300.00   3.03   Mg  7.05e-02  1.70e+01
 20.00  -0.30 300.00   3.03   Si  2.17e-01  1.70e+01
 20.00  -0.30 300.00   3.03    S  9.44e-02  1.70e+01
 20.00  -0.30 300.00   3.03   Fe  8.25e-02  1.70e+01
 25.00  -0.30 300.00   3.06    p  7.15e+00  2.19e+01
 25.00  -0.30 300.00   3.06   He  7.11e+00  2.19e+01
 25.00  -0.30 300.00   3.06    C  1.12e+00  2.19e+01
 25.00  -0.30 300.00   3.06    N  6.34e-02  2.19e+01
 25.00  -0.30 300.00   3.06    O  5.01e+00  2.19e+01
 25.00  -0.30 300.00   3.06    F  6.82e-04  2.19e+01
 25.00  -0.30 300.00   3.06   Ne  7.64e-01  2.19e+01
 25.00  -0.30 300.00   3.06   Mg  1.61e-01  2.19e+01
 25.00  -0.30 300.00   3.06   Si  2.69e-01  2.19e+01
 25.00  -0.30 300.00   3.06    S  9.61e-02  2.19e+01
 25.00  -0.30 300.00   3.06   Fe  8.24e-02  2.19e+01
 30.00  -0.30 300.00  14.29    p  7.75e+00  1.57e+01
 30.00  -0.30 300.00  14.29   He  7.62e+00  1.57e+01
 30.00  -0.30 300.00  14.29    C  1.33e-01  1.57e+01
 30.00  -0.30 300.00  14.29    N  6.44e-02  1.57e+01
 30.00  -0.30 300.00  14.29    O  4.26e-02  1.57e+01
 30.00  -0.30 300.00  14.29    F  1.79e-06  1.57e+01
 30.00  -0.30 300.00  14.29   Ne  1.30e-02  1.57e+01
 30.00  -0.30 300.00  14.29   Mg  5.65e-03  1.57e+01
 30.00  -0.30 300.00  14.29   Si  5.90e-03  1.57e+01
 30.00  -0.30 300.00  14.29    S  2.64e-03  1.57e+01
 30.00  -0.30 300.00  14.29   Fe  9.57e-03  1.57e+01
 40.00  -0.30 300.00  18.34    p  1.02e+01  2.17e+01
 40.00  -0.30 300.00  18.34   He  1.09e+01  2.17e+01
 40.00  -0.30 300.00  18.34    C  2.89e-01  2.17e+01
 40.00  -0.30 300.00  18.34    N  1.19e-01  2.17e+01
 40.00  -0.30 300.00  18.34    O  9.53e-02  2.17e+01
 40.00  -0.30 300.00  18.34    F  3.63e-06  2.17e+01
 40.00  -0.30 300.00  18.34   Ne  2.17e-02  2.17e+01
 40.00  -0.30 300.00  18.34   Mg  7.85e-03  2.17e+01
 40.00  -0.30 300.00  18.34   Si  8.17e-03  2.17e+01
 40.00  -0.30 300.00  18.34    S  3.68e-03  2.17e+01
 40.00  -0.30 300.00  18.34   Fe  1.33e-02  2.17e+01
 60.00  -0.30 300.00  23.78    p  1.40e+01  3.62e+01
 60.00  -0.30 300.00  23.78   He  2.07e+01  3.62e+01
 60.00  -0.30 300.00  23.78    C  1.06e+00  3.62e+01
 60.00  -0.30 300.00  23.78    N  1.37e-01  3.62e+01
 60.00  -0.30 300.00  23.78    O  1.78e-01  3.62e+01
 60.00  -0.30 300.00  23.78    F  8.80e-06  3.62e+01
 60.00  -0.30 300.00  23.78   Ne  4.48e-02  3.62e+01
 60.00  -0.30 300.00  23.78   Mg  1.28e-02  3.62e+01
 60.00  -0.30 300.00  23.78   Si  1.36e-02  3.62e+01
 60.00  -0.30 300.00  23.78    S  6.10e-03  3.62e+01
 60.00  -0.30 300.00  23.78   Fe  2.20e-02  3.62e+01
 80.00  -0.30 300.00  27.11    p  1.86e+01  5.29e+01
 80.00  -0.30 300.00  27.11   He  3.25e+01  5.29e+01
 80.00  -0.30 300.00  27.11    C  1.26e+00  5.29e+01
 80.00  -0.30 300.00  27.11    N  1.92e-01  5.29e+01
 80.00  -0.30 300.00  27.11    O  1.99e-01  5.29e+01
 80.00  -0.30 300.00  27.11    F  7.92e-06  5.29e+01
 80.00  -0.30 300.00  27.11   Ne  5.82e-02  5.29e+01
 80.00  -0.30 300.00  27.11   Mg  1.84e-02  5.29e+01
 80.00  -0.30 300.00  27.11   Si  1.98e-02  5.29e+01
 80.00  -0.30 300.00  27.11    S  8.86e-03  5.29e+01
 80.00  -0.30 300.00  27.11   Fe  3.19e-02  5.29e+01
120.00  -0.30 300.00  33.16    p  2.79e+01  8.68e+01
120.00  -0.30 300.00  33.16   He  5.65e+01  8.68e+01
120.00  -0.30 300.00  33.16    C  1.65e+00  8.68e+01
120.00  -0.30 300.00  33.16    N  3.36e-01  8.68e+01
120.00  -0.30 300.00  33.16    O  2.57e-01  8.68e+01
120.00  -0.30 300.00  33.16    F  9.75e-06  8.68e+01
120.00  -0.30 300.00  33.16   Ne  8.26e-02  8.68e+01
120.00  -0.30 300.00  33.16   Mg  2.97e-02  8.68e+01
120.00  -0.30 300.00  33.16   Si  3.22e-02  8.68e+01
120.00  -0.30 300.00  33.16    S  1.44e-02  8.68e+01
120.00  -0.30 300.00  33.16   Fe  5.19e-02  8.68e+01
