#---Details of Columns:
#    M0 (solMass)          (F6.2)  [1/6.5] Initial mass [ucd=phys.mass]
#    [Fe/H]                (F7.2)  Initial metallicity [ucd=phys.abund.Z]
#    vel (km/s)            (F7.2)  Initial rotation [ucd=phys.mass]
#    M1 (solMass)          (F7.2)  Final mass (1) [ucd=phys.mass]
#    El                    (a4)    Species i (2) [ucd=phys.atmol.element]
#    M(i)lost (solMass)    (D9.2)  Mass of species i lost in the wind [ucd=phys.mass]
#    M(i)lostall (solMass) (D9.2)  Total mass lost in the wind [ucd=phys.mass]
#----- ------ ------ ------ ---- --------- -----------
#M0                                                                 
#(sol         vel    M1 (so      M(i)lost  M(i)lostall
#Mass) Z0     (km/s) lMass) El   (solMass) (solMass)  
#----- ------ ------ ------ ---- --------- -----------
 13.00  -0.30 300.00   2.43    p  4.25e+00  1.06e+01
 13.00  -0.30 300.00   2.43   He  3.79e+00  1.06e+01
 13.00  -0.30 300.00   2.43    C  2.84e-01  1.06e+01
 13.00  -0.30 300.00   2.43    N  5.28e-02  1.06e+01
 13.00  -0.30 300.00   2.43    O  1.40e+00  1.06e+01
 13.00  -0.30 300.00   2.43    F  1.91e-04  1.06e+01
 13.00  -0.30 300.00   2.43   Ne  1.18e-01  1.06e+01
 13.00  -0.30 300.00   2.43   Mg  4.86e-02  1.06e+01
 13.00  -0.30 300.00   2.43   Si  2.84e-01  1.06e+01
 13.00  -0.30 300.00   2.43    S  2.30e-01  1.06e+01
 13.00  -0.30 300.00   2.43   Fe  1.01e-01  1.06e+01
 15.00  -0.30 300.00   2.53    p  4.77e+00  1.25e+01
 15.00  -0.30 300.00   2.53   He  4.39e+00  1.25e+01
 15.00  -0.30 300.00   2.53    C  3.24e-01  1.25e+01
 15.00  -0.30 300.00   2.53    N  7.08e-02  1.25e+01
 15.00  -0.30 300.00   2.53    O  1.83e+00  1.25e+01
 15.00  -0.30 300.00   2.53    F  1.14e-04  1.25e+01
 15.00  -0.30 300.00   2.53   Ne  1.38e-01  1.25e+01
 15.00  -0.30 300.00   2.53   Mg  5.16e-02  1.25e+01
 15.00  -0.30 300.00   2.53   Si  4.04e-01  1.25e+01
 15.00  -0.30 300.00   2.53    S  3.26e-01  1.25e+01
 15.00  -0.30 300.00   2.53   Fe  1.57e-01  1.25e+01
 20.00  -0.30 300.00   3.07    p  6.03e+00  1.69e+01
 20.00  -0.30 300.00   3.07   He  6.20e+00  1.69e+01
 20.00  -0.30 300.00   3.07    C  7.89e-01  1.69e+01
 20.00  -0.30 300.00   3.07    N  8.43e-02  1.69e+01
 20.00  -0.30 300.00   3.07    O  3.15e+00  1.69e+01
 20.00  -0.30 300.00   3.07    F  2.20e-04  1.69e+01
 20.00  -0.30 300.00   3.07   Ne  2.05e-01  1.69e+01
 20.00  -0.30 300.00   3.07   Mg  7.06e-02  1.69e+01
 20.00  -0.30 300.00   3.07   Si  2.17e-01  1.69e+01
 20.00  -0.30 300.00   3.07    S  9.44e-02  1.69e+01
 20.00  -0.30 300.00   3.07   Fe  8.51e-02  1.69e+01
 25.00  -0.30 300.00   3.13    p  7.15e+00  2.19e+01
 25.00  -0.30 300.00   3.13   He  7.12e+00  2.19e+01
 25.00  -0.30 300.00   3.13    C  1.12e+00  2.19e+01
 25.00  -0.30 300.00   3.13    N  7.31e-02  2.19e+01
 25.00  -0.30 300.00   3.13    O  5.04e+00  2.19e+01
 25.00  -0.30 300.00   3.13    F  6.82e-04  2.19e+01
 25.00  -0.30 300.00   3.13   Ne  7.65e-01  2.19e+01
 25.00  -0.30 300.00   3.13   Mg  1.61e-01  2.19e+01
 25.00  -0.30 300.00   3.13   Si  2.69e-01  2.19e+01
 25.00  -0.30 300.00   3.13    S  9.61e-02  2.19e+01
 25.00  -0.30 300.00   3.13   Fe  8.52e-02  2.19e+01
 30.00  -0.30 300.00   3.65    p  7.75e+00  2.63e+01
 30.00  -0.30 300.00   3.65   He  8.58e+00  2.63e+01
 30.00  -0.30 300.00   3.65    C  1.48e+00  2.63e+01
 30.00  -0.30 300.00   3.65    N  8.31e-02  2.63e+01
 30.00  -0.30 300.00   3.65    O  6.75e+00  2.63e+01
 30.00  -0.30 300.00   3.65    F  1.76e-03  2.63e+01
 30.00  -0.30 300.00   3.65   Ne  9.40e-01  2.63e+01
 30.00  -0.30 300.00   3.65   Mg  2.10e-01  2.63e+01
 30.00  -0.30 300.00   3.65   Si  3.22e-01  2.63e+01
 30.00  -0.30 300.00   3.65    S  1.22e-01  2.63e+01
 30.00  -0.30 300.00   3.65   Fe  8.69e-02  2.63e+01
 40.00  -0.30 300.00   4.39    p  1.02e+01  3.56e+01
 40.00  -0.30 300.00   4.39   He  1.14e+01  3.56e+01
 40.00  -0.30 300.00   4.39    C  2.27e+00  3.56e+01
 40.00  -0.30 300.00   4.39    N  1.21e-01  3.56e+01
 40.00  -0.30 300.00   4.39    O  9.36e+00  3.56e+01
 40.00  -0.30 300.00   4.39    F  1.09e-04  3.56e+01
 40.00  -0.30 300.00   4.39   Ne  1.23e+00  3.56e+01
 40.00  -0.30 300.00   4.39   Mg  3.19e-01  3.56e+01
 40.00  -0.30 300.00   4.39   Si  4.02e-01  3.56e+01
 40.00  -0.30 300.00   4.39    S  1.48e-01  3.56e+01
 40.00  -0.30 300.00   4.39   Fe  9.01e-02  3.56e+01
 60.00  -0.30 300.00   5.15    p  1.40e+01  5.48e+01
 60.00  -0.30 300.00   5.15   He  2.12e+01  5.48e+01
 60.00  -0.30 300.00   5.15    C  3.78e+00  5.48e+01
 60.00  -0.30 300.00   5.15    N  1.37e-01  5.48e+01
 60.00  -0.30 300.00   5.15    O  1.26e+01  5.48e+01
 60.00  -0.30 300.00   5.15    F  9.73e-06  5.48e+01
 60.00  -0.30 300.00   5.15   Ne  1.72e+00  5.48e+01
 60.00  -0.30 300.00   5.15   Mg  5.48e-01  5.48e+01
 60.00  -0.30 300.00   5.15   Si  5.84e-01  5.48e+01
 60.00  -0.30 300.00   5.15    S  2.15e-01  5.48e+01
 60.00  -0.30 300.00   5.15   Fe  1.01e-01  5.48e+01
 80.00  -0.30 300.00   5.68    p  1.86e+01  7.43e+01
 80.00  -0.30 300.00   5.68   He  3.33e+01  7.43e+01
 80.00  -0.30 300.00   5.68    C  4.46e+00  7.43e+01
 80.00  -0.30 300.00   5.68    N  1.92e-01  7.43e+01
 80.00  -0.30 300.00   5.68    O  1.45e+01  7.43e+01
 80.00  -0.30 300.00   5.68    F  8.35e-06  7.43e+01
 80.00  -0.30 300.00   5.68   Ne  1.63e+00  7.43e+01
 80.00  -0.30 300.00   5.68   Mg  5.45e-01  7.43e+01
 80.00  -0.30 300.00   5.68   Si  7.14e-01  7.43e+01
 80.00  -0.30 300.00   5.68    S  2.65e-01  7.43e+01
 80.00  -0.30 300.00   5.68   Fe  1.13e-01  7.43e+01
120.00  -0.30 300.00   7.29    p  2.79e+01  1.13e+02
120.00  -0.30 300.00   7.29   He  5.74e+01  1.13e+02
120.00  -0.30 300.00   7.29    C  5.29e+00  1.13e+02
120.00  -0.30 300.00   7.29    N  3.36e-01  1.13e+02
120.00  -0.30 300.00   7.29    O  1.74e+01  1.13e+02
120.00  -0.30 300.00   7.29    F  1.00e-05  1.13e+02
120.00  -0.30 300.00   7.29   Ne  1.77e+00  1.13e+02
120.00  -0.30 300.00   7.29   Mg  9.06e-01  1.13e+02
120.00  -0.30 300.00   7.29   Si  9.97e-01  1.13e+02
120.00  -0.30 300.00   7.29    S  3.23e-01  1.13e+02
120.00  -0.30 300.00   7.29   Fe  1.34e-01  1.13e+02
