#---Details of Columns:
#    M0 (solMass)          (F6.2)  [1/6.5] Initial mass [ucd=phys.mass]
#    [Fe/H]                (F7.2)  Initial metallicity [ucd=phys.abund.Z]
#    vel (km/s)            (F7.2)  Initial rotation [ucd=phys.mass]
#    M1 (solMass)          (F7.2)  Final mass (1) [ucd=phys.mass]
#    El                    (a4)    Species i (2) [ucd=phys.atmol.element]
#    M(i)lost (solMass)    (D9.2)  Mass of species i lost in the wind [ucd=phys.mass]
#    M(i)lostall (solMass) (D9.2)  Total mass lost in the wind [ucd=phys.mass]
#----- ------ ------ ------ ---- --------- -----------
#M0                                                                 
#(sol         vel    M1 (so      M(i)lost  M(i)lostall
#Mass) Z0     (km/s) lMass) El   (solMass) (solMass)  
#----- ------ ------ ------ ---- --------- -----------
 13.00  -2.00  25.00   1.79    p  6.01e+00  1.12e+01
 13.00  -2.00  25.00   1.79   He  4.35e+00  1.12e+01
 13.00  -2.00  25.00   1.79    C  1.83e-01  1.12e+01
 13.00  -2.00  25.00   1.79    N  7.47e-03  1.12e+01
 13.00  -2.00  25.00   1.79    O  4.81e-01  1.12e+01
 13.00  -2.00  25.00   1.79    F  1.39e-05  1.12e+01
 13.00  -2.00  25.00   1.79   Ne  2.56e-02  1.12e+01
 13.00  -2.00  25.00   1.79   Mg  1.46e-02  1.12e+01
 13.00  -2.00  25.00   1.79   Si  6.45e-02  1.12e+01
 13.00  -2.00  25.00   1.79    S  2.30e-02  1.12e+01
 13.00  -2.00  25.00   1.79   Fe  7.30e-02  1.12e+01
 15.00  -2.00  25.00   1.99    p  6.74e+00  1.30e+01
 15.00  -2.00  25.00   1.99   He  4.74e+00  1.30e+01
 15.00  -2.00  25.00   1.99    C  2.87e-01  1.30e+01
 15.00  -2.00  25.00   1.99    N  6.35e-03  1.30e+01
 15.00  -2.00  25.00   1.99    O  9.16e-01  1.30e+01
 15.00  -2.00  25.00   1.99    F  1.72e-04  1.30e+01
 15.00  -2.00  25.00   1.99   Ne  4.25e-02  1.30e+01
 15.00  -2.00  25.00   1.99   Mg  2.03e-02  1.30e+01
 15.00  -2.00  25.00   1.99   Si  1.18e-01  1.30e+01
 15.00  -2.00  25.00   1.99    S  7.68e-02  1.30e+01
 15.00  -2.00  25.00   1.99   Fe  7.32e-02  1.30e+01
 20.00  -2.00  25.00   2.07    p  8.51e+00  1.79e+01
 20.00  -2.00  25.00   2.07   He  6.53e+00  1.79e+01
 20.00  -2.00  25.00   2.07    C  4.35e-01  1.79e+01
 20.00  -2.00  25.00   2.07    N  1.21e-02  1.79e+01
 20.00  -2.00  25.00   2.07    O  1.69e+00  1.79e+01
 20.00  -2.00  25.00   2.07    F  1.20e-04  1.79e+01
 20.00  -2.00  25.00   2.07   Ne  4.28e-01  1.79e+01
 20.00  -2.00  25.00   2.07   Mg  9.50e-02  1.79e+01
 20.00  -2.00  25.00   2.07   Si  1.11e-01  1.79e+01
 20.00  -2.00  25.00   2.07    S  3.35e-02  1.79e+01
 20.00  -2.00  25.00   2.07   Fe  7.34e-02  1.79e+01
 25.00  -2.00  25.00   2.38    p  1.01e+01  2.26e+01
 25.00  -2.00  25.00   2.38   He  7.93e+00  2.26e+01
 25.00  -2.00  25.00   2.38    C  6.15e-01  2.26e+01
 25.00  -2.00  25.00   2.38    N  1.04e-02  2.26e+01
 25.00  -2.00  25.00   2.38    O  2.89e+00  2.26e+01
 25.00  -2.00  25.00   2.38    F  3.12e-05  2.26e+01
 25.00  -2.00  25.00   2.38   Ne  6.89e-01  2.26e+01
 25.00  -2.00  25.00   2.38   Mg  1.19e-01  2.26e+01
 25.00  -2.00  25.00   2.38   Si  1.35e-01  2.26e+01
 25.00  -2.00  25.00   2.38    S  3.93e-02  2.26e+01
 25.00  -2.00  25.00   2.38   Fe  7.29e-02  2.26e+01
 30.00  -2.00  25.00   2.71    p  1.15e+01  2.73e+01
 30.00  -2.00  25.00   2.71   He  9.50e+00  2.73e+01
 30.00  -2.00  25.00   2.71    C  9.30e-01  2.73e+01
 30.00  -2.00  25.00   2.71    N  5.93e-03  2.73e+01
 30.00  -2.00  25.00   2.71    O  4.10e+00  2.73e+01
 30.00  -2.00  25.00   2.71    F  2.21e-04  2.73e+01
 30.00  -2.00  25.00   2.71   Ne  8.52e-01  2.73e+01
 30.00  -2.00  25.00   2.71   Mg  1.43e-01  2.73e+01
 30.00  -2.00  25.00   2.71   Si  1.79e-01  2.73e+01
 30.00  -2.00  25.00   2.71    S  4.99e-02  2.73e+01
 30.00  -2.00  25.00   2.71   Fe  7.26e-02  2.73e+01
 40.00  -2.00  25.00   3.70    p  1.40e+01  3.63e+01
 40.00  -2.00  25.00   3.70   He  1.21e+01  3.63e+01
 40.00  -2.00  25.00   3.70    C  1.35e+00  3.63e+01
 40.00  -2.00  25.00   3.70    N  2.74e-03  3.63e+01
 40.00  -2.00  25.00   3.70    O  7.22e+00  3.63e+01
 40.00  -2.00  25.00   3.70    F  3.25e-05  3.63e+01
 40.00  -2.00  25.00   3.70   Ne  9.39e-01  3.63e+01
 40.00  -2.00  25.00   3.70   Mg  2.04e-01  3.63e+01
 40.00  -2.00  25.00   3.70   Si  3.02e-01  3.63e+01
 40.00  -2.00  25.00   3.70    S  9.19e-02  3.63e+01
 40.00  -2.00  25.00   3.70   Fe  7.28e-02  3.63e+01
 60.00  -2.00  25.00   5.85    p  1.85e+01  5.42e+01
 60.00  -2.00  25.00   5.85   He  1.72e+01  5.42e+01
 60.00  -2.00  25.00   5.85    C  2.23e+00  5.42e+01
 60.00  -2.00  25.00   5.85    N  4.78e-03  5.42e+01
 60.00  -2.00  25.00   5.85    O  1.40e+01  5.42e+01
 60.00  -2.00  25.00   5.85    F  3.11e-05  5.42e+01
 60.00  -2.00  25.00   5.85   Ne  9.83e-01  5.42e+01
 60.00  -2.00  25.00   5.85   Mg  4.11e-01  5.42e+01
 60.00  -2.00  25.00   5.85   Si  5.81e-01  5.42e+01
 60.00  -2.00  25.00   5.85    S  1.78e-01  5.42e+01
 60.00  -2.00  25.00   5.85   Fe  7.34e-02  5.42e+01
 80.00  -2.00  25.00   7.10    p  2.31e+01  7.29e+01
 80.00  -2.00  25.00   7.10   He  2.34e+01  7.29e+01
 80.00  -2.00  25.00   7.10    C  2.89e+00  7.29e+01
 80.00  -2.00  25.00   7.10    N  6.38e-03  7.29e+01
 80.00  -2.00  25.00   7.10    O  2.06e+01  7.29e+01
 80.00  -2.00  25.00   7.10    F  5.35e-05  7.29e+01
 80.00  -2.00  25.00   7.10   Ne  1.18e+00  7.29e+01
 80.00  -2.00  25.00   7.10   Mg  5.58e-01  7.29e+01
 80.00  -2.00  25.00   7.10   Si  8.45e-01  7.29e+01
 80.00  -2.00  25.00   7.10    S  2.68e-01  7.29e+01
 80.00  -2.00  25.00   7.10   Fe  7.45e-02  7.29e+01
120.00  -2.00  25.00   7.74    p  3.05e+01  1.12e+02
120.00  -2.00  25.00   7.74   He  3.54e+01  1.12e+02
120.00  -2.00  25.00   7.74    C  4.14e+00  1.12e+02
120.00  -2.00  25.00   7.74    N  1.74e-02  1.12e+02
120.00  -2.00  25.00   7.74    O  3.84e+01  1.12e+02
120.00  -2.00  25.00   7.74    F  1.75e-06  1.12e+02
120.00  -2.00  25.00   7.74   Ne  2.34e+00  1.12e+02
120.00  -2.00  25.00   7.74   Mg  6.48e-01  1.12e+02
120.00  -2.00  25.00   7.74   Si  5.53e-01  1.12e+02
120.00  -2.00  25.00   7.74    S  1.79e-01  1.12e+02
120.00  -2.00  25.00   7.74   Fe  6.94e-02  1.12e+02
