#---Details of Columns:
#    M0 (solMass)          (F6.2)  [1/6.5] Initial mass [ucd=phys.mass]
#    [Fe/H]                (F7.2)  Initial metallicity [ucd=phys.abund.Z]
#    vel (km/s)            (F7.2)  Initial rotation [ucd=phys.mass]
#    M1 (solMass)          (F7.2)  Final mass (1) [ucd=phys.mass]
#    El                    (a4)    Species i (2) [ucd=phys.atmol.element]
#    M(i)lost (solMass)    (D9.2)  Mass of species i lost in the wind [ucd=phys.mass]
#    M(i)lostall (solMass) (D9.2)  Total mass lost in the wind [ucd=phys.mass]
#----- ------ ------ ------ ---- --------- -----------
#M0                                                                 
#(sol         vel    M1 (so      M(i)lost  M(i)lostall
#Mass) Z0     (km/s) lMass) El   (solMass) (solMass)  
#----- ------ ------ ------ ---- --------- -----------
 13.00  -0.60 200.00   2.30    p  4.62e+00  1.07e+01
 13.00  -0.60 200.00   2.30   He  3.83e+00  1.07e+01
 13.00  -0.60 200.00   2.30    C  2.63e-01  1.07e+01
 13.00  -0.60 200.00   2.30    N  6.44e-02  1.07e+01
 13.00  -0.60 200.00   2.30    O  1.29e+00  1.07e+01
 13.00  -0.60 200.00   2.30    F  2.33e-05  1.07e+01
 13.00  -0.60 200.00   2.30   Ne  9.41e-02  1.07e+01
 13.00  -0.60 200.00   2.30   Mg  3.03e-02  1.07e+01
 13.00  -0.60 200.00   2.30   Si  2.18e-01  1.07e+01
 13.00  -0.60 200.00   2.30    S  1.91e-01  1.07e+01
 13.00  -0.60 200.00   2.30   Fe  8.63e-02  1.07e+01
 15.00  -0.60 200.00   2.47    p  5.09e+00  1.25e+01
 15.00  -0.60 200.00   2.47   He  4.43e+00  1.25e+01
 15.00  -0.60 200.00   2.47    C  3.43e-01  1.25e+01
 15.00  -0.60 200.00   2.47    N  8.68e-02  1.25e+01
 15.00  -0.60 200.00   2.47    O  1.87e+00  1.25e+01
 15.00  -0.60 200.00   2.47    F  9.70e-05  1.25e+01
 15.00  -0.60 200.00   2.47   Ne  1.31e-01  1.25e+01
 15.00  -0.60 200.00   2.47   Mg  4.45e-02  1.25e+01
 15.00  -0.60 200.00   2.47   Si  2.33e-01  1.25e+01
 15.00  -0.60 200.00   2.47    S  1.85e-01  1.25e+01
 15.00  -0.60 200.00   2.47   Fe  8.58e-02  1.25e+01
 20.00  -0.60 200.00   3.00    p  6.23e+00  1.70e+01
 20.00  -0.60 200.00   3.00   He  6.05e+00  1.70e+01
 20.00  -0.60 200.00   3.00    C  6.24e-01  1.70e+01
 20.00  -0.60 200.00   3.00    N  1.11e-01  1.70e+01
 20.00  -0.60 200.00   3.00    O  3.32e+00  1.70e+01
 20.00  -0.60 200.00   3.00    F  3.70e-04  1.70e+01
 20.00  -0.60 200.00   3.00   Ne  2.05e-01  1.70e+01
 20.00  -0.60 200.00   3.00   Mg  6.87e-02  1.70e+01
 20.00  -0.60 200.00   3.00   Si  2.15e-01  1.70e+01
 20.00  -0.60 200.00   3.00    S  8.49e-02  1.70e+01
 20.00  -0.60 200.00   3.00   Fe  7.72e-02  1.70e+01
 25.00  -0.60 200.00   2.97    p  7.73e+00  2.20e+01
 25.00  -0.60 200.00   2.97   He  7.02e+00  2.20e+01
 25.00  -0.60 200.00   2.97    C  7.83e-01  2.20e+01
 25.00  -0.60 200.00   2.97    N  7.58e-02  2.20e+01
 25.00  -0.60 200.00   2.97    O  5.13e+00  2.20e+01
 25.00  -0.60 200.00   2.97    F  6.76e-04  2.20e+01
 25.00  -0.60 200.00   2.97   Ne  7.40e-01  2.20e+01
 25.00  -0.60 200.00   2.97   Mg  1.53e-01  2.20e+01
 25.00  -0.60 200.00   2.97   Si  2.33e-01  2.20e+01
 25.00  -0.60 200.00   2.97    S  8.12e-02  2.20e+01
 25.00  -0.60 200.00   2.97   Fe  7.68e-02  2.20e+01
 30.00  -0.60 200.00   3.85    p  8.82e+00  2.61e+01
 30.00  -0.60 200.00   3.85   He  8.46e+00  2.61e+01
 30.00  -0.60 200.00   3.85    C  1.13e+00  2.61e+01
 30.00  -0.60 200.00   3.85    N  4.25e-02  2.61e+01
 30.00  -0.60 200.00   3.85    O  6.41e+00  2.61e+01
 30.00  -0.60 200.00   3.85    F  1.04e-03  2.61e+01
 30.00  -0.60 200.00   3.85   Ne  6.40e-01  2.61e+01
 30.00  -0.60 200.00   3.85   Mg  1.54e-01  2.61e+01
 30.00  -0.60 200.00   3.85   Si  2.97e-01  2.61e+01
 30.00  -0.60 200.00   3.85    S  1.19e-01  2.61e+01
 30.00  -0.60 200.00   3.85   Fe  7.74e-02  2.61e+01
 40.00  -0.60 200.00   4.88    p  1.09e+01  3.51e+01
 40.00  -0.60 200.00   4.88   He  9.26e+00  3.51e+01
 40.00  -0.60 200.00   4.88    C  2.05e+00  3.51e+01
 40.00  -0.60 200.00   4.88    N  6.82e-02  3.51e+01
 40.00  -0.60 200.00   4.88    O  1.07e+01  3.51e+01
 40.00  -0.60 200.00   4.88    F  8.67e-05  3.51e+01
 40.00  -0.60 200.00   4.88   Ne  1.10e+00  3.51e+01
 40.00  -0.60 200.00   4.88   Mg  3.43e-01  3.51e+01
 40.00  -0.60 200.00   4.88   Si  4.75e-01  3.51e+01
 40.00  -0.60 200.00   4.88    S  1.79e-01  3.51e+01
 40.00  -0.60 200.00   4.88   Fe  7.83e-02  3.51e+01
 60.00  -0.60 200.00   5.58    p  1.53e+01  5.44e+01
 60.00  -0.60 200.00   5.58   He  1.73e+01  5.44e+01
 60.00  -0.60 200.00   5.58    C  3.97e+00  5.44e+01
 60.00  -0.60 200.00   5.58    N  5.44e-02  5.44e+01
 60.00  -0.60 200.00   5.58    O  1.43e+01  5.44e+01
 60.00  -0.60 200.00   5.58    F  4.25e-06  5.44e+01
 60.00  -0.60 200.00   5.58   Ne  1.91e+00  5.44e+01
 60.00  -0.60 200.00   5.58   Mg  5.92e-01  5.44e+01
 60.00  -0.60 200.00   5.58   Si  6.60e-01  5.44e+01
 60.00  -0.60 200.00   5.58    S  2.29e-01  5.44e+01
 60.00  -0.60 200.00   5.58   Fe  8.31e-02  5.44e+01
 80.00  -0.60 200.00   8.06    p  1.88e+01  7.19e+01
 80.00  -0.60 200.00   8.06   He  2.42e+01  7.19e+01
 80.00  -0.60 200.00   8.06    C  5.32e+00  7.19e+01
 80.00  -0.60 200.00   8.06    N  6.49e-02  7.19e+01
 80.00  -0.60 200.00   8.06    O  1.93e+01  7.19e+01
 80.00  -0.60 200.00   8.06    F  4.77e-06  7.19e+01
 80.00  -0.60 200.00   8.06   Ne  1.99e+00  7.19e+01
 80.00  -0.60 200.00   8.06   Mg  8.06e-01  7.19e+01
 80.00  -0.60 200.00   8.06   Si  9.99e-01  7.19e+01
 80.00  -0.60 200.00   8.06    S  3.32e-01  7.19e+01
 80.00  -0.60 200.00   8.06   Fe  8.61e-02  7.19e+01
120.00  -0.60 200.00   8.95    p  2.56e+01  1.11e+02
120.00  -0.60 200.00   8.95   He  5.13e+01  1.11e+02
120.00  -0.60 200.00   8.95    C  6.36e+00  1.11e+02
120.00  -0.60 200.00   8.95    N  1.29e-01  1.11e+02
120.00  -0.60 200.00   8.95    O  2.25e+01  1.11e+02
120.00  -0.60 200.00   8.95    F  7.36e-06  1.11e+02
120.00  -0.60 200.00   8.95   Ne  2.13e+00  1.11e+02
120.00  -0.60 200.00   8.95   Mg  1.33e+00  1.11e+02
120.00  -0.60 200.00   8.95   Si  1.28e+00  1.11e+02
120.00  -0.60 200.00   8.95    S  4.09e-01  1.11e+02
120.00  -0.60 200.00   8.95   Fe  9.37e-02  1.11e+02
