#---Details of Columns:
#    M0 (solMass)          (F6.2)  [1/6.5] Initial mass [ucd=phys.mass]
#    [Fe/H]                (F7.2)  Initial metallicity [ucd=phys.abund.Z]
#    vel (km/s)            (F7.2)  Initial rotation [ucd=phys.mass]
#    M1 (solMass)          (F7.2)  Final mass (1) [ucd=phys.mass]
#    El                    (a4)    Species i (2) [ucd=phys.atmol.element]
#    M(i)lost (solMass)    (D9.2)  Mass of species i lost in the wind [ucd=phys.mass]
#    M(i)lostall (solMass) (D9.2)  Total mass lost in the wind [ucd=phys.mass]
#----- ------ ------ ------ ---- --------- -----------
#M0                                                                 
#(sol         vel    M1 (so      M(i)lost  M(i)lostall
#Mass) Z0     (km/s) lMass) El   (solMass) (solMass)  
#----- ------ ------ ------ ---- --------- -----------
 13.00  -1.00  25.00   1.74    p  6.00e+00  1.13e+01
 13.00  -1.00  25.00   1.74   He  4.38e+00  1.13e+01
 13.00  -1.00  25.00   1.74    C  1.75e-01  1.13e+01
 13.00  -1.00  25.00   1.74    N  1.30e-02  1.13e+01
 13.00  -1.00  25.00   1.74    O  4.61e-01  1.13e+01
 13.00  -1.00  25.00   1.74    F  7.07e-06  1.13e+01
 13.00  -1.00  25.00   1.74   Ne  4.15e-02  1.13e+01
 13.00  -1.00  25.00   1.74   Mg  1.75e-02  1.13e+01
 13.00  -1.00  25.00   1.74   Si  6.60e-02  1.13e+01
 13.00  -1.00  25.00   1.74    S  2.79e-02  1.13e+01
 13.00  -1.00  25.00   1.74   Fe  7.13e-02  1.13e+01
 15.00  -1.00  25.00   1.84    p  6.72e+00  1.32e+01
 15.00  -1.00  25.00   1.84   He  4.90e+00  1.32e+01
 15.00  -1.00  25.00   1.84    C  2.84e-01  1.32e+01
 15.00  -1.00  25.00   1.84    N  1.53e-02  1.32e+01
 15.00  -1.00  25.00   1.84    O  8.42e-01  1.32e+01
 15.00  -1.00  25.00   1.84    F  1.72e-05  1.32e+01
 15.00  -1.00  25.00   1.84   Ne  7.17e-02  1.32e+01
 15.00  -1.00  25.00   1.84   Mg  2.81e-02  1.32e+01
 15.00  -1.00  25.00   1.84   Si  1.10e-01  1.32e+01
 15.00  -1.00  25.00   1.84    S  5.32e-02  1.32e+01
 15.00  -1.00  25.00   1.84   Fe  7.20e-02  1.32e+01
 20.00  -1.00  25.00   2.00    p  8.41e+00  1.80e+01
 20.00  -1.00  25.00   2.00   He  6.64e+00  1.80e+01
 20.00  -1.00  25.00   2.00    C  4.33e-01  1.80e+01
 20.00  -1.00  25.00   2.00    N  2.12e-02  1.80e+01
 20.00  -1.00  25.00   2.00    O  1.65e+00  1.80e+01
 20.00  -1.00  25.00   2.00    F  4.37e-05  1.80e+01
 20.00  -1.00  25.00   2.00   Ne  4.19e-01  1.80e+01
 20.00  -1.00  25.00   2.00   Mg  1.05e-01  1.80e+01
 20.00  -1.00  25.00   2.00   Si  1.28e-01  1.80e+01
 20.00  -1.00  25.00   2.00    S  3.90e-02  1.80e+01
 20.00  -1.00  25.00   2.00   Fe  7.21e-02  1.80e+01
 25.00  -1.00  25.00   2.45    p  9.98e+00  2.25e+01
 25.00  -1.00  25.00   2.45   He  7.92e+00  2.25e+01
 25.00  -1.00  25.00   2.45    C  6.83e-01  2.25e+01
 25.00  -1.00  25.00   2.45    N  9.76e-03  2.25e+01
 25.00  -1.00  25.00   2.45    O  2.86e+00  2.25e+01
 25.00  -1.00  25.00   2.45    F  4.64e-05  2.25e+01
 25.00  -1.00  25.00   2.45   Ne  6.40e-01  2.25e+01
 25.00  -1.00  25.00   2.45   Mg  1.12e-01  2.25e+01
 25.00  -1.00  25.00   2.45   Si  1.47e-01  2.25e+01
 25.00  -1.00  25.00   2.45    S  4.49e-02  2.25e+01
 25.00  -1.00  25.00   2.45   Fe  7.17e-02  2.25e+01
 30.00  -1.00  25.00  28.83    p  8.26e-01  1.17e+00
 30.00  -1.00  25.00  28.83   He  3.41e-01  1.17e+00
 30.00  -1.00  25.00  28.83    C  2.79e-04  1.17e+00
 30.00  -1.00  25.00  28.83    N  3.18e-04  1.17e+00
 30.00  -1.00  25.00  28.83    O  1.39e-03  1.17e+00
 30.00  -1.00  25.00  28.83    F  3.36e-08  1.17e+00
 30.00  -1.00  25.00  28.83   Ne  9.67e-05  1.17e+00
 30.00  -1.00  25.00  28.83   Mg  9.87e-05  1.17e+00
 30.00  -1.00  25.00  28.83   Si  1.35e-04  1.17e+00
 30.00  -1.00  25.00  28.83    S  5.48e-05  1.17e+00
 30.00  -1.00  25.00  28.83   Fe  1.02e-04  1.17e+00
 40.00  -1.00  25.00  33.50    p  4.37e+00  6.50e+00
 40.00  -1.00  25.00  33.50   He  2.10e+00  6.50e+00
 40.00  -1.00  25.00  33.50    C  2.49e-03  6.50e+00
 40.00  -1.00  25.00  33.50    N  4.95e-03  6.50e+00
 40.00  -1.00  25.00  33.50    O  7.44e-03  6.50e+00
 40.00  -1.00  25.00  33.50    F  1.60e-07  6.50e+00
 40.00  -1.00  25.00  33.50   Ne  5.56e-04  6.50e+00
 40.00  -1.00  25.00  33.50   Mg  5.74e-04  6.50e+00
 40.00  -1.00  25.00  33.50   Si  7.92e-04  6.50e+00
 40.00  -1.00  25.00  33.50    S  3.20e-04  6.50e+00
 40.00  -1.00  25.00  33.50   Fe  5.99e-04  6.50e+00
 60.00  -1.00  25.00  49.97    p  6.20e+00  1.00e+01
 60.00  -1.00  25.00  49.97   He  3.74e+00  1.00e+01
 60.00  -1.00  25.00  49.97    C  6.40e-02  1.00e+01
 60.00  -1.00  25.00  49.97    N  9.72e-03  1.00e+01
 60.00  -1.00  25.00  49.97    O  2.00e-02  1.00e+01
 60.00  -1.00  25.00  49.97    F  3.90e-07  1.00e+01
 60.00  -1.00  25.00  49.97   Ne  1.64e-03  1.00e+01
 60.00  -1.00  25.00  49.97   Mg  9.20e-04  1.00e+01
 60.00  -1.00  25.00  49.97   Si  1.29e-03  1.00e+01
 60.00  -1.00  25.00  49.97    S  5.22e-04  1.00e+01
 60.00  -1.00  25.00  49.97   Fe  9.76e-04  1.00e+01
 80.00  -1.00  25.00  61.64    p  1.05e+01  1.84e+01
 80.00  -1.00  25.00  61.64   He  7.69e+00  1.84e+01
 80.00  -1.00  25.00  61.64    C  1.22e-01  1.84e+01
 80.00  -1.00  25.00  61.64    N  2.26e-02  1.84e+01
 80.00  -1.00  25.00  61.64    O  3.95e-02  1.84e+01
 80.00  -1.00  25.00  61.64    F  4.93e-07  1.84e+01
 80.00  -1.00  25.00  61.64   Ne  2.91e-03  1.84e+01
 80.00  -1.00  25.00  61.64   Mg  1.76e-03  1.84e+01
 80.00  -1.00  25.00  61.64   Si  2.52e-03  1.84e+01
 80.00  -1.00  25.00  61.64    S  1.02e-03  1.84e+01
 80.00  -1.00  25.00  61.64   Fe  1.90e-03  1.84e+01
120.00  -1.00  25.00  80.76    p  2.00e+01  3.92e+01
120.00  -1.00  25.00  80.76   He  1.88e+01  3.92e+01
120.00  -1.00  25.00  80.76    C  2.41e-01  3.92e+01
120.00  -1.00  25.00  80.76    N  4.52e-02  3.92e+01
120.00  -1.00  25.00  80.76    O  9.58e-02  3.92e+01
120.00  -1.00  25.00  80.76    F  7.88e-07  3.92e+01
120.00  -1.00  25.00  80.76   Ne  5.16e-03  3.92e+01
120.00  -1.00  25.00  80.76   Mg  3.07e-03  3.92e+01
120.00  -1.00  25.00  80.76   Si  4.51e-03  3.92e+01
120.00  -1.00  25.00  80.76    S  1.83e-03  3.92e+01
120.00  -1.00  25.00  80.76   Fe  3.41e-03  3.92e+01
