#---Details of Columns:
#    M0 (solMass)          (F6.2)  [1/6.5] Initial mass [ucd=phys.mass]
#    [Fe/H]                (F7.2)  Initial metallicity [ucd=phys.abund.Z]
#    vel (km/s)            (F7.2)  Initial rotation [ucd=phys.mass]
#    M1 (solMass)          (F7.2)  Final mass (1) [ucd=phys.mass]
#    El                    (a4)    Species i (2) [ucd=phys.atmol.element]
#    M(i)lost (solMass)    (D9.2)  Mass of species i lost in the wind [ucd=phys.mass]
#    M(i)lostall (solMass) (D9.2)  Total mass lost in the wind [ucd=phys.mass]
#----- ------ ------ ------ ---- --------- -----------
#M0                                                                 
#(sol         vel    M1 (so      M(i)lost  M(i)lostall
#Mass) Z0     (km/s) lMass) El   (solMass) (solMass)  
#----- ------ ------ ------ ---- --------- -----------
 13.00  -2.00 300.00   2.21    p  4.49e+00  1.08e+01
 13.00  -2.00 300.00   2.21   He  3.83e+00  1.08e+01
 13.00  -2.00 300.00   2.21    C  2.80e-01  1.08e+01
 13.00  -2.00 300.00   2.21    N  1.14e-01  1.08e+01
 13.00  -2.00 300.00   2.21    O  1.48e+00  1.08e+01
 13.00  -2.00 300.00   2.21    F  3.60e-05  1.08e+01
 13.00  -2.00 300.00   2.21   Ne  1.29e-01  1.08e+01
 13.00  -2.00 300.00   2.21   Mg  3.68e-02  1.08e+01
 13.00  -2.00 300.00   2.21   Si  2.15e-01  1.08e+01
 13.00  -2.00 300.00   2.21    S  1.72e-01  1.08e+01
 13.00  -2.00 300.00   2.21   Fe  8.00e-02  1.08e+01
 15.00  -2.00 300.00   2.47    p  5.04e+00  1.25e+01
 15.00  -2.00 300.00   2.47   He  4.42e+00  1.25e+01
 15.00  -2.00 300.00   2.47    C  3.41e-01  1.25e+01
 15.00  -2.00 300.00   2.47    N  1.22e-01  1.25e+01
 15.00  -2.00 300.00   2.47    O  1.82e+00  1.25e+01
 15.00  -2.00 300.00   2.47    F  5.06e-05  1.25e+01
 15.00  -2.00 300.00   2.47   Ne  1.33e-01  1.25e+01
 15.00  -2.00 300.00   2.47   Mg  4.41e-02  1.25e+01
 15.00  -2.00 300.00   2.47   Si  2.89e-01  1.25e+01
 15.00  -2.00 300.00   2.47    S  2.00e-01  1.25e+01
 15.00  -2.00 300.00   2.47   Fe  1.07e-01  1.25e+01
 20.00  -2.00 300.00   3.22    p  6.60e+00  1.68e+01
 20.00  -2.00 300.00   3.22   He  5.75e+00  1.68e+01
 20.00  -2.00 300.00   3.22    C  5.31e-01  1.68e+01
 20.00  -2.00 300.00   3.22    N  1.55e-02  1.68e+01
 20.00  -2.00 300.00   3.22    O  3.24e+00  1.68e+01
 20.00  -2.00 300.00   3.22    F  1.55e-04  1.68e+01
 20.00  -2.00 300.00   3.22   Ne  2.06e-01  1.68e+01
 20.00  -2.00 300.00   3.22   Mg  7.09e-02  1.68e+01
 20.00  -2.00 300.00   3.22   Si  2.00e-01  1.68e+01
 20.00  -2.00 300.00   3.22    S  1.02e-01  1.68e+01
 20.00  -2.00 300.00   3.22   Fe  7.69e-02  1.68e+01
 25.00  -2.00 300.00   3.54    p  7.87e+00  2.15e+01
 25.00  -2.00 300.00   3.54   He  5.22e+00  2.15e+01
 25.00  -2.00 300.00   3.54    C  1.01e+00  2.15e+01
 25.00  -2.00 300.00   3.54    N  1.72e-02  2.15e+01
 25.00  -2.00 300.00   3.54    O  5.94e+00  2.15e+01
 25.00  -2.00 300.00   3.54    F  7.63e-04  2.15e+01
 25.00  -2.00 300.00   3.54   Ne  8.11e-01  2.15e+01
 25.00  -2.00 300.00   3.54   Mg  1.54e-01  2.15e+01
 25.00  -2.00 300.00   3.54   Si  2.69e-01  2.15e+01
 25.00  -2.00 300.00   3.54    S  9.13e-02  2.15e+01
 25.00  -2.00 300.00   3.54   Fe  7.35e-02  2.15e+01
 30.00  -2.00 300.00   3.96    p  9.14e+00  2.60e+01
 30.00  -2.00 300.00   3.96   He  5.68e+00  2.60e+01
 30.00  -2.00 300.00   3.96    C  1.54e+00  2.60e+01
 30.00  -2.00 300.00   3.96    N  2.73e-02  2.60e+01
 30.00  -2.00 300.00   3.96    O  7.83e+00  2.60e+01
 30.00  -2.00 300.00   3.96    F  1.25e-03  2.60e+01
 30.00  -2.00 300.00   3.96   Ne  1.06e+00  2.60e+01
 30.00  -2.00 300.00   3.96   Mg  2.35e-01  2.60e+01
 30.00  -2.00 300.00   3.96   Si  3.33e-01  2.60e+01
 30.00  -2.00 300.00   3.96    S  1.15e-01  2.60e+01
 30.00  -2.00 300.00   3.96   Fe  7.37e-02  2.60e+01
 40.00  -2.00 300.00   5.69    p  1.12e+01  3.43e+01
 40.00  -2.00 300.00   5.69   He  5.83e+00  3.43e+01
 40.00  -2.00 300.00   5.69    C  2.26e+00  3.43e+01
 40.00  -2.00 300.00   5.69    N  3.20e-02  3.43e+01
 40.00  -2.00 300.00   5.69    O  1.25e+01  3.43e+01
 40.00  -2.00 300.00   5.69    F  7.03e-04  3.43e+01
 40.00  -2.00 300.00   5.69   Ne  1.21e+00  3.43e+01
 40.00  -2.00 300.00   5.69   Mg  4.64e-01  3.43e+01
 40.00  -2.00 300.00   5.69   Si  5.27e-01  3.43e+01
 40.00  -2.00 300.00   5.69    S  1.85e-01  3.43e+01
 40.00  -2.00 300.00   5.69   Fe  7.46e-02  3.43e+01
 60.00  -2.00 300.00   7.78    p  1.51e+01  5.22e+01
 60.00  -2.00 300.00   7.78   He  8.24e+00  5.22e+01
 60.00  -2.00 300.00   7.78    C  3.09e+00  5.22e+01
 60.00  -2.00 300.00   7.78    N  4.87e-02  5.22e+01
 60.00  -2.00 300.00   7.78    O  2.12e+01  5.22e+01
 60.00  -2.00 300.00   7.78    F  1.12e-03  5.22e+01
 60.00  -2.00 300.00   7.78   Ne  2.25e+00  5.22e+01
 60.00  -2.00 300.00   7.78   Mg  1.01e+00  5.22e+01
 60.00  -2.00 300.00   7.78   Si  9.05e-01  5.22e+01
 60.00  -2.00 300.00   7.78    S  3.14e-01  5.22e+01
 60.00  -2.00 300.00   7.78   Fe  7.91e-02  5.22e+01
 80.00  -2.00 300.00   5.77    p  1.76e+01  7.42e+01
 80.00  -2.00 300.00   5.77   He  1.28e+01  7.42e+01
 80.00  -2.00 300.00   5.77    C  4.48e+00  7.42e+01
 80.00  -2.00 300.00   5.77    N  7.84e-02  7.42e+01
 80.00  -2.00 300.00   5.77    O  3.43e+01  7.42e+01
 80.00  -2.00 300.00   5.77    F  5.39e-05  7.42e+01
 80.00  -2.00 300.00   5.77   Ne  2.75e+00  7.42e+01
 80.00  -2.00 300.00   5.77   Mg  1.05e+00  7.42e+01
 80.00  -2.00 300.00   5.77   Si  9.12e-01  7.42e+01
 80.00  -2.00 300.00   5.77    S  2.64e-01  7.42e+01
 80.00  -2.00 300.00   5.77   Fe  7.57e-02  7.42e+01
120.00  -2.00 300.00   2.05    p  2.15e+01  1.18e+02
120.00  -2.00 300.00   2.05   He  2.72e+01  1.18e+02
120.00  -2.00 300.00   2.05    C  1.46e+01  1.18e+02
120.00  -2.00 300.00   2.05    N  1.68e-01  1.18e+02
120.00  -2.00 300.00   2.05    O  5.22e+01  1.18e+02
120.00  -2.00 300.00   2.05    F  3.74e-07  1.18e+02
120.00  -2.00 300.00   2.05   Ne  1.68e+00  1.18e+02
120.00  -2.00 300.00   2.05   Mg  4.30e-01  1.18e+02
120.00  -2.00 300.00   2.05   Si  1.36e-01  1.18e+02
120.00  -2.00 300.00   2.05    S  4.67e-02  1.18e+02
120.00  -2.00 300.00   2.05   Fe  2.59e-02  1.18e+02
