#---Details of Columns:
#    M0 (solMass)          (F6.2)  [1/6.5] Initial mass [ucd=phys.mass]
#    [Fe/H]                (F7.2)  Initial metallicity [ucd=phys.abund.Z]
#    vel (km/s)            (F7.2)  Initial rotation [ucd=phys.mass]
#    M1 (solMass)          (F7.2)  Final mass (1) [ucd=phys.mass]
#    El                    (a4)    Species i (2) [ucd=phys.atmol.element]
#    M(i)lost (solMass)    (D9.2)  Mass of species i lost in the wind [ucd=phys.mass]
#    M(i)lostall (solMass) (D9.2)  Total mass lost in the wind [ucd=phys.mass]
#----- ------ ------ ------ ---- --------- -----------
#M0                                                                 
#(sol         vel    M1 (so      M(i)lost  M(i)lostall
#Mass) Z0     (km/s) lMass) El   (solMass) (solMass)  
#----- ------ ------ ------ ---- --------- -----------
 13.00  -2.00 150.00   2.16    p  4.88e+00  1.08e+01
 13.00  -2.00 150.00   2.16   He  3.81e+00  1.08e+01
 13.00  -2.00 150.00   2.16    C  2.85e-01  1.08e+01
 13.00  -2.00 150.00   2.16    N  4.06e-02  1.08e+01
 13.00  -2.00 150.00   2.16    O  1.46e+00  1.08e+01
 13.00  -2.00 150.00   2.16    F  8.34e-05  1.08e+01
 13.00  -2.00 150.00   2.16   Ne  9.00e-02  1.08e+01
 13.00  -2.00 150.00   2.16   Mg  2.52e-02  1.08e+01
 13.00  -2.00 150.00   2.16   Si  7.78e-02  1.08e+01
 13.00  -2.00 150.00   2.16    S  3.16e-02  1.08e+01
 13.00  -2.00 150.00   2.16   Fe  7.05e-02  1.08e+01
 15.00  -2.00 150.00   2.24    p  5.46e+00  1.28e+01
 15.00  -2.00 150.00   2.24   He  4.41e+00  1.28e+01
 15.00  -2.00 150.00   2.24    C  3.79e-01  1.28e+01
 15.00  -2.00 150.00   2.24    N  3.39e-02  1.28e+01
 15.00  -2.00 150.00   2.24    O  1.88e+00  1.28e+01
 15.00  -2.00 150.00   2.24    F  1.03e-03  1.28e+01
 15.00  -2.00 150.00   2.24   Ne  8.95e-02  1.28e+01
 15.00  -2.00 150.00   2.24   Mg  1.50e-02  1.28e+01
 15.00  -2.00 150.00   2.24   Si  1.88e-01  1.28e+01
 15.00  -2.00 150.00   2.24    S  1.59e-01  1.28e+01
 15.00  -2.00 150.00   2.24   Fe  7.14e-02  1.28e+01
 20.00  -2.00 150.00   2.94    p  7.09e+00  1.71e+01
 20.00  -2.00 150.00   2.94   He  5.66e+00  1.71e+01
 20.00  -2.00 150.00   2.94    C  5.52e-01  1.71e+01
 20.00  -2.00 150.00   2.94    N  6.48e-02  1.71e+01
 20.00  -2.00 150.00   2.94    O  3.10e+00  1.71e+01
 20.00  -2.00 150.00   2.94    F  7.23e-04  1.71e+01
 20.00  -2.00 150.00   2.94   Ne  1.49e-01  1.71e+01
 20.00  -2.00 150.00   2.94   Mg  5.83e-02  1.71e+01
 20.00  -2.00 150.00   2.94   Si  1.80e-01  1.71e+01
 20.00  -2.00 150.00   2.94    S  6.66e-02  1.71e+01
 20.00  -2.00 150.00   2.94   Fe  7.07e-02  1.71e+01
 25.00  -2.00 150.00   3.10    p  8.65e+00  2.19e+01
 25.00  -2.00 150.00   3.10   He  6.76e+00  2.19e+01
 25.00  -2.00 150.00   3.10    C  7.04e-01  2.19e+01
 25.00  -2.00 150.00   3.10    N  5.41e-02  2.19e+01
 25.00  -2.00 150.00   3.10    O  4.61e+00  2.19e+01
 25.00  -2.00 150.00   3.10    F  1.87e-04  2.19e+01
 25.00  -2.00 150.00   3.10   Ne  5.08e-01  2.19e+01
 25.00  -2.00 150.00   3.10   Mg  1.22e-01  2.19e+01
 25.00  -2.00 150.00   3.10   Si  2.12e-01  2.19e+01
 25.00  -2.00 150.00   3.10    S  6.81e-02  2.19e+01
 25.00  -2.00 150.00   3.10   Fe  7.07e-02  2.19e+01
 30.00  -2.00 150.00  27.36    p  1.80e+00  2.64e+00
 30.00  -2.00 150.00  27.36   He  8.33e-01  2.64e+00
 30.00  -2.00 150.00  27.36    C  1.36e-05  2.64e+00
 30.00  -2.00 150.00  27.36    N  2.03e-04  2.64e+00
 30.00  -2.00 150.00  27.36    O  1.65e-04  2.64e+00
 30.00  -2.00 150.00  27.36    F  2.36e-09  2.64e+00
 30.00  -2.00 150.00  27.36   Ne  1.41e-05  2.64e+00
 30.00  -2.00 150.00  27.36   Mg  1.57e-05  2.64e+00
 30.00  -2.00 150.00  27.36   Si  2.24e-05  2.64e+00
 30.00  -2.00 150.00  27.36    S  8.97e-06  2.64e+00
 30.00  -2.00 150.00  27.36   Fe  1.68e-05  2.64e+00
 40.00  -2.00 150.00  23.62    p  1.14e+01  1.64e+01
 40.00  -2.00 150.00  23.62   He  4.99e+00  1.64e+01
 40.00  -2.00 150.00  23.62    C  3.90e-03  1.64e+01
 40.00  -2.00 150.00  23.62    N  6.14e-03  1.64e+01
 40.00  -2.00 150.00  23.62    O  2.70e-03  1.64e+01
 40.00  -2.00 150.00  23.62    F  2.28e-08  1.64e+01
 40.00  -2.00 150.00  23.62   Ne  9.15e-05  1.64e+01
 40.00  -2.00 150.00  23.62   Mg  9.04e-05  1.64e+01
 40.00  -2.00 150.00  23.62   Si  1.28e-04  1.64e+01
 40.00  -2.00 150.00  23.62    S  5.15e-05  1.64e+01
 40.00  -2.00 150.00  23.62   Fe  9.58e-05  1.64e+01
 60.00  -2.00 150.00  39.83    p  1.38e+01  2.02e+01
 60.00  -2.00 150.00  39.83   He  6.28e+00  2.02e+01
 60.00  -2.00 150.00  39.83    C  1.32e-02  2.02e+01
 60.00  -2.00 150.00  39.83    N  1.01e-02  2.02e+01
 60.00  -2.00 150.00  39.83    O  9.49e-03  2.02e+01
 60.00  -2.00 150.00  39.83    F  2.67e-08  2.02e+01
 60.00  -2.00 150.00  39.83   Ne  1.33e-04  2.02e+01
 60.00  -2.00 150.00  39.83   Mg  1.17e-04  2.02e+01
 60.00  -2.00 150.00  39.83   Si  1.67e-04  2.02e+01
 60.00  -2.00 150.00  39.83    S  6.67e-05  2.02e+01
 60.00  -2.00 150.00  39.83   Fe  1.25e-04  2.02e+01
 80.00  -2.00 150.00  51.88    p  1.89e+01  2.81e+01
 80.00  -2.00 150.00  51.88   He  9.21e+00  2.81e+01
 80.00  -2.00 150.00  51.88    C  4.17e-02  2.81e+01
 80.00  -2.00 150.00  51.88    N  1.54e-02  2.81e+01
 80.00  -2.00 150.00  51.88    O  2.49e-02  2.81e+01
 80.00  -2.00 150.00  51.88    F  3.14e-08  2.81e+01
 80.00  -2.00 150.00  51.88   Ne  2.21e-04  2.81e+01
 80.00  -2.00 150.00  51.88   Mg  1.55e-04  2.81e+01
 80.00  -2.00 150.00  51.88   Si  2.25e-04  2.81e+01
 80.00  -2.00 150.00  51.88    S  8.90e-05  2.81e+01
 80.00  -2.00 150.00  51.88   Fe  1.66e-04  2.81e+01
120.00  -2.00 150.00  73.92    p  2.44e+01  4.61e+01
120.00  -2.00 150.00  73.92   He  2.13e+01  4.61e+01
120.00  -2.00 150.00  73.92    C  1.86e-01  4.61e+01
120.00  -2.00 150.00  73.92    N  2.27e-02  4.61e+01
120.00  -2.00 150.00  73.92    O  8.47e-02  4.61e+01
120.00  -2.00 150.00  73.92    F  3.22e-08  4.61e+01
120.00  -2.00 150.00  73.92   Ne  5.72e-04  4.61e+01
120.00  -2.00 150.00  73.92   Mg  2.27e-04  4.61e+01
120.00  -2.00 150.00  73.92   Si  3.86e-04  4.61e+01
120.00  -2.00 150.00  73.92    S  1.37e-04  4.61e+01
120.00  -2.00 150.00  73.92   Fe  2.55e-04  4.61e+01
