#---Details of Columns:
#    M0 (solMass)          (F6.2)  [1/6.5] Initial mass [ucd=phys.mass]
#    [Fe/H]                (F7.2)  Initial metallicity [ucd=phys.abund.Z]
#    vel (km/s)            (F7.2)  Initial rotation [ucd=phys.mass]
#    M1 (solMass)          (F7.2)  Final mass (1) [ucd=phys.mass]
#    El                    (a4)    Species i (2) [ucd=phys.atmol.element]
#    M(i)lost (solMass)    (D9.2)  Mass of species i lost in the wind [ucd=phys.mass]
#    M(i)lostall (solMass) (D9.2)  Total mass lost in the wind [ucd=phys.mass]
#----- ------ ------ ------ ---- --------- -----------
#M0                                                                 
#(sol         vel    M1 (so      M(i)lost  M(i)lostall
#Mass) Z0     (km/s) lMass) El   (solMass) (solMass)  
#----- ------ ------ ------ ---- --------- -----------
 13.00  -0.30 200.00   2.30    p  4.58e+00  1.07e+01
 13.00  -0.30 200.00   2.30   He  3.88e+00  1.07e+01
 13.00  -0.30 200.00   2.30    C  3.17e-01  1.07e+01
 13.00  -0.30 200.00   2.30    N  5.75e-02  1.07e+01
 13.00  -0.30 200.00   2.30    O  1.32e+00  1.07e+01
 13.00  -0.30 200.00   2.30    F  7.61e-05  1.07e+01
 13.00  -0.30 200.00   2.30   Ne  8.85e-02  1.07e+01
 13.00  -0.30 200.00   2.30   Mg  2.94e-02  1.07e+01
 13.00  -0.30 200.00   2.30   Si  1.82e-01  1.07e+01
 13.00  -0.30 200.00   2.30    S  1.48e-01  1.07e+01
 13.00  -0.30 200.00   2.30   Fe  8.74e-02  1.07e+01
 15.00  -0.30 200.00   2.47    p  5.04e+00  1.25e+01
 15.00  -0.30 200.00   2.47   He  4.46e+00  1.25e+01
 15.00  -0.30 200.00   2.47    C  3.70e-01  1.25e+01
 15.00  -0.30 200.00   2.47    N  7.51e-02  1.25e+01
 15.00  -0.30 200.00   2.47    O  1.89e+00  1.25e+01
 15.00  -0.30 200.00   2.47    F  2.22e-04  1.25e+01
 15.00  -0.30 200.00   2.47   Ne  1.25e-01  1.25e+01
 15.00  -0.30 200.00   2.47   Mg  4.38e-02  1.25e+01
 15.00  -0.30 200.00   2.47   Si  2.11e-01  1.25e+01
 15.00  -0.30 200.00   2.47    S  1.50e-01  1.25e+01
 15.00  -0.30 200.00   2.47   Fe  1.59e-01  1.25e+01
 20.00  -0.30 200.00   3.02    p  6.18e+00  1.70e+01
 20.00  -0.30 200.00   3.02   He  6.14e+00  1.70e+01
 20.00  -0.30 200.00   3.02    C  7.77e-01  1.70e+01
 20.00  -0.30 200.00   3.02    N  1.04e-01  1.70e+01
 20.00  -0.30 200.00   3.02    O  3.12e+00  1.70e+01
 20.00  -0.30 200.00   3.02    F  2.86e-04  1.70e+01
 20.00  -0.30 200.00   3.02   Ne  1.89e-01  1.70e+01
 20.00  -0.30 200.00   3.02   Mg  6.71e-02  1.70e+01
 20.00  -0.30 200.00   3.02   Si  2.24e-01  1.70e+01
 20.00  -0.30 200.00   3.02    S  9.04e-02  1.70e+01
 20.00  -0.30 200.00   3.02   Fe  8.34e-02  1.70e+01
 25.00  -0.30 200.00   2.93    p  7.56e+00  2.21e+01
 25.00  -0.30 200.00   2.93   He  7.52e+00  2.21e+01
 25.00  -0.30 200.00   2.93    C  1.01e+00  2.21e+01
 25.00  -0.30 200.00   2.93    N  8.14e-02  2.21e+01
 25.00  -0.30 200.00   2.93    O  4.66e+00  2.21e+01
 25.00  -0.30 200.00   2.93    F  4.56e-04  2.21e+01
 25.00  -0.30 200.00   2.93   Ne  6.43e-01  2.21e+01
 25.00  -0.30 200.00   2.93   Mg  1.49e-01  2.21e+01
 25.00  -0.30 200.00   2.93   Si  2.56e-01  2.21e+01
 25.00  -0.30 200.00   2.93    S  9.02e-02  2.21e+01
 25.00  -0.30 200.00   2.93   Fe  8.52e-02  2.21e+01
 30.00  -0.30 200.00   3.43    p  8.58e+00  2.66e+01
 30.00  -0.30 200.00   3.43   He  9.16e+00  2.66e+01
 30.00  -0.30 200.00   3.43    C  1.32e+00  2.66e+01
 30.00  -0.30 200.00   3.43    N  6.70e-02  2.66e+01
 30.00  -0.30 200.00   3.43    O  5.99e+00  2.66e+01
 30.00  -0.30 200.00   3.43    F  6.99e-04  2.66e+01
 30.00  -0.30 200.00   3.43   Ne  7.93e-01  2.66e+01
 30.00  -0.30 200.00   3.43   Mg  1.86e-01  2.66e+01
 30.00  -0.30 200.00   3.43   Si  2.85e-01  2.66e+01
 30.00  -0.30 200.00   3.43    S  1.10e-01  2.66e+01
 30.00  -0.30 200.00   3.43   Fe  8.70e-02  2.66e+01
 40.00  -0.30 200.00   4.34    p  1.08e+01  3.57e+01
 40.00  -0.30 200.00   4.34   He  1.12e+01  3.57e+01
 40.00  -0.30 200.00   4.34    C  2.13e+00  3.57e+01
 40.00  -0.30 200.00   4.34    N  1.01e-01  3.57e+01
 40.00  -0.30 200.00   4.34    O  9.29e+00  3.57e+01
 40.00  -0.30 200.00   4.34    F  6.18e-05  3.57e+01
 40.00  -0.30 200.00   4.34   Ne  1.12e+00  3.57e+01
 40.00  -0.30 200.00   4.34   Mg  3.17e-01  3.57e+01
 40.00  -0.30 200.00   4.34   Si  4.20e-01  3.57e+01
 40.00  -0.30 200.00   4.34    S  1.61e-01  3.57e+01
 40.00  -0.30 200.00   4.34   Fe  9.05e-02  3.57e+01
 60.00  -0.30 200.00   5.16    p  1.54e+01  5.48e+01
 60.00  -0.30 200.00   5.16   He  1.98e+01  5.48e+01
 60.00  -0.30 200.00   5.16    C  3.74e+00  5.48e+01
 60.00  -0.30 200.00   5.16    N  1.22e-01  5.48e+01
 60.00  -0.30 200.00   5.16    O  1.26e+01  5.48e+01
 60.00  -0.30 200.00   5.16    F  9.76e-06  5.48e+01
 60.00  -0.30 200.00   5.16   Ne  1.74e+00  5.48e+01
 60.00  -0.30 200.00   5.16   Mg  5.22e-01  5.48e+01
 60.00  -0.30 200.00   5.16   Si  5.93e-01  5.48e+01
 60.00  -0.30 200.00   5.16    S  2.17e-01  5.48e+01
 60.00  -0.30 200.00   5.16   Fe  1.01e-01  5.48e+01
 80.00  -0.30 200.00   7.12    p  1.95e+01  7.29e+01
 80.00  -0.30 200.00   7.12   He  2.78e+01  7.29e+01
 80.00  -0.30 200.00   7.12    C  4.92e+00  7.29e+01
 80.00  -0.30 200.00   7.12    N  1.66e-01  7.29e+01
 80.00  -0.30 200.00   7.12    O  1.68e+01  7.29e+01
 80.00  -0.30 200.00   7.12    F  7.73e-06  7.29e+01
 80.00  -0.30 200.00   7.12   Ne  1.78e+00  7.29e+01
 80.00  -0.30 200.00   7.12   Mg  6.84e-01  7.29e+01
 80.00  -0.30 200.00   7.12   Si  8.76e-01  7.29e+01
 80.00  -0.30 200.00   7.12    S  3.11e-01  7.29e+01
 80.00  -0.30 200.00   7.12   Fe  1.12e-01  7.29e+01
120.00  -0.30 200.00   7.75    p  2.77e+01  1.12e+02
120.00  -0.30 200.00   7.75   He  5.48e+01  1.12e+02
120.00  -0.30 200.00   7.75    C  5.89e+00  1.12e+02
120.00  -0.30 200.00   7.75    N  2.96e-01  1.12e+02
120.00  -0.30 200.00   7.75    O  1.92e+01  1.12e+02
120.00  -0.30 200.00   7.75    F  1.23e-05  1.12e+02
120.00  -0.30 200.00   7.75   Ne  1.81e+00  1.12e+02
120.00  -0.30 200.00   7.75   Mg  1.06e+00  1.12e+02
120.00  -0.30 200.00   7.75   Si  1.09e+00  1.12e+02
120.00  -0.30 200.00   7.75    S  3.62e-01  1.12e+02
120.00  -0.30 200.00   7.75   Fe  1.33e-01  1.12e+02
