#---Details of Columns:
#    M0 (solMass)          (F6.2)  [1/6.5] Initial mass [ucd=phys.mass]
#    [Fe/H]                (F7.2)  Initial metallicity [ucd=phys.abund.Z]
#    vel (km/s)            (F7.2)  Initial rotation [ucd=phys.mass]
#    M1 (solMass)          (F7.2)  Final mass (1) [ucd=phys.mass]
#    El                    (a4)    Species i (2) [ucd=phys.atmol.element]
#    M(i)lost (solMass)    (D9.2)  Mass of species i lost in the wind [ucd=phys.mass]
#    M(i)lostall (solMass) (D9.2)  Total mass lost in the wind [ucd=phys.mass]
#----- ------ ------ ------ ---- --------- -----------
#M0                                                                 
#(sol         vel    M1 (so      M(i)lost  M(i)lostall
#Mass) Z0     (km/s) lMass) El   (solMass) (solMass)  
#----- ------ ------ ------ ---- --------- -----------
 13.00  -3.00  50.00   1.90    p  5.78e+00  1.11e+01
 13.00  -3.00  50.00   1.90   He  4.24e+00  1.11e+01
 13.00  -3.00  50.00   1.90    C  2.01e-01  1.11e+01
 13.00  -3.00  50.00   1.90    N  1.13e-02  1.11e+01
 13.00  -3.00  50.00   1.90    O  6.80e-01  1.11e+01
 13.00  -3.00  50.00   1.90    F  3.33e-05  1.11e+01
 13.00  -3.00  50.00   1.90   Ne  3.08e-02  1.11e+01
 13.00  -3.00  50.00   1.90   Mg  1.55e-02  1.11e+01
 13.00  -3.00  50.00   1.90   Si  6.71e-02  1.11e+01
 13.00  -3.00  50.00   1.90    S  2.51e-02  1.11e+01
 13.00  -3.00  50.00   1.90   Fe  7.29e-02  1.11e+01
 15.00  -3.00  50.00   2.07    p  6.47e+00  1.29e+01
 15.00  -3.00  50.00   2.07   He  4.57e+00  1.29e+01
 15.00  -3.00  50.00   2.07    C  3.06e-01  1.29e+01
 15.00  -3.00  50.00   2.07    N  5.97e-03  1.29e+01
 15.00  -3.00  50.00   2.07    O  1.21e+00  1.29e+01
 15.00  -3.00  50.00   2.07    F  5.10e-04  1.29e+01
 15.00  -3.00  50.00   2.07   Ne  4.61e-02  1.29e+01
 15.00  -3.00  50.00   2.07   Mg  1.70e-02  1.29e+01
 15.00  -3.00  50.00   2.07   Si  1.35e-01  1.29e+01
 15.00  -3.00  50.00   2.07    S  9.61e-02  1.29e+01
 15.00  -3.00  50.00   2.07   Fe  7.30e-02  1.29e+01
 20.00  -3.00  50.00   2.23    p  8.25e+00  1.78e+01
 20.00  -3.00  50.00   2.23   He  6.33e+00  1.78e+01
 20.00  -3.00  50.00   2.23    C  4.60e-01  1.78e+01
 20.00  -3.00  50.00   2.23    N  1.78e-02  1.78e+01
 20.00  -3.00  50.00   2.23    O  1.99e+00  1.78e+01
 20.00  -3.00  50.00   2.23    F  3.40e-04  1.78e+01
 20.00  -3.00  50.00   2.23   Ne  3.83e-01  1.78e+01
 20.00  -3.00  50.00   2.23   Mg  8.58e-02  1.78e+01
 20.00  -3.00  50.00   2.23   Si  1.15e-01  1.78e+01
 20.00  -3.00  50.00   2.23    S  3.60e-02  1.78e+01
 20.00  -3.00  50.00   2.23   Fe  7.31e-02  1.78e+01
 25.00  -3.00  50.00   2.57    p  9.80e+00  2.24e+01
 25.00  -3.00  50.00   2.57   He  7.66e+00  2.24e+01
 25.00  -3.00  50.00   2.57    C  5.89e-01  2.24e+01
 25.00  -3.00  50.00   2.57    N  2.90e-02  2.24e+01
 25.00  -3.00  50.00   2.57    O  3.31e+00  2.24e+01
 25.00  -3.00  50.00   2.57    F  7.00e-05  2.24e+01
 25.00  -3.00  50.00   2.57   Ne  6.50e-01  2.24e+01
 25.00  -3.00  50.00   2.57   Mg  1.19e-01  2.24e+01
 25.00  -3.00  50.00   2.57   Si  1.54e-01  2.24e+01
 25.00  -3.00  50.00   2.57    S  4.54e-02  2.24e+01
 25.00  -3.00  50.00   2.57   Fe  7.27e-02  2.24e+01
 30.00  -3.00  50.00   2.90    p  1.10e+01  2.71e+01
 30.00  -3.00  50.00   2.90   He  8.68e+00  2.71e+01
 30.00  -3.00  50.00   2.90    C  1.01e+00  2.71e+01
 30.00  -3.00  50.00   2.90    N  1.38e-02  2.71e+01
 30.00  -3.00  50.00   2.90    O  4.93e+00  2.71e+01
 30.00  -3.00  50.00   2.90    F  5.93e-04  2.71e+01
 30.00  -3.00  50.00   2.90   Ne  9.55e-01  2.71e+01
 30.00  -3.00  50.00   2.90   Mg  1.62e-01  2.71e+01
 30.00  -3.00  50.00   2.90   Si  2.00e-01  2.71e+01
 30.00  -3.00  50.00   2.90    S  5.73e-02  2.71e+01
 30.00  -3.00  50.00   2.90   Fe  7.25e-02  2.71e+01
 40.00  -3.00  50.00   4.17    p  1.34e+01  3.58e+01
 40.00  -3.00  50.00   4.17   He  1.06e+01  3.58e+01
 40.00  -3.00  50.00   4.17    C  1.50e+00  3.58e+01
 40.00  -3.00  50.00   4.17    N  1.22e-03  3.58e+01
 40.00  -3.00  50.00   4.17    O  8.55e+00  3.58e+01
 40.00  -3.00  50.00   4.17    F  7.34e-05  3.58e+01
 40.00  -3.00  50.00   4.17   Ne  9.25e-01  3.58e+01
 40.00  -3.00  50.00   4.17   Mg  2.40e-01  3.58e+01
 40.00  -3.00  50.00   4.17   Si  3.59e-01  3.58e+01
 40.00  -3.00  50.00   4.17    S  1.14e-01  3.58e+01
 40.00  -3.00  50.00   4.17   Fe  7.30e-02  3.58e+01
 60.00  -3.00  50.00   6.70    p  1.76e+01  5.33e+01
 60.00  -3.00  50.00   6.70   He  1.48e+01  5.33e+01
 60.00  -3.00  50.00   6.70    C  2.16e+00  5.33e+01
 60.00  -3.00  50.00   6.70    N  3.47e-03  5.33e+01
 60.00  -3.00  50.00   6.70    O  1.59e+01  5.33e+01
 60.00  -3.00  50.00   6.70    F  6.74e-05  5.33e+01
 60.00  -3.00  50.00   6.70   Ne  1.30e+00  5.33e+01
 60.00  -3.00  50.00   6.70   Mg  6.59e-01  5.33e+01
 60.00  -3.00  50.00   6.70   Si  6.59e-01  5.33e+01
 60.00  -3.00  50.00   6.70    S  2.15e-01  5.33e+01
 60.00  -3.00  50.00   6.70   Fe  7.37e-02  5.33e+01
 80.00  -3.00  50.00   7.30    p  2.24e+01  7.27e+01
 80.00  -3.00  50.00   7.30   He  2.05e+01  7.27e+01
 80.00  -3.00  50.00   7.30    C  2.80e+00  7.27e+01
 80.00  -3.00  50.00   7.30    N  3.93e-03  7.27e+01
 80.00  -3.00  50.00   7.30    O  2.31e+01  7.27e+01
 80.00  -3.00  50.00   7.30    F  1.29e-04  7.27e+01
 80.00  -3.00  50.00   7.30   Ne  1.72e+00  7.27e+01
 80.00  -3.00  50.00   7.30   Mg  8.98e-01  7.27e+01
 80.00  -3.00  50.00   7.30   Si  9.01e-01  7.27e+01
 80.00  -3.00  50.00   7.30    S  2.90e-01  7.27e+01
 80.00  -3.00  50.00   7.30   Fe  7.45e-02  7.27e+01
120.00  -3.00  50.00   3.33    p  2.98e+01  1.17e+02
120.00  -3.00  50.00   3.33   He  3.30e+01  1.17e+02
120.00  -3.00  50.00   3.33    C  5.02e+00  1.17e+02
120.00  -3.00  50.00   3.33    N  3.18e-02  1.17e+02
120.00  -3.00  50.00   3.33    O  4.49e+01  1.17e+02
120.00  -3.00  50.00   3.33    F  3.72e-07  1.17e+02
120.00  -3.00  50.00   3.33   Ne  2.71e+00  1.17e+02
120.00  -3.00  50.00   3.33   Mg  6.68e-01  1.17e+02
120.00  -3.00  50.00   3.33   Si  3.50e-01  1.17e+02
120.00  -3.00  50.00   3.33    S  1.28e-01  1.17e+02
120.00  -3.00  50.00   3.33   Fe  7.25e-02  1.17e+02
