#---Details of Columns:
#    M0 (solMass)          (F6.2)  [1/6.5] Initial mass [ucd=phys.mass]
#    [Fe/H]                (F7.2)  Initial metallicity [ucd=phys.abund.Z]
#    vel (km/s)            (F7.2)  Initial rotation [ucd=phys.mass]
#    M1 (solMass)          (F7.2)  Final mass (1) [ucd=phys.mass]
#    El                    (a4)    Species i (2) [ucd=phys.atmol.element]
#    M(i)lost (solMass)    (D9.2)  Mass of species i lost in the wind [ucd=phys.mass]
#    M(i)lostall (solMass) (D9.2)  Total mass lost in the wind [ucd=phys.mass]
#----- ------ ------ ------ ---- --------- -----------
#M0                                                                 
#(sol         vel    M1 (so      M(i)lost  M(i)lostall
#Mass) Z0     (km/s) lMass) El   (solMass) (solMass)  
#----- ------ ------ ------ ---- --------- -----------
 13.00  -3.00 150.00   2.30    p  4.88e+00  1.07e+01
 13.00  -3.00 150.00   2.30   He  3.83e+00  1.07e+01
 13.00  -3.00 150.00   2.30    C  2.74e-01  1.07e+01
 13.00  -3.00 150.00   2.30    N  3.36e-02  1.07e+01
 13.00  -3.00 150.00   2.30    O  1.46e+00  1.07e+01
 13.00  -3.00 150.00   2.30    F  1.00e-04  1.07e+01
 13.00  -3.00 150.00   2.30   Ne  6.68e-02  1.07e+01
 13.00  -3.00 150.00   2.30   Mg  2.04e-02  1.07e+01
 13.00  -3.00 150.00   2.30   Si  7.78e-02  1.07e+01
 13.00  -3.00 150.00   2.30    S  3.36e-02  1.07e+01
 13.00  -3.00 150.00   2.30   Fe  7.27e-02  1.07e+01
 15.00  -3.00 150.00   2.20    p  5.45e+00  1.28e+01
 15.00  -3.00 150.00   2.20   He  4.44e+00  1.28e+01
 15.00  -3.00 150.00   2.20    C  3.75e-01  1.28e+01
 15.00  -3.00 150.00   2.20    N  1.77e-02  1.28e+01
 15.00  -3.00 150.00   2.20    O  2.01e+00  1.28e+01
 15.00  -3.00 150.00   2.20    F  1.53e-03  1.28e+01
 15.00  -3.00 150.00   2.20   Ne  8.74e-02  1.28e+01
 15.00  -3.00 150.00   2.20   Mg  1.37e-02  1.28e+01
 15.00  -3.00 150.00   2.20   Si  1.82e-01  1.28e+01
 15.00  -3.00 150.00   2.20    S  1.35e-01  1.28e+01
 15.00  -3.00 150.00   2.20   Fe  7.33e-02  1.28e+01
 20.00  -3.00 150.00   2.90    p  7.16e+00  1.71e+01
 20.00  -3.00 150.00   2.90   He  5.65e+00  1.71e+01
 20.00  -3.00 150.00   2.90    C  5.50e-01  1.71e+01
 20.00  -3.00 150.00   2.90    N  5.30e-02  1.71e+01
 20.00  -3.00 150.00   2.90    O  3.13e+00  1.71e+01
 20.00  -3.00 150.00   2.90    F  1.02e-03  1.71e+01
 20.00  -3.00 150.00   2.90   Ne  1.67e-01  1.71e+01
 20.00  -3.00 150.00   2.90   Mg  6.21e-02  1.71e+01
 20.00  -3.00 150.00   2.90   Si  1.64e-01  1.71e+01
 20.00  -3.00 150.00   2.90    S  5.76e-02  1.71e+01
 20.00  -3.00 150.00   2.90   Fe  7.26e-02  1.71e+01
 25.00  -3.00 150.00   3.10    p  8.61e+00  2.19e+01
 25.00  -3.00 150.00   3.10   He  6.83e+00  2.19e+01
 25.00  -3.00 150.00   3.10    C  6.23e-01  2.19e+01
 25.00  -3.00 150.00   3.10    N  8.66e-02  2.19e+01
 25.00  -3.00 150.00   3.10    O  4.71e+00  2.19e+01
 25.00  -3.00 150.00   3.10    F  2.10e-04  2.19e+01
 25.00  -3.00 150.00   3.10   Ne  5.42e-01  2.19e+01
 25.00  -3.00 150.00   3.10   Mg  1.17e-01  2.19e+01
 25.00  -3.00 150.00   3.10   Si  2.06e-01  2.19e+01
 25.00  -3.00 150.00   3.10    S  6.60e-02  2.19e+01
 25.00  -3.00 150.00   3.10   Fe  7.27e-02  2.19e+01
 30.00  -3.00 150.00   3.70    p  9.29e+00  2.63e+01
 30.00  -3.00 150.00   3.70   He  6.64e+00  2.63e+01
 30.00  -3.00 150.00   3.70    C  1.36e+00  2.63e+01
 30.00  -3.00 150.00   3.70    N  4.09e-02  2.63e+01
 30.00  -3.00 150.00   3.70    O  7.27e+00  2.63e+01
 30.00  -3.00 150.00   3.70    F  1.78e-03  2.63e+01
 30.00  -3.00 150.00   3.70   Ne  1.02e+00  2.63e+01
 30.00  -3.00 150.00   3.70   Mg  1.91e-01  2.63e+01
 30.00  -3.00 150.00   3.70   Si  2.85e-01  2.63e+01
 30.00  -3.00 150.00   3.70    S  8.88e-02  2.63e+01
 30.00  -3.00 150.00   3.70   Fe  7.24e-02  2.63e+01
 40.00  -3.00 150.00   5.50    p  1.11e+01  3.45e+01
 40.00  -3.00 150.00   5.50   He  6.27e+00  3.45e+01
 40.00  -3.00 150.00   5.50    C  2.05e+00  3.45e+01
 40.00  -3.00 150.00   5.50    N  2.96e-03  3.45e+01
 40.00  -3.00 150.00   5.50    O  1.27e+01  3.45e+01
 40.00  -3.00 150.00   5.50    F  2.20e-04  3.45e+01
 40.00  -3.00 150.00   5.50   Ne  1.16e+00  3.45e+01
 40.00  -3.00 150.00   5.50   Mg  4.14e-01  3.45e+01
 40.00  -3.00 150.00   5.50   Si  5.51e-01  3.45e+01
 40.00  -3.00 150.00   5.50    S  1.93e-01  3.45e+01
 40.00  -3.00 150.00   5.50   Fe  7.41e-02  3.45e+01
 60.00  -3.00 150.00   9.50    p  1.33e+01  5.05e+01
 60.00  -3.00 150.00   9.50   He  8.50e+00  5.05e+01
 60.00  -3.00 150.00   9.50    C  2.11e+00  5.05e+01
 60.00  -3.00 150.00   9.50    N  9.35e-03  5.05e+01
 60.00  -3.00 150.00   9.50    O  2.12e+01  5.05e+01
 60.00  -3.00 150.00   9.50    F  2.00e-04  5.05e+01
 60.00  -3.00 150.00   9.50   Ne  2.55e+00  5.05e+01
 60.00  -3.00 150.00   9.50   Mg  1.50e+00  5.05e+01
 60.00  -3.00 150.00   9.50   Si  9.24e-01  5.05e+01
 60.00  -3.00 150.00   9.50    S  3.38e-01  5.05e+01
 60.00  -3.00 150.00   9.50   Fe  7.56e-02  5.05e+01
 80.00  -3.00 150.00   8.30    p  1.89e+01  7.17e+01
 80.00  -3.00 150.00   8.30   He  1.11e+01  7.17e+01
 80.00  -3.00 150.00   8.30    C  2.71e+00  7.17e+01
 80.00  -3.00 150.00   8.30    N  1.04e-02  7.17e+01
 80.00  -3.00 150.00   8.30    O  3.16e+01  7.17e+01
 80.00  -3.00 150.00   8.30    F  3.85e-04  7.17e+01
 80.00  -3.00 150.00   8.30   Ne  3.73e+00  7.17e+01
 80.00  -3.00 150.00   8.30   Mg  2.10e+00  7.17e+01
 80.00  -3.00 150.00   8.30   Si  1.17e+00  7.17e+01
 80.00  -3.00 150.00   8.30    S  3.97e-01  7.17e+01
 80.00  -3.00 150.00   8.30   Fe  7.63e-02  7.17e+01
120.00  -3.00 150.00   4.00    p  2.52e+01  1.16e+02
120.00  -3.00 150.00   4.00   He  2.35e+01  1.16e+02
120.00  -3.00 150.00   4.00    C  6.01e+00  1.16e+02
120.00  -3.00 150.00   4.00    N  9.31e-02  1.16e+02
120.00  -3.00 150.00   4.00    O  5.57e+01  1.16e+02
120.00  -3.00 150.00   4.00    F  4.93e-08  1.16e+02
120.00  -3.00 150.00   4.00   Ne  3.57e+00  1.16e+02
120.00  -3.00 150.00   4.00   Mg  1.02e+00  1.16e+02
120.00  -3.00 150.00   4.00   Si  3.39e-01  1.16e+02
120.00  -3.00 150.00   4.00    S  1.21e-01  1.16e+02
120.00  -3.00 150.00   4.00   Fe  7.30e-02  1.16e+02
