#---Details of Columns:
#    M0 (solMass)          (F6.2)  [1/6.5] Initial mass [ucd=phys.mass]
#    [Fe/H]                (F7.2)  Initial metallicity [ucd=phys.abund.Z]
#    vel (km/s)            (F7.2)  Initial rotation [ucd=phys.mass]
#    M1 (solMass)          (F7.2)  Final mass (1) [ucd=phys.mass]
#    El                    (a4)    Species i (2) [ucd=phys.atmol.element]
#    M(i)lost (solMass)    (D9.2)  Mass of species i lost in the wind [ucd=phys.mass]
#    M(i)lostall (solMass) (D9.2)  Total mass lost in the wind [ucd=phys.mass]
#----- ------ ------ ------ ---- --------- -----------
#M0                                                                 
#(sol         vel    M1 (so      M(i)lost  M(i)lostall
#Mass) Z0     (km/s) lMass) El   (solMass) (solMass)  
#----- ------ ------ ------ ---- --------- -----------
 13.00  -1.00 250.00   2.19    p  4.55e+00  1.08e+01
 13.00  -1.00 250.00   2.19   He  3.72e+00  1.08e+01
 13.00  -1.00 250.00   2.19    C  2.02e-01  1.08e+01
 13.00  -1.00 250.00   2.19    N  6.27e-02  1.08e+01
 13.00  -1.00 250.00   2.19    O  1.31e+00  1.08e+01
 13.00  -1.00 250.00   2.19    F  3.10e-05  1.08e+01
 13.00  -1.00 250.00   2.19   Ne  1.20e-01  1.08e+01
 13.00  -1.00 250.00   2.19   Mg  4.51e-02  1.08e+01
 13.00  -1.00 250.00   2.19   Si  2.84e-01  1.08e+01
 13.00  -1.00 250.00   2.19    S  2.41e-01  1.08e+01
 13.00  -1.00 250.00   2.19   Fe  8.45e-02  1.08e+01
 15.00  -1.00 250.00   2.38    p  5.12e+00  1.26e+01
 15.00  -1.00 250.00   2.38   He  4.31e+00  1.26e+01
 15.00  -1.00 250.00   2.38    C  2.60e-01  1.26e+01
 15.00  -1.00 250.00   2.38    N  6.80e-02  1.26e+01
 15.00  -1.00 250.00   2.38    O  1.67e+00  1.26e+01
 15.00  -1.00 250.00   2.38    F  8.27e-05  1.26e+01
 15.00  -1.00 250.00   2.38   Ne  1.37e-01  1.26e+01
 15.00  -1.00 250.00   2.38   Mg  5.31e-02  1.26e+01
 15.00  -1.00 250.00   2.38   Si  3.52e-01  1.26e+01
 15.00  -1.00 250.00   2.38    S  3.06e-01  1.26e+01
 15.00  -1.00 250.00   2.38   Fe  8.87e-02  1.26e+01
 20.00  -1.00 250.00   3.35    p  6.44e+00  1.67e+01
 20.00  -1.00 250.00   3.35   He  5.50e+00  1.67e+01
 20.00  -1.00 250.00   3.35    C  4.82e-01  1.67e+01
 20.00  -1.00 250.00   3.35    N  5.38e-02  1.67e+01
 20.00  -1.00 250.00   3.35    O  3.39e+00  1.67e+01
 20.00  -1.00 250.00   3.35    F  2.34e-04  1.67e+01
 20.00  -1.00 250.00   3.35   Ne  2.26e-01  1.67e+01
 20.00  -1.00 250.00   3.35   Mg  8.47e-02  1.67e+01
 20.00  -1.00 250.00   3.35   Si  2.05e-01  1.67e+01
 20.00  -1.00 250.00   3.35    S  1.02e-01  1.67e+01
 20.00  -1.00 250.00   3.35   Fe  7.46e-02  1.67e+01
 25.00  -1.00 250.00   3.26    p  8.02e+00  2.17e+01
 25.00  -1.00 250.00   3.26   He  5.93e+00  2.17e+01
 25.00  -1.00 250.00   3.26    C  9.22e-01  2.17e+01
 25.00  -1.00 250.00   3.26    N  2.28e-02  2.17e+01
 25.00  -1.00 250.00   3.26    O  5.45e+00  2.17e+01
 25.00  -1.00 250.00   3.26    F  6.75e-04  2.17e+01
 25.00  -1.00 250.00   3.26   Ne  7.31e-01  2.17e+01
 25.00  -1.00 250.00   3.26   Mg  1.49e-01  2.17e+01
 25.00  -1.00 250.00   3.26   Si  2.52e-01  2.17e+01
 25.00  -1.00 250.00   3.26    S  8.78e-02  2.17e+01
 25.00  -1.00 250.00   3.26   Fe  7.24e-02  2.17e+01
 30.00  -1.00 250.00  19.07    p  6.79e+00  1.09e+01
 30.00  -1.00 250.00  19.07   He  4.10e+00  1.09e+01
 30.00  -1.00 250.00  19.07    C  1.51e-02  1.09e+01
 30.00  -1.00 250.00  19.07    N  1.40e-02  1.09e+01
 30.00  -1.00 250.00  19.07    O  7.48e-03  1.09e+01
 30.00  -1.00 250.00  19.07    F  7.37e-08  1.09e+01
 30.00  -1.00 250.00  19.07   Ne  5.60e-04  1.09e+01
 30.00  -1.00 250.00  19.07   Mg  5.51e-04  1.09e+01
 30.00  -1.00 250.00  19.07   Si  7.73e-04  1.09e+01
 30.00  -1.00 250.00  19.07    S  3.12e-04  1.09e+01
 30.00  -1.00 250.00  19.07   Fe  5.83e-04  1.09e+01
 40.00  -1.00 250.00  21.96    p  1.13e+01  1.80e+01
 40.00  -1.00 250.00  21.96   He  6.63e+00  1.80e+01
 40.00  -1.00 250.00  21.96    C  4.03e-02  1.80e+01
 40.00  -1.00 250.00  21.96    N  4.96e-02  1.80e+01
 40.00  -1.00 250.00  21.96    O  3.03e-02  1.80e+01
 40.00  -1.00 250.00  21.96    F  1.21e-07  1.80e+01
 40.00  -1.00 250.00  21.96   Ne  1.30e-03  1.80e+01
 40.00  -1.00 250.00  21.96   Mg  9.59e-04  1.80e+01
 40.00  -1.00 250.00  21.96   Si  1.35e-03  1.80e+01
 40.00  -1.00 250.00  21.96    S  5.47e-04  1.80e+01
 40.00  -1.00 250.00  21.96   Fe  1.02e-03  1.80e+01
 60.00  -1.00 250.00  33.50    p  1.47e+01  2.65e+01
 60.00  -1.00 250.00  33.50   He  1.11e+01  2.65e+01
 60.00  -1.00 250.00  33.50    C  5.02e-01  2.65e+01
 60.00  -1.00 250.00  33.50    N  5.88e-02  2.65e+01
 60.00  -1.00 250.00  33.50    O  1.08e-01  2.65e+01
 60.00  -1.00 250.00  33.50    F  1.19e-06  2.65e+01
 60.00  -1.00 250.00  33.50   Ne  7.10e-03  2.65e+01
 60.00  -1.00 250.00  33.50   Mg  1.56e-03  2.65e+01
 60.00  -1.00 250.00  33.50   Si  2.25e-03  2.65e+01
 60.00  -1.00 250.00  33.50    S  9.06e-04  2.65e+01
 60.00  -1.00 250.00  33.50   Fe  1.69e-03  2.65e+01
 80.00  -1.00 250.00  42.74    p  1.83e+01  3.73e+01
 80.00  -1.00 250.00  42.74   He  1.79e+01  3.73e+01
 80.00  -1.00 250.00  42.74    C  7.98e-01  3.73e+01
 80.00  -1.00 250.00  42.74    N  5.91e-02  3.73e+01
 80.00  -1.00 250.00  42.74    O  1.66e-01  3.73e+01
 80.00  -1.00 250.00  42.74    F  1.95e-06  3.73e+01
 80.00  -1.00 250.00  42.74   Ne  9.98e-03  3.73e+01
 80.00  -1.00 250.00  42.74   Mg  2.15e-03  3.73e+01
 80.00  -1.00 250.00  42.74   Si  3.16e-03  3.73e+01
 80.00  -1.00 250.00  42.74    S  1.27e-03  3.73e+01
 80.00  -1.00 250.00  42.74   Fe  2.37e-03  3.73e+01
120.00  -1.00 250.00  60.58    p  2.25e+01  5.94e+01
120.00  -1.00 250.00  60.58   He  3.52e+01  5.94e+01
120.00  -1.00 250.00  60.58    C  1.33e+00  5.94e+01
120.00  -1.00 250.00  60.58    N  8.28e-02  5.94e+01
120.00  -1.00 250.00  60.58    O  2.95e-01  5.94e+01
120.00  -1.00 250.00  60.58    F  2.76e-06  5.94e+01
120.00  -1.00 250.00  60.58   Ne  1.48e-02  5.94e+01
120.00  -1.00 250.00  60.58   Mg  3.51e-03  5.94e+01
120.00  -1.00 250.00  60.58   Si  5.34e-03  5.94e+01
120.00  -1.00 250.00  60.58    S  2.15e-03  5.94e+01
120.00  -1.00 250.00  60.58   Fe  3.98e-03  5.94e+01
