#---Details of Columns:
#    M0 (solMass)          (F6.2)  [1/6.5] Initial mass [ucd=phys.mass]
#    [Fe/H]                (F7.2)  Initial metallicity [ucd=phys.abund.Z]
#    vel (km/s)            (F7.2)  Initial rotation [ucd=phys.mass]
#    M1 (solMass)          (F7.2)  Final mass (1) [ucd=phys.mass]
#    El                    (a4)    Species i (2) [ucd=phys.atmol.element]
#    M(i)lost (solMass)    (D9.2)  Mass of species i lost in the wind [ucd=phys.mass]
#    M(i)lostall (solMass) (D9.2)  Total mass lost in the wind [ucd=phys.mass]
#----- ------ ------ ------ ---- --------- -----------
#M0                                                                 
#(sol         vel    M1 (so      M(i)lost  M(i)lostall
#Mass) Z0     (km/s) lMass) El   (solMass) (solMass)  
#----- ------ ------ ------ ---- --------- -----------
 13.00  -2.00   0.00   1.70    p  6.24e+00  1.13e+01
 13.00  -2.00   0.00   1.70   He  4.45e+00  1.13e+01
 13.00  -2.00   0.00   1.70    C  1.62e-01  1.13e+01
 13.00  -2.00   0.00   1.70    N  3.65e-04  1.13e+01
 13.00  -2.00   0.00   1.70    O  2.84e-01  1.13e+01
 13.00  -2.00   0.00   1.70    F  1.48e-08  1.13e+01
 13.00  -2.00   0.00   1.70   Ne  1.27e-02  1.13e+01
 13.00  -2.00   0.00   1.70   Mg  1.25e-02  1.13e+01
 13.00  -2.00   0.00   1.70   Si  6.19e-02  1.13e+01
 13.00  -2.00   0.00   1.70    S  2.13e-02  1.13e+01
 13.00  -2.00   0.00   1.70   Fe  7.31e-02  1.13e+01
 15.00  -2.00   0.00   1.93    p  6.99e+00  1.31e+01
 15.00  -2.00   0.00   1.93   He  4.81e+00  1.31e+01
 15.00  -2.00   0.00   1.93    C  2.69e-01  1.31e+01
 15.00  -2.00   0.00   1.93    N  4.10e-04  1.31e+01
 15.00  -2.00   0.00   1.93    O  7.22e-01  1.31e+01
 15.00  -2.00   0.00   1.93    F  1.68e-08  1.31e+01
 15.00  -2.00   0.00   1.93   Ne  3.30e-02  1.31e+01
 15.00  -2.00   0.00   1.93   Mg  2.13e-02  1.31e+01
 15.00  -2.00   0.00   1.93   Si  1.05e-01  1.31e+01
 15.00  -2.00   0.00   1.93    S  6.04e-02  1.31e+01
 15.00  -2.00   0.00   1.93   Fe  7.31e-02  1.31e+01
 20.00  -2.00   0.00   1.90    p  8.79e+00  1.81e+01
 20.00  -2.00   0.00   1.90   He  6.71e+00  1.81e+01
 20.00  -2.00   0.00   1.90    C  4.11e-01  1.81e+01
 20.00  -2.00   0.00   1.90    N  5.06e-04  1.81e+01
 20.00  -2.00   0.00   1.90    O  1.40e+00  1.81e+01
 20.00  -2.00   0.00   1.90    F  3.45e-08  1.81e+01
 20.00  -2.00   0.00   1.90   Ne  4.84e-01  1.81e+01
 20.00  -2.00   0.00   1.90   Mg  1.02e-01  1.81e+01
 20.00  -2.00   0.00   1.90   Si  9.72e-02  1.81e+01
 20.00  -2.00   0.00   1.90    S  2.69e-02  1.81e+01
 20.00  -2.00   0.00   1.90   Fe  7.35e-02  1.81e+01
 25.00  -2.00   0.00   2.23    p  1.04e+01  2.28e+01
 25.00  -2.00   0.00   2.23   He  8.16e+00  2.28e+01
 25.00  -2.00   0.00   2.23    C  5.98e-01  2.28e+01
 25.00  -2.00   0.00   2.23    N  6.84e-04  2.28e+01
 25.00  -2.00   0.00   2.23    O  2.53e+00  2.28e+01
 25.00  -2.00   0.00   2.23    F  6.27e-08  2.28e+01
 25.00  -2.00   0.00   2.23   Ne  7.25e-01  2.28e+01
 25.00  -2.00   0.00   2.23   Mg  1.19e-01  2.28e+01
 25.00  -2.00   0.00   2.23   Si  1.20e-01  2.28e+01
 25.00  -2.00   0.00   2.23    S  3.35e-02  2.28e+01
 25.00  -2.00   0.00   2.23   Fe  7.28e-02  2.28e+01
 30.00  -2.00   0.00   2.50    p  1.19e+01  2.75e+01
 30.00  -2.00   0.00   2.50   He  1.01e+01  2.75e+01
 30.00  -2.00   0.00   2.50    C  8.41e-01  2.75e+01
 30.00  -2.00   0.00   2.50    N  1.04e-03  2.75e+01
 30.00  -2.00   0.00   2.50    O  3.47e+00  2.75e+01
 30.00  -2.00   0.00   2.50    F  1.14e-07  2.75e+01
 30.00  -2.00   0.00   2.50   Ne  8.31e-01  2.75e+01
 30.00  -2.00   0.00   2.50   Mg  1.35e-01  2.75e+01
 30.00  -2.00   0.00   2.50   Si  1.56e-01  2.75e+01
 30.00  -2.00   0.00   2.50    S  4.14e-02  2.75e+01
 30.00  -2.00   0.00   2.50   Fe  7.26e-02  2.75e+01
 40.00  -2.00   0.00   3.36    p  1.45e+01  3.66e+01
 40.00  -2.00   0.00   3.36   He  1.32e+01  3.66e+01
 40.00  -2.00   0.00   3.36    C  1.20e+00  3.66e+01
 40.00  -2.00   0.00   3.36    N  1.40e-03  3.66e+01
 40.00  -2.00   0.00   3.36    O  6.24e+00  3.66e+01
 40.00  -2.00   0.00   3.36    F  2.48e-07  3.66e+01
 40.00  -2.00   0.00   3.36   Ne  8.85e-01  3.66e+01
 40.00  -2.00   0.00   3.36   Mg  1.66e-01  3.66e+01
 40.00  -2.00   0.00   3.36   Si  2.59e-01  3.66e+01
 40.00  -2.00   0.00   3.36    S  7.54e-02  3.66e+01
 40.00  -2.00   0.00   3.36   Fe  7.26e-02  3.66e+01
 60.00  -2.00   0.00   5.23    p  1.94e+01  5.48e+01
 60.00  -2.00   0.00   5.23   He  1.88e+01  5.48e+01
 60.00  -2.00   0.00   5.23    C  2.17e+00  5.48e+01
 60.00  -2.00   0.00   5.23    N  2.24e-03  5.48e+01
 60.00  -2.00   0.00   5.23    O  1.27e+01  5.48e+01
 60.00  -2.00   0.00   5.23    F  2.94e-06  5.48e+01
 60.00  -2.00   0.00   5.23   Ne  7.04e-01  5.48e+01
 60.00  -2.00   0.00   5.23   Mg  2.26e-01  5.48e+01
 60.00  -2.00   0.00   5.23   Si  5.17e-01  5.48e+01
 60.00  -2.00   0.00   5.23    S  1.51e-01  5.48e+01
 60.00  -2.00   0.00   5.23   Fe  7.30e-02  5.48e+01
 80.00  -2.00   0.00   6.76    p  2.39e+01  7.32e+01
 80.00  -2.00   0.00   6.76   He  2.58e+01  7.32e+01
 80.00  -2.00   0.00   6.76    C  2.86e+00  7.32e+01
 80.00  -2.00   0.00   6.76    N  2.95e-03  7.32e+01
 80.00  -2.00   0.00   6.76    O  1.87e+01  7.32e+01
 80.00  -2.00   0.00   6.76    F  3.50e-06  7.32e+01
 80.00  -2.00   0.00   6.76   Ne  7.29e-01  7.32e+01
 80.00  -2.00   0.00   6.76   Mg  2.95e-01  7.32e+01
 80.00  -2.00   0.00   6.76   Si  7.63e-01  7.32e+01
 80.00  -2.00   0.00   6.76    S  2.35e-01  7.32e+01
 80.00  -2.00   0.00   6.76   Fe  7.40e-02  7.32e+01
120.00  -2.00   0.00   3.70    p  3.17e+01  1.16e+02
120.00  -2.00   0.00   3.70   He  3.77e+01  1.16e+02
120.00  -2.00   0.00   3.70    C  4.15e+00  1.16e+02
120.00  -2.00   0.00   3.70    N  4.47e-03  1.16e+02
120.00  -2.00   0.00   3.70    O  3.89e+01  1.16e+02
120.00  -2.00   0.00   3.70    F  2.09e-06  1.16e+02
120.00  -2.00   0.00   3.70   Ne  2.34e+00  1.16e+02
120.00  -2.00   0.00   3.70   Mg  6.46e-01  1.16e+02
120.00  -2.00   0.00   3.70   Si  6.20e-01  1.16e+02
120.00  -2.00   0.00   3.70    S  1.99e-01  1.16e+02
120.00  -2.00   0.00   3.70   Fe  7.37e-02  1.16e+02
