#---Details of Columns:
#    M0 (solMass)          (F6.2)  [1/6.5] Initial mass [ucd=phys.mass]
#    [Fe/H]                (F7.2)  Initial metallicity [ucd=phys.abund.Z]
#    vel (km/s)            (F7.2)  Initial rotation [ucd=phys.mass]
#    M1 (solMass)          (F7.2)  Final mass (1) [ucd=phys.mass]
#    El                    (a4)    Species i (2) [ucd=phys.atmol.element]
#    M(i)lost (solMass)    (D9.2)  Mass of species i lost in the wind [ucd=phys.mass]
#    M(i)lostall (solMass) (D9.2)  Total mass lost in the wind [ucd=phys.mass]
#----- ------ ------ ------ ---- --------- -----------
#M0                                                                 
#(sol         vel    M1 (so      M(i)lost  M(i)lostall
#Mass) Z0     (km/s) lMass) El   (solMass) (solMass)  
#----- ------ ------ ------ ---- --------- -----------
 13.00  -0.00  25.00   1.63    p  5.92e+00  1.14e+01
 13.00  -0.00  25.00   1.63   He  4.51e+00  1.14e+01
 13.00  -0.00  25.00   1.63    C  1.56e-01  1.14e+01
 13.00  -0.00  25.00   1.63    N  3.41e-02  1.14e+01
 13.00  -0.00  25.00   1.63    O  4.21e-01  1.14e+01
 13.00  -0.00  25.00   1.63    F  5.47e-06  1.14e+01
 13.00  -0.00  25.00   1.63   Ne  4.75e-02  1.14e+01
 13.00  -0.00  25.00   1.63   Mg  2.19e-02  1.14e+01
 13.00  -0.00  25.00   1.63   Si  7.57e-02  1.14e+01
 13.00  -0.00  25.00   1.63    S  3.26e-02  1.14e+01
 13.00  -0.00  25.00   1.63   Fe  8.73e-02  1.14e+01
 15.00  -0.00  25.00   1.82    p  6.59e+00  1.32e+01
 15.00  -0.00  25.00   1.82   He  5.01e+00  1.32e+01
 15.00  -0.00  25.00   1.82    C  2.45e-01  1.32e+01
 15.00  -0.00  25.00   1.82    N  3.73e-02  1.32e+01
 15.00  -0.00  25.00   1.82    O  8.07e-01  1.32e+01
 15.00  -0.00  25.00   1.82    F  1.12e-04  1.32e+01
 15.00  -0.00  25.00   1.82   Ne  1.33e-01  1.32e+01
 15.00  -0.00  25.00   1.82   Mg  4.60e-02  1.32e+01
 15.00  -0.00  25.00   1.82   Si  1.13e-01  1.32e+01
 15.00  -0.00  25.00   1.82    S  4.59e-02  1.32e+01
 15.00  -0.00  25.00   1.82   Fe  1.29e-01  1.32e+01
 20.00  -0.00  25.00   1.90    p  8.17e+00  1.81e+01
 20.00  -0.00  25.00   1.90   He  7.03e+00  1.81e+01
 20.00  -0.00  25.00   1.90    C  5.26e-01  1.81e+01
 20.00  -0.00  25.00   1.90    N  4.77e-02  1.81e+01
 20.00  -0.00  25.00   1.90    O  1.48e+00  1.81e+01
 20.00  -0.00  25.00   1.90    F  2.36e-05  1.81e+01
 20.00  -0.00  25.00   1.90   Ne  3.73e-01  1.81e+01
 20.00  -0.00  25.00   1.90   Mg  1.19e-01  1.81e+01
 20.00  -0.00  25.00   1.90   Si  1.64e-01  1.81e+01
 20.00  -0.00  25.00   1.90    S  5.59e-02  1.81e+01
 20.00  -0.00  25.00   1.90   Fe  9.73e-02  1.81e+01
 25.00  -0.00  25.00   2.13    p  9.68e+00  2.29e+01
 25.00  -0.00  25.00   2.13   He  8.32e+00  2.29e+01
 25.00  -0.00  25.00   2.13    C  7.56e-01  2.29e+01
 25.00  -0.00  25.00   2.13    N  6.38e-02  2.29e+01
 25.00  -0.00  25.00   2.13    O  2.67e+00  2.29e+01
 25.00  -0.00  25.00   2.13    F  7.84e-06  2.29e+01
 25.00  -0.00  25.00   2.13   Ne  8.07e-01  2.29e+01
 25.00  -0.00  25.00   2.13   Mg  1.56e-01  2.29e+01
 25.00  -0.00  25.00   2.13   Si  1.63e-01  2.29e+01
 25.00  -0.00  25.00   2.13    S  6.10e-02  2.29e+01
 25.00  -0.00  25.00   2.13   Fe  9.97e-02  2.29e+01
 30.00  -0.00  25.00  10.87    p  1.11e+01  1.91e+01
 30.00  -0.00  25.00  10.87   He  7.71e+00  1.91e+01
 30.00  -0.00  25.00  10.87    C  7.18e-02  1.91e+01
 30.00  -0.00  25.00  10.87    N  7.43e-02  1.91e+01
 30.00  -0.00  25.00  10.87    O  7.88e-02  1.91e+01
 30.00  -0.00  25.00  10.87    F  5.96e-06  1.91e+01
 30.00  -0.00  25.00  10.87   Ne  2.46e-02  1.91e+01
 30.00  -0.00  25.00  10.87   Mg  1.35e-02  1.91e+01
 30.00  -0.00  25.00  10.87   Si  1.28e-02  1.91e+01
 30.00  -0.00  25.00  10.87    S  5.95e-03  1.91e+01
 30.00  -0.00  25.00  10.87   Fe  2.48e-02  1.91e+01
 40.00  -0.00  25.00  14.03    p  1.40e+01  2.60e+01
 40.00  -0.00  25.00  14.03   He  1.15e+01  2.60e+01
 40.00  -0.00  25.00  14.03    C  1.10e-01  2.60e+01
 40.00  -0.00  25.00  14.03    N  1.14e-01  2.60e+01
 40.00  -0.00  25.00  14.03    O  9.58e-02  2.60e+01
 40.00  -0.00  25.00  14.03    F  7.25e-06  2.60e+01
 40.00  -0.00  25.00  14.03   Ne  3.38e-02  2.60e+01
 40.00  -0.00  25.00  14.03   Mg  1.83e-02  2.60e+01
 40.00  -0.00  25.00  14.03   Si  1.74e-02  2.60e+01
 40.00  -0.00  25.00  14.03    S  8.07e-03  2.60e+01
 40.00  -0.00  25.00  14.03   Fe  3.38e-02  2.60e+01
 60.00  -0.00  25.00  17.38    p  1.99e+01  4.26e+01
 60.00  -0.00  25.00  17.38   He  2.17e+01  4.26e+01
 60.00  -0.00  25.00  17.38    C  5.18e-01  4.26e+01
 60.00  -0.00  25.00  17.38    N  2.14e-01  4.26e+01
 60.00  -0.00  25.00  17.38    O  1.62e-01  4.26e+01
 60.00  -0.00  25.00  17.38    F  1.46e-05  4.26e+01
 60.00  -0.00  25.00  17.38   Ne  7.02e-02  4.26e+01
 60.00  -0.00  25.00  17.38   Mg  2.99e-02  4.26e+01
 60.00  -0.00  25.00  17.38   Si  2.85e-02  4.26e+01
 60.00  -0.00  25.00  17.38    S  1.33e-02  4.26e+01
 60.00  -0.00  25.00  17.38   Fe  5.55e-02  4.26e+01
 80.00  -0.00  25.00  23.05    p  2.47e+01  5.69e+01
 80.00  -0.00  25.00  23.05   He  3.02e+01  5.69e+01
 80.00  -0.00  25.00  23.05    C  1.22e+00  5.69e+01
 80.00  -0.00  25.00  23.05    N  2.94e-01  5.69e+01
 80.00  -0.00  25.00  23.05    O  2.60e-01  5.69e+01
 80.00  -0.00  25.00  23.05    F  1.50e-05  5.69e+01
 80.00  -0.00  25.00  23.05   Ne  1.18e-01  5.69e+01
 80.00  -0.00  25.00  23.05   Mg  3.98e-02  5.69e+01
 80.00  -0.00  25.00  23.05   Si  3.82e-02  5.69e+01
 80.00  -0.00  25.00  23.05    S  1.77e-02  5.69e+01
 80.00  -0.00  25.00  23.05   Fe  7.41e-02  5.69e+01
120.00  -0.00  25.00  27.67    p  3.60e+01  9.23e+01
120.00  -0.00  25.00  27.67   He  5.30e+01  9.23e+01
120.00  -0.00  25.00  27.67    C  2.02e+00  9.23e+01
120.00  -0.00  25.00  27.67    N  5.10e-01  9.23e+01
120.00  -0.00  25.00  27.67    O  3.64e-01  9.23e+01
120.00  -0.00  25.00  27.67    F  2.56e-05  9.23e+01
120.00  -0.00  25.00  27.67   Ne  2.11e-01  9.23e+01
120.00  -0.00  25.00  27.67   Mg  6.40e-02  9.23e+01
120.00  -0.00  25.00  27.67   Si  6.19e-02  9.23e+01
120.00  -0.00  25.00  27.67    S  2.88e-02  9.23e+01
120.00  -0.00  25.00  27.67   Fe  1.20e-01  9.23e+01
