#---Details of Columns:
#    M0 (solMass)          (F6.2)  [1/6.5] Initial mass [ucd=phys.mass]
#    [Fe/H]                (F7.2)  Initial metallicity [ucd=phys.abund.Z]
#    vel (km/s)            (F7.2)  Initial rotation [ucd=phys.mass]
#    M1 (solMass)          (F7.2)  Final mass (1) [ucd=phys.mass]
#    El                    (a4)    Species i (2) [ucd=phys.atmol.element]
#    M(i)lost (solMass)    (D9.2)  Mass of species i lost in the wind [ucd=phys.mass]
#    M(i)lostall (solMass) (D9.2)  Total mass lost in the wind [ucd=phys.mass]
#----- ------ ------ ------ ---- --------- -----------
#M0                                                                 
#(sol         vel    M1 (so      M(i)lost  M(i)lostall
#Mass) Z0     (km/s) lMass) El   (solMass) (solMass)  
#----- ------ ------ ------ ---- --------- -----------
 13.00  -1.00   0.00   1.58    p  6.21e+00  1.14e+01
 13.00  -1.00   0.00   1.58   He  4.57e+00  1.14e+01
 13.00  -1.00   0.00   1.58    C  1.34e-01  1.14e+01
 13.00  -1.00   0.00   1.58    N  7.69e-03  1.14e+01
 13.00  -1.00   0.00   1.58    O  2.80e-01  1.14e+01
 13.00  -1.00   0.00   1.58    F  3.89e-07  1.14e+01
 13.00  -1.00   0.00   1.58   Ne  5.33e-02  1.14e+01
 13.00  -1.00   0.00   1.58   Mg  2.23e-02  1.14e+01
 13.00  -1.00   0.00   1.58   Si  5.30e-02  1.14e+01
 13.00  -1.00   0.00   1.58    S  1.71e-02  1.14e+01
 13.00  -1.00   0.00   1.58   Fe  7.49e-02  1.14e+01
 15.00  -1.00   0.00   1.84    p  6.94e+00  1.32e+01
 15.00  -1.00   0.00   1.84   He  4.75e+00  1.32e+01
 15.00  -1.00   0.00   1.84    C  2.59e-01  1.32e+01
 15.00  -1.00   0.00   1.84    N  8.09e-03  1.32e+01
 15.00  -1.00   0.00   1.84    O  8.59e-01  1.32e+01
 15.00  -1.00   0.00   1.84    F  4.29e-07  1.32e+01
 15.00  -1.00   0.00   1.84   Ne  9.75e-02  1.32e+01
 15.00  -1.00   0.00   1.84   Mg  3.27e-02  1.32e+01
 15.00  -1.00   0.00   1.84   Si  1.08e-01  1.32e+01
 15.00  -1.00   0.00   1.84    S  3.74e-02  1.32e+01
 15.00  -1.00   0.00   1.84   Fe  7.59e-02  1.32e+01
 20.00  -1.00   0.00   1.86    p  8.66e+00  1.81e+01
 20.00  -1.00   0.00   1.86   He  6.91e+00  1.81e+01
 20.00  -1.00   0.00   1.86    C  4.05e-01  1.81e+01
 20.00  -1.00   0.00   1.86    N  1.09e-02  1.81e+01
 20.00  -1.00   0.00   1.86    O  1.34e+00  1.81e+01
 20.00  -1.00   0.00   1.86    F  6.42e-07  1.81e+01
 20.00  -1.00   0.00   1.86   Ne  4.78e-01  1.81e+01
 20.00  -1.00   0.00   1.86   Mg  1.20e-01  1.81e+01
 20.00  -1.00   0.00   1.86   Si  1.15e-01  1.81e+01
 20.00  -1.00   0.00   1.86    S  3.05e-02  1.81e+01
 20.00  -1.00   0.00   1.86   Fe  7.63e-02  1.81e+01
 25.00  -1.00   0.00   2.82    p  1.01e+01  2.22e+01
 25.00  -1.00   0.00   2.82   He  7.75e+00  2.22e+01
 25.00  -1.00   0.00   2.82    C  6.87e-01  2.22e+01
 25.00  -1.00   0.00   2.82    N  1.26e-02  2.22e+01
 25.00  -1.00   0.00   2.82    O  2.70e+00  2.22e+01
 25.00  -1.00   0.00   2.82    F  2.55e-06  2.22e+01
 25.00  -1.00   0.00   2.82   Ne  4.76e-01  2.22e+01
 25.00  -1.00   0.00   2.82   Mg  9.25e-02  2.22e+01
 25.00  -1.00   0.00   2.82   Si  1.81e-01  2.22e+01
 25.00  -1.00   0.00   2.82    S  5.53e-02  2.22e+01
 25.00  -1.00   0.00   2.82   Fe  7.56e-02  2.22e+01
 30.00  -1.00   0.00   2.89    p  1.15e+01  2.71e+01
 30.00  -1.00   0.00   2.89   He  1.09e+01  2.71e+01
 30.00  -1.00   0.00   2.89    C  8.95e-01  2.71e+01
 30.00  -1.00   0.00   2.89    N  2.21e-02  2.71e+01
 30.00  -1.00   0.00   2.89    O  2.93e+00  2.71e+01
 30.00  -1.00   0.00   2.89    F  2.69e-06  2.71e+01
 30.00  -1.00   0.00   2.89   Ne  4.77e-01  2.71e+01
 30.00  -1.00   0.00   2.89   Mg  9.67e-02  2.71e+01
 30.00  -1.00   0.00   2.89   Si  1.91e-01  2.71e+01
 30.00  -1.00   0.00   2.89    S  5.80e-02  2.71e+01
 30.00  -1.00   0.00   2.89   Fe  7.61e-02  2.71e+01
 40.00  -1.00   0.00   2.96    p  1.40e+01  3.70e+01
 40.00  -1.00   0.00   2.96   He  1.45e+01  3.70e+01
 40.00  -1.00   0.00   2.96    C  1.22e+00  3.70e+01
 40.00  -1.00   0.00   2.96    N  3.17e-02  3.70e+01
 40.00  -1.00   0.00   2.96    O  5.59e+00  3.70e+01
 40.00  -1.00   0.00   2.96    F  5.10e-06  3.70e+01
 40.00  -1.00   0.00   2.96   Ne  1.11e+00  3.70e+01
 40.00  -1.00   0.00   2.96   Mg  1.97e-01  3.70e+01
 40.00  -1.00   0.00   2.96   Si  2.37e-01  3.70e+01
 40.00  -1.00   0.00   2.96    S  7.26e-02  3.70e+01
 40.00  -1.00   0.00   2.96   Fe  7.73e-02  3.70e+01
 60.00  -1.00   0.00   5.24    p  1.88e+01  5.48e+01
 60.00  -1.00   0.00   5.24   He  2.08e+01  5.48e+01
 60.00  -1.00   0.00   5.24    C  2.12e+00  5.48e+01
 60.00  -1.00   0.00   5.24    N  4.91e-02  5.48e+01
 60.00  -1.00   0.00   5.24    O  1.13e+01  5.48e+01
 60.00  -1.00   0.00   5.24    F  8.34e-05  5.48e+01
 60.00  -1.00   0.00   5.24   Ne  6.59e-01  5.48e+01
 60.00  -1.00   0.00   5.24   Mg  2.00e-01  5.48e+01
 60.00  -1.00   0.00   5.24   Si  5.49e-01  5.48e+01
 60.00  -1.00   0.00   5.24    S  1.94e-01  5.48e+01
 60.00  -1.00   0.00   5.24   Fe  8.01e-02  5.48e+01
 80.00  -1.00   0.00   7.97    p  2.32e+01  7.20e+01
 80.00  -1.00   0.00   7.97   He  2.49e+01  7.20e+01
 80.00  -1.00   0.00   7.97    C  2.43e+00  7.20e+01
 80.00  -1.00   0.00   7.97    N  5.27e-02  7.20e+01
 80.00  -1.00   0.00   7.97    O  1.89e+01  7.20e+01
 80.00  -1.00   0.00   7.97    F  3.61e-05  7.20e+01
 80.00  -1.00   0.00   7.97   Ne  8.37e-01  7.20e+01
 80.00  -1.00   0.00   7.97   Mg  3.67e-01  7.20e+01
 80.00  -1.00   0.00   7.97   Si  9.38e-01  7.20e+01
 80.00  -1.00   0.00   7.97    S  3.14e-01  7.20e+01
 80.00  -1.00   0.00   7.97   Fe  8.39e-02  7.20e+01
120.00  -1.00   0.00   7.00    p  3.16e+01  1.13e+02
120.00  -1.00   0.00   7.00   He  3.77e+01  1.13e+02
120.00  -1.00   0.00   7.00    C  5.27e+00  1.13e+02
120.00  -1.00   0.00   7.00    N  1.06e-01  1.13e+02
120.00  -1.00   0.00   7.00    O  3.15e+01  1.13e+02
120.00  -1.00   0.00   7.00    F  1.32e-06  1.13e+02
120.00  -1.00   0.00   7.00   Ne  3.25e+00  1.13e+02
120.00  -1.00   0.00   7.00   Mg  1.61e+00  1.13e+02
120.00  -1.00   0.00   7.00   Si  1.34e+00  1.13e+02
120.00  -1.00   0.00   7.00    S  4.19e-01  1.13e+02
120.00  -1.00   0.00   7.00   Fe  9.09e-02  1.13e+02
