#---Details of Columns:
#    M0 (solMass)          (F6.2)  [1/6.5] Initial mass [ucd=phys.mass]
#    [Fe/H]                (F7.2)  Initial metallicity [ucd=phys.abund.Z]
#    vel (km/s)            (F7.2)  Initial rotation [ucd=phys.mass]
#    M1 (solMass)          (F7.2)  Final mass (1) [ucd=phys.mass]
#    El                    (a4)    Species i (2) [ucd=phys.atmol.element]
#    M(i)lost (solMass)    (D9.2)  Mass of species i lost in the wind [ucd=phys.mass]
#    M(i)lostall (solMass) (D9.2)  Total mass lost in the wind [ucd=phys.mass]
#----- ------ ------ ------ ---- --------- -----------
#M0                                                                 
#(sol         vel    M1 (so      M(i)lost  M(i)lostall
#Mass) Z0     (km/s) lMass) El   (solMass) (solMass)  
#----- ------ ------ ------ ---- --------- -----------
 13.00  -3.00 250.00   2.17    p  4.64e+00  1.08e+01
 13.00  -3.00 250.00   2.17   He  3.88e+00  1.08e+01
 13.00  -3.00 250.00   2.17    C  3.25e-01  1.08e+01
 13.00  -3.00 250.00   2.17    N  1.03e-01  1.08e+01
 13.00  -3.00 250.00   2.17    O  1.53e+00  1.08e+01
 13.00  -3.00 250.00   2.17    F  6.03e-05  1.08e+01
 13.00  -3.00 250.00   2.17   Ne  1.10e-01  1.08e+01
 13.00  -3.00 250.00   2.17   Mg  2.55e-02  1.08e+01
 13.00  -3.00 250.00   2.17   Si  1.11e-01  1.08e+01
 13.00  -3.00 250.00   2.17    S  6.54e-02  1.08e+01
 13.00  -3.00 250.00   2.17   Fe  7.53e-02  1.08e+01
 15.00  -3.00 250.00   2.33    p  5.17e+00  1.27e+01
 15.00  -3.00 250.00   2.33   He  4.49e+00  1.27e+01
 15.00  -3.00 250.00   2.33    C  4.08e-01  1.27e+01
 15.00  -3.00 250.00   2.33    N  1.08e-01  1.27e+01
 15.00  -3.00 250.00   2.33    O  1.93e+00  1.27e+01
 15.00  -3.00 250.00   2.33    F  5.44e-04  1.27e+01
 15.00  -3.00 250.00   2.33   Ne  1.07e-01  1.27e+01
 15.00  -3.00 250.00   2.33   Mg  2.30e-02  1.27e+01
 15.00  -3.00 250.00   2.33   Si  2.03e-01  1.27e+01
 15.00  -3.00 250.00   2.33    S  1.22e-01  1.27e+01
 15.00  -3.00 250.00   2.33   Fe  9.78e-02  1.27e+01
 20.00  -3.00 250.00   2.90    p  6.87e+00  1.71e+01
 20.00  -3.00 250.00   2.90   He  6.02e+00  1.71e+01
 20.00  -3.00 250.00   2.90    C  6.15e-01  1.71e+01
 20.00  -3.00 250.00   2.90    N  2.73e-02  1.71e+01
 20.00  -3.00 250.00   2.90    O  3.02e+00  1.71e+01
 20.00  -3.00 250.00   2.90    F  4.29e-04  1.71e+01
 20.00  -3.00 250.00   2.90   Ne  1.60e-01  1.71e+01
 20.00  -3.00 250.00   2.90   Mg  5.28e-02  1.71e+01
 20.00  -3.00 250.00   2.90   Si  1.87e-01  1.71e+01
 20.00  -3.00 250.00   2.90    S  7.89e-02  1.71e+01
 20.00  -3.00 250.00   2.90   Fe  7.51e-02  1.71e+01
 25.00  -3.00 250.00   3.37    p  8.08e+00  2.16e+01
 25.00  -3.00 250.00   3.37   He  5.81e+00  2.16e+01
 25.00  -3.00 250.00   3.37    C  8.81e-01  2.16e+01
 25.00  -3.00 250.00   3.37    N  4.20e-02  2.16e+01
 25.00  -3.00 250.00   3.37    O  5.52e+00  2.16e+01
 25.00  -3.00 250.00   3.37    F  5.68e-04  2.16e+01
 25.00  -3.00 250.00   3.37   Ne  7.22e-01  2.16e+01
 25.00  -3.00 250.00   3.37   Mg  1.44e-01  2.16e+01
 25.00  -3.00 250.00   3.37   Si  2.47e-01  2.16e+01
 25.00  -3.00 250.00   3.37    S  8.07e-02  2.16e+01
 25.00  -3.00 250.00   3.37   Fe  7.29e-02  2.16e+01
 30.00  -3.00 250.00   3.97    p  9.06e+00  2.60e+01
 30.00  -3.00 250.00   3.97   He  5.80e+00  2.60e+01
 30.00  -3.00 250.00   3.97    C  1.44e+00  2.60e+01
 30.00  -3.00 250.00   3.97    N  3.52e-02  2.60e+01
 30.00  -3.00 250.00   3.97    O  7.92e+00  2.60e+01
 30.00  -3.00 250.00   3.97    F  1.83e-03  2.60e+01
 30.00  -3.00 250.00   3.97   Ne  1.05e+00  2.60e+01
 30.00  -3.00 250.00   3.97   Mg  2.29e-01  2.60e+01
 30.00  -3.00 250.00   3.97   Si  3.16e-01  2.60e+01
 30.00  -3.00 250.00   3.97    S  1.06e-01  2.60e+01
 30.00  -3.00 250.00   3.97   Fe  7.32e-02  2.60e+01
 40.00  -3.00 250.00   5.70    p  1.11e+01  3.43e+01
 40.00  -3.00 250.00   5.70   He  5.83e+00  3.43e+01
 40.00  -3.00 250.00   5.70    C  2.16e+00  3.43e+01
 40.00  -3.00 250.00   5.70    N  1.29e-02  3.43e+01
 40.00  -3.00 250.00   5.70    O  1.28e+01  3.43e+01
 40.00  -3.00 250.00   5.70    F  6.23e-04  3.43e+01
 40.00  -3.00 250.00   5.70   Ne  1.10e+00  3.43e+01
 40.00  -3.00 250.00   5.70   Mg  4.35e-01  3.43e+01
 40.00  -3.00 250.00   5.70   Si  5.50e-01  3.43e+01
 40.00  -3.00 250.00   5.70    S  1.92e-01  3.43e+01
 40.00  -3.00 250.00   5.70   Fe  7.45e-02  3.43e+01
 60.00  -3.00 250.00   8.17    p  1.48e+01  5.18e+01
 60.00  -3.00 250.00   8.17   He  8.17e+00  5.18e+01
 60.00  -3.00 250.00   8.17    C  2.58e+00  5.18e+01
 60.00  -3.00 250.00   8.17    N  2.11e-02  5.18e+01
 60.00  -3.00 250.00   8.17    O  2.13e+01  5.18e+01
 60.00  -3.00 250.00   8.17    F  1.16e-03  5.18e+01
 60.00  -3.00 250.00   8.17   Ne  2.54e+00  5.18e+01
 60.00  -3.00 250.00   8.17   Mg  1.27e+00  5.18e+01
 60.00  -3.00 250.00   8.17   Si  8.59e-01  5.18e+01
 60.00  -3.00 250.00   8.17    S  3.08e-01  5.18e+01
 60.00  -3.00 250.00   8.17   Fe  7.75e-02  5.18e+01
 80.00  -3.00 250.00   5.17    p  1.80e+01  7.48e+01
 80.00  -3.00 250.00   5.17   He  1.14e+01  7.48e+01
 80.00  -3.00 250.00   5.17    C  3.90e+00  7.48e+01
 80.00  -3.00 250.00   5.17    N  6.06e-02  7.48e+01
 80.00  -3.00 250.00   5.17    O  3.61e+01  7.48e+01
 80.00  -3.00 250.00   5.17    F  1.59e-04  7.48e+01
 80.00  -3.00 250.00   5.17   Ne  2.98e+00  7.48e+01
 80.00  -3.00 250.00   5.17   Mg  1.26e+00  7.48e+01
 80.00  -3.00 250.00   5.17   Si  8.98e-01  7.48e+01
 80.00  -3.00 250.00   5.17    S  2.79e-01  7.48e+01
 80.00  -3.00 250.00   5.17   Fe  7.59e-02  7.48e+01
120.00  -3.00 250.00   2.00    p  2.35e+01  1.18e+02
120.00  -3.00 250.00   2.00   He  2.49e+01  1.18e+02
120.00  -3.00 250.00   2.00    C  1.41e+01  1.18e+02
120.00  -3.00 250.00   2.00    N  1.82e-01  1.18e+02
120.00  -3.00 250.00   2.00    O  5.28e+01  1.18e+02
120.00  -3.00 250.00   2.00    F  3.35e-07  1.18e+02
120.00  -3.00 250.00   2.00   Ne  1.79e+00  1.18e+02
120.00  -3.00 250.00   2.00   Mg  4.73e-01  1.18e+02
120.00  -3.00 250.00   2.00   Si  1.14e-01  1.18e+02
120.00  -3.00 250.00   2.00    S  4.04e-02  1.18e+02
120.00  -3.00 250.00   2.00   Fe  2.44e-02  1.18e+02
