#---Details of Columns:
#    M0 (solMass)          (F6.2)  [1/6.5] Initial mass [ucd=phys.mass]
#    [Fe/H]                (F7.2)  Initial metallicity [ucd=phys.abund.Z]
#    vel (km/s)            (F7.2)  Initial rotation [ucd=phys.mass]
#    M1 (solMass)          (F7.2)  Final mass (1) [ucd=phys.mass]
#    El                    (a4)    Species i (2) [ucd=phys.atmol.element]
#    M(i)lost (solMass)    (D9.2)  Mass of species i lost in the wind [ucd=phys.mass]
#    M(i)lostall (solMass) (D9.2)  Total mass lost in the wind [ucd=phys.mass]
#----- ------ ------ ------ ---- --------- -----------
#M0                                                                 
#(sol         vel    M1 (so      M(i)lost  M(i)lostall
#Mass) Z0     (km/s) lMass) El   (solMass) (solMass)  
#----- ------ ------ ------ ---- --------- -----------
 13.00  -2.00 200.00   2.13    p  4.75e+00  1.09e+01
 13.00  -2.00 200.00   2.13   He  3.81e+00  1.09e+01
 13.00  -2.00 200.00   2.13    C  2.83e-01  1.09e+01
 13.00  -2.00 200.00   2.13    N  6.44e-02  1.09e+01
 13.00  -2.00 200.00   2.13    O  1.44e+00  1.09e+01
 13.00  -2.00 200.00   2.13    F  6.76e-05  1.09e+01
 13.00  -2.00 200.00   2.13   Ne  1.03e-01  1.09e+01
 13.00  -2.00 200.00   2.13   Mg  2.91e-02  1.09e+01
 13.00  -2.00 200.00   2.13   Si  1.24e-01  1.09e+01
 13.00  -2.00 200.00   2.13    S  7.84e-02  1.09e+01
 13.00  -2.00 200.00   2.13   Fe  7.29e-02  1.09e+01
 15.00  -2.00 200.00   2.29    p  5.32e+00  1.27e+01
 15.00  -2.00 200.00   2.29   He  4.41e+00  1.27e+01
 15.00  -2.00 200.00   2.29    C  3.66e-01  1.27e+01
 15.00  -2.00 200.00   2.29    N  6.26e-02  1.27e+01
 15.00  -2.00 200.00   2.29    O  1.84e+00  1.27e+01
 15.00  -2.00 200.00   2.29    F  7.06e-04  1.27e+01
 15.00  -2.00 200.00   2.29   Ne  1.04e-01  1.27e+01
 15.00  -2.00 200.00   2.29   Mg  2.47e-02  1.27e+01
 15.00  -2.00 200.00   2.29   Si  2.22e-01  1.27e+01
 15.00  -2.00 200.00   2.29    S  1.73e-01  1.27e+01
 15.00  -2.00 200.00   2.29   Fe  8.24e-02  1.27e+01
 20.00  -2.00 200.00   3.01    p  6.93e+00  1.70e+01
 20.00  -2.00 200.00   3.01   He  5.69e+00  1.70e+01
 20.00  -2.00 200.00   3.01    C  5.45e-01  1.70e+01
 20.00  -2.00 200.00   3.01    N  4.76e-02  1.70e+01
 20.00  -2.00 200.00   3.01    O  3.13e+00  1.70e+01
 20.00  -2.00 200.00   3.01    F  5.33e-04  1.70e+01
 20.00  -2.00 200.00   3.01   Ne  1.68e-01  1.70e+01
 20.00  -2.00 200.00   3.01   Mg  6.25e-02  1.70e+01
 20.00  -2.00 200.00   3.01   Si  1.87e-01  1.70e+01
 20.00  -2.00 200.00   3.01    S  7.83e-02  1.70e+01
 20.00  -2.00 200.00   3.01   Fe  7.20e-02  1.70e+01
 25.00  -2.00 200.00   3.23    p  8.39e+00  2.18e+01
 25.00  -2.00 200.00   3.23   He  6.24e+00  2.18e+01
 25.00  -2.00 200.00   3.23    C  8.07e-01  2.18e+01
 25.00  -2.00 200.00   3.23    N  4.04e-02  2.18e+01
 25.00  -2.00 200.00   3.23    O  5.05e+00  2.18e+01
 25.00  -2.00 200.00   3.23    F  3.79e-04  2.18e+01
 25.00  -2.00 200.00   3.23   Ne  6.08e-01  2.18e+01
 25.00  -2.00 200.00   3.23   Mg  1.32e-01  2.18e+01
 25.00  -2.00 200.00   3.23   Si  2.31e-01  2.18e+01
 25.00  -2.00 200.00   3.23    S  7.59e-02  2.18e+01
 25.00  -2.00 200.00   3.23   Fe  7.09e-02  2.18e+01
 30.00  -2.00 200.00  23.71    p  4.25e+00  6.29e+00
 30.00  -2.00 200.00  23.71   He  2.05e+00  6.29e+00
 30.00  -2.00 200.00  23.71    C  4.01e-03  6.29e+00
 30.00  -2.00 200.00  23.71    N  1.95e-03  6.29e+00
 30.00  -2.00 200.00  23.71    O  1.11e-03  6.29e+00
 30.00  -2.00 200.00  23.71    F  8.00e-09  6.29e+00
 30.00  -2.00 200.00  23.71   Ne  4.11e-05  6.29e+00
 30.00  -2.00 200.00  23.71   Mg  3.55e-05  6.29e+00
 30.00  -2.00 200.00  23.71   Si  5.02e-05  6.29e+00
 30.00  -2.00 200.00  23.71    S  2.01e-05  6.29e+00
 30.00  -2.00 200.00  23.71   Fe  3.75e-05  6.29e+00
 40.00  -2.00 200.00  23.72    p  1.13e+01  1.63e+01
 40.00  -2.00 200.00  23.72   He  4.93e+00  1.63e+01
 40.00  -2.00 200.00  23.72    C  6.81e-03  1.63e+01
 40.00  -2.00 200.00  23.72    N  9.90e-03  1.63e+01
 40.00  -2.00 200.00  23.72    O  4.38e-03  1.63e+01
 40.00  -2.00 200.00  23.72    F  2.31e-08  1.63e+01
 40.00  -2.00 200.00  23.72   Ne  1.15e-04  1.63e+01
 40.00  -2.00 200.00  23.72   Mg  8.90e-05  1.63e+01
 40.00  -2.00 200.00  23.72   Si  1.26e-04  1.63e+01
 40.00  -2.00 200.00  23.72    S  5.06e-05  1.63e+01
 40.00  -2.00 200.00  23.72   Fe  9.40e-05  1.63e+01
 60.00  -2.00 200.00  39.19    p  1.43e+01  2.08e+01
 60.00  -2.00 200.00  39.19   He  6.49e+00  2.08e+01
 60.00  -2.00 200.00  39.19    C  3.74e-02  2.08e+01
 60.00  -2.00 200.00  39.19    N  1.57e-02  2.08e+01
 60.00  -2.00 200.00  39.19    O  1.60e-02  2.08e+01
 60.00  -2.00 200.00  39.19    F  3.12e-08  2.08e+01
 60.00  -2.00 200.00  39.19   Ne  3.26e-04  2.08e+01
 60.00  -2.00 200.00  39.19   Mg  1.18e-04  2.08e+01
 60.00  -2.00 200.00  39.19   Si  1.66e-04  2.08e+01
 60.00  -2.00 200.00  39.19    S  6.63e-05  2.08e+01
 60.00  -2.00 200.00  39.19   Fe  1.23e-04  2.08e+01
 80.00  -2.00 200.00  51.51    p  1.84e+01  2.85e+01
 80.00  -2.00 200.00  51.51   He  9.95e+00  2.85e+01
 80.00  -2.00 200.00  51.51    C  8.73e-02  2.85e+01
 80.00  -2.00 200.00  51.51    N  2.23e-02  2.85e+01
 80.00  -2.00 200.00  51.51    O  3.32e-02  2.85e+01
 80.00  -2.00 200.00  51.51    F  5.11e-08  2.85e+01
 80.00  -2.00 200.00  51.51   Ne  3.63e-04  2.85e+01
 80.00  -2.00 200.00  51.51   Mg  1.56e-04  2.85e+01
 80.00  -2.00 200.00  51.51   Si  2.32e-04  2.85e+01
 80.00  -2.00 200.00  51.51    S  9.04e-05  2.85e+01
 80.00  -2.00 200.00  51.51   Fe  1.68e-04  2.85e+01
120.00  -2.00 200.00  75.43    p  2.34e+01  4.46e+01
120.00  -2.00 200.00  75.43   He  2.07e+01  4.46e+01
120.00  -2.00 200.00  75.43    C  2.67e-01  4.46e+01
120.00  -2.00 200.00  75.43    N  2.24e-02  4.46e+01
120.00  -2.00 200.00  75.43    O  9.37e-02  4.46e+01
120.00  -2.00 200.00  75.43    F  4.18e-08  4.46e+01
120.00  -2.00 200.00  75.43   Ne  7.84e-04  4.46e+01
120.00  -2.00 200.00  75.43   Mg  2.24e-04  4.46e+01
120.00  -2.00 200.00  75.43   Si  3.86e-04  4.46e+01
120.00  -2.00 200.00  75.43    S  1.38e-04  4.46e+01
120.00  -2.00 200.00  75.43   Fe  2.54e-04  4.46e+01
