#---Details of Columns:
#    M0 (solMass)          (F6.2)  [1/6.5] Initial mass [ucd=phys.mass]
#    [Fe/H]                (F7.2)  Initial metallicity [ucd=phys.abund.Z]
#    vel (km/s)            (F7.2)  Initial rotation [ucd=phys.mass]
#    M1 (solMass)          (F7.2)  Final mass (1) [ucd=phys.mass]
#    El                    (a4)    Species i (2) [ucd=phys.atmol.element]
#    M(i)lost (solMass)    (D9.2)  Mass of species i lost in the wind [ucd=phys.mass]
#    M(i)lostall (solMass) (D9.2)  Total mass lost in the wind [ucd=phys.mass]
#----- ------ ------ ------ ---- --------- -----------
#M0                                                                 
#(sol         vel    M1 (so      M(i)lost  M(i)lostall
#Mass) Z0     (km/s) lMass) El   (solMass) (solMass)  
#----- ------ ------ ------ ---- --------- -----------
 13.00  -3.00 100.00   2.10    p  5.33e+00  1.09e+01
 13.00  -3.00 100.00   2.10   He  4.04e+00  1.09e+01
 13.00  -3.00 100.00   2.10    C  2.38e-01  1.09e+01
 13.00  -3.00 100.00   2.10    N  2.24e-02  1.09e+01
 13.00  -3.00 100.00   2.10    O  1.07e+00  1.09e+01
 13.00  -3.00 100.00   2.10    F  6.67e-05  1.09e+01
 13.00  -3.00 100.00   2.10   Ne  4.88e-02  1.09e+01
 13.00  -3.00 100.00   2.10   Mg  1.80e-02  1.09e+01
 13.00  -3.00 100.00   2.10   Si  7.24e-02  1.09e+01
 13.00  -3.00 100.00   2.10    S  2.93e-02  1.09e+01
 13.00  -3.00 100.00   2.10   Fe  7.28e-02  1.09e+01
 15.00  -3.00 100.00   2.13    p  5.96e+00  1.29e+01
 15.00  -3.00 100.00   2.13   He  4.50e+00  1.29e+01
 15.00  -3.00 100.00   2.13    C  3.41e-01  1.29e+01
 15.00  -3.00 100.00   2.13    N  1.18e-02  1.29e+01
 15.00  -3.00 100.00   2.13    O  1.61e+00  1.29e+01
 15.00  -3.00 100.00   2.13    F  1.02e-03  1.29e+01
 15.00  -3.00 100.00   2.13   Ne  6.68e-02  1.29e+01
 15.00  -3.00 100.00   2.13   Mg  1.53e-02  1.29e+01
 15.00  -3.00 100.00   2.13   Si  1.58e-01  1.29e+01
 15.00  -3.00 100.00   2.13    S  1.16e-01  1.29e+01
 15.00  -3.00 100.00   2.13   Fe  7.32e-02  1.29e+01
 20.00  -3.00 100.00   2.57    p  7.70e+00  1.74e+01
 20.00  -3.00 100.00   2.57   He  5.99e+00  1.74e+01
 20.00  -3.00 100.00   2.57    C  5.05e-01  1.74e+01
 20.00  -3.00 100.00   2.57    N  3.54e-02  1.74e+01
 20.00  -3.00 100.00   2.57    O  2.56e+00  1.74e+01
 20.00  -3.00 100.00   2.57    F  6.80e-04  1.74e+01
 20.00  -3.00 100.00   2.57   Ne  2.75e-01  1.74e+01
 20.00  -3.00 100.00   2.57   Mg  7.40e-02  1.74e+01
 20.00  -3.00 100.00   2.57   Si  1.40e-01  1.74e+01
 20.00  -3.00 100.00   2.57    S  4.68e-02  1.74e+01
 20.00  -3.00 100.00   2.57   Fe  7.28e-02  1.74e+01
 25.00  -3.00 100.00   2.83    p  9.21e+00  2.22e+01
 25.00  -3.00 100.00   2.83   He  7.24e+00  2.22e+01
 25.00  -3.00 100.00   2.83    C  6.06e-01  2.22e+01
 25.00  -3.00 100.00   2.83    N  5.78e-02  2.22e+01
 25.00  -3.00 100.00   2.83    O  4.01e+00  2.22e+01
 25.00  -3.00 100.00   2.83    F  1.40e-04  2.22e+01
 25.00  -3.00 100.00   2.83   Ne  5.96e-01  2.22e+01
 25.00  -3.00 100.00   2.83   Mg  1.18e-01  2.22e+01
 25.00  -3.00 100.00   2.83   Si  1.80e-01  2.22e+01
 25.00  -3.00 100.00   2.83    S  5.57e-02  2.22e+01
 25.00  -3.00 100.00   2.83   Fe  7.27e-02  2.22e+01
 30.00  -3.00 100.00   3.30    p  1.02e+01  2.67e+01
 30.00  -3.00 100.00   3.30   He  7.66e+00  2.67e+01
 30.00  -3.00 100.00   3.30    C  1.18e+00  2.67e+01
 30.00  -3.00 100.00   3.30    N  2.73e-02  2.67e+01
 30.00  -3.00 100.00   3.30    O  6.10e+00  2.67e+01
 30.00  -3.00 100.00   3.30    F  1.19e-03  2.67e+01
 30.00  -3.00 100.00   3.30   Ne  9.87e-01  2.67e+01
 30.00  -3.00 100.00   3.30   Mg  1.77e-01  2.67e+01
 30.00  -3.00 100.00   3.30   Si  2.43e-01  2.67e+01
 30.00  -3.00 100.00   3.30    S  7.30e-02  2.67e+01
 30.00  -3.00 100.00   3.30   Fe  7.24e-02  2.67e+01
 40.00  -3.00 100.00   4.83    p  1.22e+01  3.52e+01
 40.00  -3.00 100.00   4.83   He  8.45e+00  3.52e+01
 40.00  -3.00 100.00   4.83    C  1.77e+00  3.52e+01
 40.00  -3.00 100.00   4.83    N  2.09e-03  3.52e+01
 40.00  -3.00 100.00   4.83    O  1.06e+01  3.52e+01
 40.00  -3.00 100.00   4.83    F  1.47e-04  3.52e+01
 40.00  -3.00 100.00   4.83   Ne  1.04e+00  3.52e+01
 40.00  -3.00 100.00   4.83   Mg  3.27e-01  3.52e+01
 40.00  -3.00 100.00   4.83   Si  4.55e-01  3.52e+01
 40.00  -3.00 100.00   4.83    S  1.54e-01  3.52e+01
 40.00  -3.00 100.00   4.83   Fe  7.35e-02  3.52e+01
 60.00  -3.00 100.00   8.10    p  1.54e+01  5.19e+01
 60.00  -3.00 100.00   8.10   He  1.16e+01  5.19e+01
 60.00  -3.00 100.00   8.10    C  2.13e+00  5.19e+01
 60.00  -3.00 100.00   8.10    N  6.41e-03  5.19e+01
 60.00  -3.00 100.00   8.10    O  1.85e+01  5.19e+01
 60.00  -3.00 100.00   8.10    F  1.34e-04  5.19e+01
 60.00  -3.00 100.00   8.10   Ne  1.93e+00  5.19e+01
 60.00  -3.00 100.00   8.10   Mg  1.08e+00  5.19e+01
 60.00  -3.00 100.00   8.10   Si  7.91e-01  5.19e+01
 60.00  -3.00 100.00   8.10    S  2.77e-01  5.19e+01
 60.00  -3.00 100.00   8.10   Fe  7.47e-02  5.19e+01
 80.00  -3.00 100.00   7.80    p  2.07e+01  7.22e+01
 80.00  -3.00 100.00   7.80   He  1.58e+01  7.22e+01
 80.00  -3.00 100.00   7.80    C  2.76e+00  7.22e+01
 80.00  -3.00 100.00   7.80    N  7.17e-03  7.22e+01
 80.00  -3.00 100.00   7.80    O  2.74e+01  7.22e+01
 80.00  -3.00 100.00   7.80    F  2.57e-04  7.22e+01
 80.00  -3.00 100.00   7.80   Ne  2.73e+00  7.22e+01
 80.00  -3.00 100.00   7.80   Mg  1.50e+00  7.22e+01
 80.00  -3.00 100.00   7.80   Si  1.04e+00  7.22e+01
 80.00  -3.00 100.00   7.80    S  3.43e-01  7.22e+01
 80.00  -3.00 100.00   7.80   Fe  7.54e-02  7.22e+01
120.00  -3.00 100.00   3.67    p  2.75e+01  1.16e+02
120.00  -3.00 100.00   3.67   He  2.83e+01  1.16e+02
120.00  -3.00 100.00   3.67    C  5.51e+00  1.16e+02
120.00  -3.00 100.00   3.67    N  6.24e-02  1.16e+02
120.00  -3.00 100.00   3.67    O  5.03e+01  1.16e+02
120.00  -3.00 100.00   3.67    F  2.11e-07  1.16e+02
120.00  -3.00 100.00   3.67   Ne  3.14e+00  1.16e+02
120.00  -3.00 100.00   3.67   Mg  8.44e-01  1.16e+02
120.00  -3.00 100.00   3.67   Si  3.44e-01  1.16e+02
120.00  -3.00 100.00   3.67    S  1.24e-01  1.16e+02
120.00  -3.00 100.00   3.67   Fe  7.28e-02  1.16e+02
