#---Details of Columns:
#    M0 (solMass)          (F6.2)  [1/6.5] Initial mass [ucd=phys.mass]
#    [Fe/H]                (F7.2)  Initial metallicity [ucd=phys.abund.Z]
#    vel (km/s)            (F7.2)  Initial rotation [ucd=phys.mass]
#    M1 (solMass)          (F7.2)  Final mass (1) [ucd=phys.mass]
#    El                    (a4)    Species i (2) [ucd=phys.atmol.element]
#    M(i)lost (solMass)    (D9.2)  Mass of species i lost in the wind [ucd=phys.mass]
#    M(i)lostall (solMass) (D9.2)  Total mass lost in the wind [ucd=phys.mass]
#----- ------ ------ ------ ---- --------- -----------
#M0                                                                 
#(sol         vel    M1 (so      M(i)lost  M(i)lostall
#Mass) Z0     (km/s) lMass) El   (solMass) (solMass)  
#----- ------ ------ ------ ---- --------- -----------
 13.00  -0.30 250.00   2.26    p  4.42e+00  1.07e+01
 13.00  -0.30 250.00   2.26   He  3.83e+00  1.07e+01
 13.00  -0.30 250.00   2.26    C  3.00e-01  1.07e+01
 13.00  -0.30 250.00   2.26    N  5.44e-02  1.07e+01
 13.00  -0.30 250.00   2.26    O  1.33e+00  1.07e+01
 13.00  -0.30 250.00   2.26    F  1.34e-04  1.07e+01
 13.00  -0.30 250.00   2.26   Ne  1.03e-01  1.07e+01
 13.00  -0.30 250.00   2.26   Mg  3.90e-02  1.07e+01
 13.00  -0.30 250.00   2.26   Si  2.33e-01  1.07e+01
 13.00  -0.30 250.00   2.26    S  1.89e-01  1.07e+01
 13.00  -0.30 250.00   2.26   Fe  9.21e-02  1.07e+01
 15.00  -0.30 250.00   2.38    p  4.90e+00  1.26e+01
 15.00  -0.30 250.00   2.38   He  4.42e+00  1.26e+01
 15.00  -0.30 250.00   2.38    C  3.46e-01  1.26e+01
 15.00  -0.30 250.00   2.38    N  6.96e-02  1.26e+01
 15.00  -0.30 250.00   2.38    O  1.82e+00  1.26e+01
 15.00  -0.30 250.00   2.38    F  1.68e-04  1.26e+01
 15.00  -0.30 250.00   2.38   Ne  1.31e-01  1.26e+01
 15.00  -0.30 250.00   2.38   Mg  4.77e-02  1.26e+01
 15.00  -0.30 250.00   2.38   Si  3.08e-01  1.26e+01
 15.00  -0.30 250.00   2.38    S  2.38e-01  1.26e+01
 15.00  -0.30 250.00   2.38   Fe  1.55e-01  1.26e+01
 20.00  -0.30 250.00   3.01    p  6.11e+00  1.70e+01
 20.00  -0.30 250.00   3.01   He  6.16e+00  1.70e+01
 20.00  -0.30 250.00   3.01    C  7.80e-01  1.70e+01
 20.00  -0.30 250.00   3.01    N  8.74e-02  1.70e+01
 20.00  -0.30 250.00   3.01    O  3.09e+00  1.70e+01
 20.00  -0.30 250.00   3.01    F  2.53e-04  1.70e+01
 20.00  -0.30 250.00   3.01   Ne  1.96e-01  1.70e+01
 20.00  -0.30 250.00   3.01   Mg  6.88e-02  1.70e+01
 20.00  -0.30 250.00   3.01   Si  2.20e-01  1.70e+01
 20.00  -0.30 250.00   3.01    S  9.24e-02  1.70e+01
 20.00  -0.30 250.00   3.01   Fe  8.16e-02  1.70e+01
 25.00  -0.30 250.00   2.98    p  7.36e+00  2.20e+01
 25.00  -0.30 250.00   2.98   He  7.31e+00  2.20e+01
 25.00  -0.30 250.00   2.98    C  1.07e+00  2.20e+01
 25.00  -0.30 250.00   2.98    N  6.83e-02  2.20e+01
 25.00  -0.30 250.00   2.98    O  4.82e+00  2.20e+01
 25.00  -0.30 250.00   2.98    F  5.69e-04  2.20e+01
 25.00  -0.30 250.00   2.98   Ne  7.03e-01  2.20e+01
 25.00  -0.30 250.00   2.98   Mg  1.55e-01  2.20e+01
 25.00  -0.30 250.00   2.98   Si  2.63e-01  2.20e+01
 25.00  -0.30 250.00   2.98    S  9.31e-02  2.20e+01
 25.00  -0.30 250.00   2.98   Fe  8.25e-02  2.20e+01
 30.00  -0.30 250.00  16.49    p  6.73e+00  1.35e+01
 30.00  -0.30 250.00  16.49   He  6.49e+00  1.35e+01
 30.00  -0.30 250.00  16.49    C  1.24e-01  1.35e+01
 30.00  -0.30 250.00  16.49    N  5.60e-02  1.35e+01
 30.00  -0.30 250.00  16.49    O  4.14e-02  1.35e+01
 30.00  -0.30 250.00  16.49    F  1.75e-06  1.35e+01
 30.00  -0.30 250.00  16.49   Ne  1.23e-02  1.35e+01
 30.00  -0.30 250.00  16.49   Mg  5.38e-03  1.35e+01
 30.00  -0.30 250.00  16.49   Si  5.52e-03  1.35e+01
 30.00  -0.30 250.00  16.49    S  2.49e-03  1.35e+01
 30.00  -0.30 250.00  16.49   Fe  9.28e-03  1.35e+01
 40.00  -0.30 250.00  18.46    p  1.05e+01  2.15e+01
 40.00  -0.30 250.00  18.46   He  1.05e+01  2.15e+01
 40.00  -0.30 250.00  18.46    C  2.50e-01  2.15e+01
 40.00  -0.30 250.00  18.46    N  1.04e-01  2.15e+01
 40.00  -0.30 250.00  18.46    O  8.21e-02  2.15e+01
 40.00  -0.30 250.00  18.46    F  3.23e-06  2.15e+01
 40.00  -0.30 250.00  18.46   Ne  2.03e-02  2.15e+01
 40.00  -0.30 250.00  18.46   Mg  7.84e-03  2.15e+01
 40.00  -0.30 250.00  18.46   Si  8.16e-03  2.15e+01
 40.00  -0.30 250.00  18.46    S  3.67e-03  2.15e+01
 40.00  -0.30 250.00  18.46   Fe  1.33e-02  2.15e+01
 60.00  -0.30 250.00  23.84    p  1.47e+01  3.62e+01
 60.00  -0.30 250.00  23.84   He  2.00e+01  3.62e+01
 60.00  -0.30 250.00  23.84    C  1.05e+00  3.62e+01
 60.00  -0.30 250.00  23.84    N  1.29e-01  3.62e+01
 60.00  -0.30 250.00  23.84    O  1.80e-01  3.62e+01
 60.00  -0.30 250.00  23.84    F  8.84e-06  3.62e+01
 60.00  -0.30 250.00  23.84   Ne  4.42e-02  3.62e+01
 60.00  -0.30 250.00  23.84   Mg  1.27e-02  3.62e+01
 60.00  -0.30 250.00  23.84   Si  1.34e-02  3.62e+01
 60.00  -0.30 250.00  23.84    S  6.03e-03  3.62e+01
 60.00  -0.30 250.00  23.84   Fe  2.17e-02  3.62e+01
 80.00  -0.30 250.00  29.15    p  1.90e+01  5.08e+01
 80.00  -0.30 250.00  29.15   He  2.98e+01  5.08e+01
 80.00  -0.30 250.00  29.15    C  1.44e+00  5.08e+01
 80.00  -0.30 250.00  29.15    N  1.79e-01  5.08e+01
 80.00  -0.30 250.00  29.15    O  2.48e-01  5.08e+01
 80.00  -0.30 250.00  29.15    F  7.57e-06  5.08e+01
 80.00  -0.30 250.00  29.15   Ne  6.03e-02  5.08e+01
 80.00  -0.30 250.00  29.15   Mg  1.78e-02  5.08e+01
 80.00  -0.30 250.00  29.15   Si  1.90e-02  5.08e+01
 80.00  -0.30 250.00  29.15    S  8.51e-03  5.08e+01
 80.00  -0.30 250.00  29.15   Fe  3.06e-02  5.08e+01
120.00  -0.30 250.00  34.49    p  2.78e+01  8.55e+01
120.00  -0.30 250.00  34.49   He  5.52e+01  8.55e+01
120.00  -0.30 250.00  34.49    C  1.75e+00  8.55e+01
120.00  -0.30 250.00  34.49    N  3.16e-01  8.55e+01
120.00  -0.30 250.00  34.49    O  2.74e-01  8.55e+01
120.00  -0.30 250.00  34.49    F  1.09e-05  8.55e+01
120.00  -0.30 250.00  34.49   Ne  8.84e-02  8.55e+01
120.00  -0.30 250.00  34.49   Mg  2.91e-02  8.55e+01
120.00  -0.30 250.00  34.49   Si  3.15e-02  8.55e+01
120.00  -0.30 250.00  34.49    S  1.41e-02  8.55e+01
120.00  -0.30 250.00  34.49   Fe  5.07e-02  8.55e+01
