#---Details of Columns:
#    M0 (solMass)          (F6.2)  [1/6.5] Initial mass [ucd=phys.mass]
#    [Fe/H]                (F7.2)  Initial metallicity [ucd=phys.abund.Z]
#    vel (km/s)            (F7.2)  Initial rotation [ucd=phys.mass]
#    M1 (solMass)          (F7.2)  Final mass (1) [ucd=phys.mass]
#    El                    (a4)    Species i (2) [ucd=phys.atmol.element]
#    M(i)lost (solMass)    (D9.2)  Mass of species i lost in the wind [ucd=phys.mass]
#    M(i)lostall (solMass) (D9.2)  Total mass lost in the wind [ucd=phys.mass]
#----- ------ ------ ------ ---- --------- -----------
#M0                                                                 
#(sol         vel    M1 (so      M(i)lost  M(i)lostall
#Mass) Z0     (km/s) lMass) El   (solMass) (solMass)  
#----- ------ ------ ------ ---- --------- -----------
 13.00  -0.00 200.00   2.30    p  4.50e+00  1.07e+01
 13.00  -0.00 200.00   2.30   He  3.99e+00  1.07e+01
 13.00  -0.00 200.00   2.30    C  4.25e-01  1.07e+01
 13.00  -0.00 200.00   2.30    N  4.37e-02  1.07e+01
 13.00  -0.00 200.00   2.30    O  1.37e+00  1.07e+01
 13.00  -0.00 200.00   2.30    F  1.82e-04  1.07e+01
 13.00  -0.00 200.00   2.30   Ne  7.72e-02  1.07e+01
 13.00  -0.00 200.00   2.30   Mg  2.76e-02  1.07e+01
 13.00  -0.00 200.00   2.30   Si  1.10e-01  1.07e+01
 13.00  -0.00 200.00   2.30    S  6.12e-02  1.07e+01
 13.00  -0.00 200.00   2.30   Fe  8.96e-02  1.07e+01
 15.00  -0.00 200.00   2.47    p  4.94e+00  1.25e+01
 15.00  -0.00 200.00   2.47   He  4.51e+00  1.25e+01
 15.00  -0.00 200.00   2.47    C  4.25e-01  1.25e+01
 15.00  -0.00 200.00   2.47    N  5.19e-02  1.25e+01
 15.00  -0.00 200.00   2.47    O  1.93e+00  1.25e+01
 15.00  -0.00 200.00   2.47    F  4.71e-04  1.25e+01
 15.00  -0.00 200.00   2.47   Ne  1.13e-01  1.25e+01
 15.00  -0.00 200.00   2.47   Mg  4.23e-02  1.25e+01
 15.00  -0.00 200.00   2.47   Si  1.68e-01  1.25e+01
 15.00  -0.00 200.00   2.47    S  8.19e-02  1.25e+01
 15.00  -0.00 200.00   2.47   Fe  3.06e-01  1.25e+01
 20.00  -0.00 200.00   3.07    p  6.08e+00  1.69e+01
 20.00  -0.00 200.00   3.07   He  6.31e+00  1.69e+01
 20.00  -0.00 200.00   3.07    C  1.08e+00  1.69e+01
 20.00  -0.00 200.00   3.07    N  8.93e-02  1.69e+01
 20.00  -0.00 200.00   3.07    O  2.73e+00  1.69e+01
 20.00  -0.00 200.00   3.07    F  1.19e-04  1.69e+01
 20.00  -0.00 200.00   3.07   Ne  1.57e-01  1.69e+01
 20.00  -0.00 200.00   3.07   Mg  6.40e-02  1.69e+01
 20.00  -0.00 200.00   3.07   Si  2.41e-01  1.69e+01
 20.00  -0.00 200.00   3.07    S  1.01e-01  1.69e+01
 20.00  -0.00 200.00   3.07   Fe  9.57e-02  1.69e+01
 25.00  -0.00 200.00   2.87    p  7.21e+00  2.21e+01
 25.00  -0.00 200.00   2.87   He  8.52e+00  2.21e+01
 25.00  -0.00 200.00   2.87    C  1.47e+00  2.21e+01
 25.00  -0.00 200.00   2.87    N  9.24e-02  2.21e+01
 25.00  -0.00 200.00   2.87    O  3.73e+00  2.21e+01
 25.00  -0.00 200.00   2.87    F  1.40e-05  2.21e+01
 25.00  -0.00 200.00   2.87   Ne  4.50e-01  2.21e+01
 25.00  -0.00 200.00   2.87   Mg  1.41e-01  2.21e+01
 25.00  -0.00 200.00   2.87   Si  3.03e-01  2.21e+01
 25.00  -0.00 200.00   2.87    S  1.08e-01  2.21e+01
 25.00  -0.00 200.00   2.87   Fe  1.02e-01  2.21e+01
 30.00  -0.00 200.00   2.60    p  8.11e+00  2.74e+01
 30.00  -0.00 200.00   2.60   He  1.06e+01  2.74e+01
 30.00  -0.00 200.00   2.60    C  1.69e+00  2.74e+01
 30.00  -0.00 200.00   2.60    N  1.16e-01  2.74e+01
 30.00  -0.00 200.00   2.60    O  5.13e+00  2.74e+01
 30.00  -0.00 200.00   2.60    F  8.76e-06  2.74e+01
 30.00  -0.00 200.00   2.60   Ne  1.10e+00  2.74e+01
 30.00  -0.00 200.00   2.60   Mg  2.49e-01  2.74e+01
 30.00  -0.00 200.00   2.60   Si  2.60e-01  2.74e+01
 30.00  -0.00 200.00   2.60    S  9.26e-02  2.74e+01
 30.00  -0.00 200.00   2.60   Fe  1.06e-01  2.74e+01
 40.00  -0.00 200.00   3.27    p  1.08e+01  3.67e+01
 40.00  -0.00 200.00   3.27   He  1.50e+01  3.67e+01
 40.00  -0.00 200.00   3.27    C  2.29e+00  3.67e+01
 40.00  -0.00 200.00   3.27    N  1.66e-01  3.67e+01
 40.00  -0.00 200.00   3.27    O  6.51e+00  3.67e+01
 40.00  -0.00 200.00   3.27    F  1.22e-05  3.67e+01
 40.00  -0.00 200.00   3.27   Ne  1.15e+00  3.67e+01
 40.00  -0.00 200.00   3.27   Mg  2.66e-01  3.67e+01
 40.00  -0.00 200.00   3.27   Si  3.10e-01  3.67e+01
 40.00  -0.00 200.00   3.27    S  1.24e-01  3.67e+01
 40.00  -0.00 200.00   3.27   Fe  1.15e-01  3.67e+01
 60.00  -0.00 200.00   4.30    p  1.54e+01  5.57e+01
 60.00  -0.00 200.00   4.30   He  2.50e+01  5.57e+01
 60.00  -0.00 200.00   4.30    C  3.26e+00  5.57e+01
 60.00  -0.00 200.00   4.30    N  2.56e-01  5.57e+01
 60.00  -0.00 200.00   4.30    O  9.18e+00  5.57e+01
 60.00  -0.00 200.00   4.30    F  2.08e-05  5.57e+01
 60.00  -0.00 200.00   4.30   Ne  1.41e+00  5.57e+01
 60.00  -0.00 200.00   4.30   Mg  3.82e-01  5.57e+01
 60.00  -0.00 200.00   4.30   Si  4.58e-01  5.57e+01
 60.00  -0.00 200.00   4.30    S  1.95e-01  5.57e+01
 60.00  -0.00 200.00   4.30   Fe  1.38e-01  5.57e+01
 80.00  -0.00 200.00   5.23    p  2.08e+01  7.48e+01
 80.00  -0.00 200.00   5.23   He  3.49e+01  7.48e+01
 80.00  -0.00 200.00   5.23    C  4.14e+00  7.48e+01
 80.00  -0.00 200.00   5.23    N  3.68e-01  7.48e+01
 80.00  -0.00 200.00   5.23    O  1.16e+01  7.48e+01
 80.00  -0.00 200.00   5.23    F  1.36e-05  7.48e+01
 80.00  -0.00 200.00   5.23   Ne  1.35e+00  7.48e+01
 80.00  -0.00 200.00   5.23   Mg  4.40e-01  7.48e+01
 80.00  -0.00 200.00   5.23   Si  6.29e-01  7.48e+01
 80.00  -0.00 200.00   5.23    S  2.70e-01  7.48e+01
 80.00  -0.00 200.00   5.23   Fe  1.63e-01  7.48e+01
120.00  -0.00 200.00   5.33    p  3.19e+01  1.15e+02
120.00  -0.00 200.00   5.33   He  6.18e+01  1.15e+02
120.00  -0.00 200.00   5.33    C  4.94e+00  1.15e+02
120.00  -0.00 200.00   5.33    N  6.29e-01  1.15e+02
120.00  -0.00 200.00   5.33    O  1.26e+01  1.15e+02
120.00  -0.00 200.00   5.33    F  2.22e-05  1.15e+02
120.00  -0.00 200.00   5.33   Ne  1.17e+00  1.15e+02
120.00  -0.00 200.00   5.33   Mg  5.10e-01  1.15e+02
120.00  -0.00 200.00   5.33   Si  7.15e-01  1.15e+02
120.00  -0.00 200.00   5.33    S  2.68e-01  1.15e+02
120.00  -0.00 200.00   5.33   Fe  2.12e-01  1.15e+02
