#---Details of Columns:
#    M0 (solMass)          (F6.2)  [1/6.5] Initial mass [ucd=phys.mass]
#    [Fe/H]                (F7.2)  Initial metallicity [ucd=phys.abund.Z]
#    vel (km/s)            (F7.2)  Initial rotation [ucd=phys.mass]
#    M1 (solMass)          (F7.2)  Final mass (1) [ucd=phys.mass]
#    El                    (a4)    Species i (2) [ucd=phys.atmol.element]
#    M(i)lost (solMass)    (D9.2)  Mass of species i lost in the wind [ucd=phys.mass]
#    M(i)lostall (solMass) (D9.2)  Total mass lost in the wind [ucd=phys.mass]
#----- ------ ------ ------ ---- --------- -----------
#M0                                                                 
#(sol         vel    M1 (so      M(i)lost  M(i)lostall
#Mass) Z0     (km/s) lMass) El   (solMass) (solMass)  
#----- ------ ------ ------ ---- --------- -----------
 13.00  -3.00 250.00   2.07    p  4.64e+00  1.09e+01
 13.00  -3.00 250.00   2.07   He  3.87e+00  1.09e+01
 13.00  -3.00 250.00   2.07    C  3.25e-01  1.09e+01
 13.00  -3.00 250.00   2.07    N  1.00e-01  1.09e+01
 13.00  -3.00 250.00   2.07    O  1.49e+00  1.09e+01
 13.00  -3.00 250.00   2.07    F  6.03e-05  1.09e+01
 13.00  -3.00 250.00   2.07   Ne  1.09e-01  1.09e+01
 13.00  -3.00 250.00   2.07   Mg  2.55e-02  1.09e+01
 13.00  -3.00 250.00   2.07   Si  1.11e-01  1.09e+01
 13.00  -3.00 250.00   2.07    S  6.54e-02  1.09e+01
 13.00  -3.00 250.00   2.07   Fe  7.31e-02  1.09e+01
 15.00  -3.00 250.00   2.33    p  5.17e+00  1.27e+01
 15.00  -3.00 250.00   2.33   He  4.48e+00  1.27e+01
 15.00  -3.00 250.00   2.33    C  4.08e-01  1.27e+01
 15.00  -3.00 250.00   2.33    N  1.06e-01  1.27e+01
 15.00  -3.00 250.00   2.33    O  1.88e+00  1.27e+01
 15.00  -3.00 250.00   2.33    F  5.44e-04  1.27e+01
 15.00  -3.00 250.00   2.33   Ne  1.06e-01  1.27e+01
 15.00  -3.00 250.00   2.33   Mg  2.30e-02  1.27e+01
 15.00  -3.00 250.00   2.33   Si  2.03e-01  1.27e+01
 15.00  -3.00 250.00   2.33    S  1.22e-01  1.27e+01
 15.00  -3.00 250.00   2.33   Fe  9.50e-02  1.27e+01
 20.00  -3.00 250.00   2.83    p  6.87e+00  1.72e+01
 20.00  -3.00 250.00   2.83   He  6.01e+00  1.72e+01
 20.00  -3.00 250.00   2.83    C  6.14e-01  1.72e+01
 20.00  -3.00 250.00   2.83    N  2.42e-02  1.72e+01
 20.00  -3.00 250.00   2.83    O  2.99e+00  1.72e+01
 20.00  -3.00 250.00   2.83    F  4.29e-04  1.72e+01
 20.00  -3.00 250.00   2.83   Ne  1.59e-01  1.72e+01
 20.00  -3.00 250.00   2.83   Mg  5.28e-02  1.72e+01
 20.00  -3.00 250.00   2.83   Si  1.87e-01  1.72e+01
 20.00  -3.00 250.00   2.83    S  7.89e-02  1.72e+01
 20.00  -3.00 250.00   2.83   Fe  7.28e-02  1.72e+01
 25.00  -3.00 250.00   3.37    p  8.08e+00  2.16e+01
 25.00  -3.00 250.00   3.37   He  5.80e+00  2.16e+01
 25.00  -3.00 250.00   3.37    C  8.81e-01  2.16e+01
 25.00  -3.00 250.00   3.37    N  3.74e-02  2.16e+01
 25.00  -3.00 250.00   3.37    O  5.49e+00  2.16e+01
 25.00  -3.00 250.00   3.37    F  5.68e-04  2.16e+01
 25.00  -3.00 250.00   3.37   Ne  7.20e-01  2.16e+01
 25.00  -3.00 250.00   3.37   Mg  1.44e-01  2.16e+01
 25.00  -3.00 250.00   3.37   Si  2.47e-01  2.16e+01
 25.00  -3.00 250.00   3.37    S  8.07e-02  2.16e+01
 25.00  -3.00 250.00   3.37   Fe  7.06e-02  2.16e+01
 30.00  -3.00 250.00  20.63    p  6.49e+00  9.37e+00
 30.00  -3.00 250.00  20.63   He  2.91e+00  9.37e+00
 30.00  -3.00 250.00  20.63    C  4.09e-06  9.37e+00
 30.00  -3.00 250.00  20.63    N  1.44e-04  9.37e+00
 30.00  -3.00 250.00  20.63    O  1.18e-04  9.37e+00
 30.00  -3.00 250.00  20.63    F  1.95e-09  9.37e+00
 30.00  -3.00 250.00  20.63   Ne  9.32e-06  9.37e+00
 30.00  -3.00 250.00  20.63   Mg  1.28e-05  9.37e+00
 30.00  -3.00 250.00  20.63   Si  1.67e-05  9.37e+00
 30.00  -3.00 250.00  20.63    S  6.55e-06  9.37e+00
 30.00  -3.00 250.00  20.63   Fe  1.22e-05  9.37e+00
 40.00  -3.00 250.00  24.53    p  1.11e+01  1.55e+01
 40.00  -3.00 250.00  24.53   He  4.36e+00  1.55e+01
 40.00  -3.00 250.00  24.53    C  4.02e-06  1.55e+01
 40.00  -3.00 250.00  24.53    N  1.83e-04  1.55e+01
 40.00  -3.00 250.00  24.53    O  2.03e-04  1.55e+01
 40.00  -3.00 250.00  24.53    F  4.36e-09  1.55e+01
 40.00  -3.00 250.00  24.53   Ne  1.61e-05  1.55e+01
 40.00  -3.00 250.00  24.53   Mg  2.05e-05  1.55e+01
 40.00  -3.00 250.00  24.53   Si  2.73e-05  1.55e+01
 40.00  -3.00 250.00  24.53    S  1.08e-05  1.55e+01
 40.00  -3.00 250.00  24.53   Fe  2.01e-05  1.55e+01
 60.00  -3.00 250.00  39.43    p  1.47e+01  2.06e+01
 60.00  -3.00 250.00  39.43   He  5.91e+00  2.06e+01
 60.00  -3.00 250.00  39.43    C  6.15e-06  2.06e+01
 60.00  -3.00 250.00  39.43    N  2.61e-04  2.06e+01
 60.00  -3.00 250.00  39.43    O  2.50e-04  2.06e+01
 60.00  -3.00 250.00  39.43    F  5.34e-09  2.06e+01
 60.00  -3.00 250.00  39.43   Ne  2.05e-05  2.06e+01
 60.00  -3.00 250.00  39.43   Mg  2.68e-05  2.06e+01
 60.00  -3.00 250.00  39.43   Si  3.74e-05  2.06e+01
 60.00  -3.00 250.00  39.43    S  1.43e-05  2.06e+01
 60.00  -3.00 250.00  39.43   Fe  2.68e-05  2.06e+01
 80.00  -3.00 250.00  53.10    p  1.79e+01  2.69e+01
 80.00  -3.00 250.00  53.10   He  8.99e+00  2.69e+01
 80.00  -3.00 250.00  53.10    C  9.86e-04  2.69e+01
 80.00  -3.00 250.00  53.10    N  1.44e-02  2.69e+01
 80.00  -3.00 250.00  53.10    O  3.97e-03  2.69e+01
 80.00  -3.00 250.00  53.10    F  7.45e-09  2.69e+01
 80.00  -3.00 250.00  53.10   Ne  5.47e-05  2.69e+01
 80.00  -3.00 250.00  53.10   Mg  3.15e-05  2.69e+01
 80.00  -3.00 250.00  53.10   Si  5.65e-05  2.69e+01
 80.00  -3.00 250.00  53.10    S  1.88e-05  2.69e+01
 80.00  -3.00 250.00  53.10   Fe  3.50e-05  2.69e+01
120.00  -3.00 250.00  80.13    p  2.34e+01  3.99e+01
120.00  -3.00 250.00  80.13   He  1.65e+01  3.99e+01
120.00  -3.00 250.00  80.13    C  2.69e-05  3.99e+01
120.00  -3.00 250.00  80.13    N  1.25e-03  3.99e+01
120.00  -3.00 250.00  80.13    O  2.87e-04  3.99e+01
120.00  -3.00 250.00  80.13    F  5.88e-09  3.99e+01
120.00  -3.00 250.00  80.13   Ne  2.78e-05  3.99e+01
120.00  -3.00 250.00  80.13   Mg  3.41e-05  3.99e+01
120.00  -3.00 250.00  80.13   Si  1.06e-04  3.99e+01
120.00  -3.00 250.00  80.13    S  2.78e-05  3.99e+01
120.00  -3.00 250.00  80.13   Fe  5.19e-05  3.99e+01
