#---Details of Columns:
#    M0 (solMass)          (F6.2)  [1/6.5] Initial mass [ucd=phys.mass]
#    [Fe/H]                (F7.2)  Initial metallicity [ucd=phys.abund.Z]
#    vel (km/s)            (F7.2)  Initial rotation [ucd=phys.mass]
#    M1 (solMass)          (F7.2)  Final mass (1) [ucd=phys.mass]
#    El                    (a4)    Species i (2) [ucd=phys.atmol.element]
#    M(i)lost (solMass)    (D9.2)  Mass of species i lost in the wind [ucd=phys.mass]
#    M(i)lostall (solMass) (D9.2)  Total mass lost in the wind [ucd=phys.mass]
#----- ------ ------ ------ ---- --------- -----------
#M0                                                                 
#(sol         vel    M1 (so      M(i)lost  M(i)lostall
#Mass) Z0     (km/s) lMass) El   (solMass) (solMass)  
#----- ------ ------ ------ ---- --------- -----------
 13.00  -1.00 300.00   2.33    p  4.36e+00  1.07e+01
 13.00  -1.00 300.00   2.33   He  3.62e+00  1.07e+01
 13.00  -1.00 300.00   2.33    C  1.53e-01  1.07e+01
 13.00  -1.00 300.00   2.33    N  5.20e-02  1.07e+01
 13.00  -1.00 300.00   2.33    O  1.29e+00  1.07e+01
 13.00  -1.00 300.00   2.33    F  2.20e-05  1.07e+01
 13.00  -1.00 300.00   2.33   Ne  1.18e-01  1.07e+01
 13.00  -1.00 300.00   2.33   Mg  5.41e-02  1.07e+01
 13.00  -1.00 300.00   2.33   Si  3.70e-01  1.07e+01
 13.00  -1.00 300.00   2.33    S  3.07e-01  1.07e+01
 13.00  -1.00 300.00   2.33   Fe  1.04e-01  1.07e+01
 15.00  -1.00 300.00   2.35    p  4.86e+00  1.26e+01
 15.00  -1.00 300.00   2.35   He  4.27e+00  1.26e+01
 15.00  -1.00 300.00   2.35    C  2.10e-01  1.26e+01
 15.00  -1.00 300.00   2.35    N  6.49e-02  1.26e+01
 15.00  -1.00 300.00   2.35    O  1.70e+00  1.26e+01
 15.00  -1.00 300.00   2.35    F  1.15e-04  1.26e+01
 15.00  -1.00 300.00   2.35   Ne  1.30e-01  1.26e+01
 15.00  -1.00 300.00   2.35   Mg  5.37e-02  1.26e+01
 15.00  -1.00 300.00   2.35   Si  4.74e-01  1.26e+01
 15.00  -1.00 300.00   2.35    S  4.25e-01  1.26e+01
 15.00  -1.00 300.00   2.35   Fe  9.03e-02  1.26e+01
 20.00  -1.00 300.00   2.98    p  6.15e+00  1.70e+01
 20.00  -1.00 300.00   2.98   He  6.20e+00  1.70e+01
 20.00  -1.00 300.00   2.98    C  6.63e-01  1.70e+01
 20.00  -1.00 300.00   2.98    N  5.19e-02  1.70e+01
 20.00  -1.00 300.00   2.98    O  3.17e+00  1.70e+01
 20.00  -1.00 300.00   2.98    F  2.66e-04  1.70e+01
 20.00  -1.00 300.00   2.98   Ne  2.08e-01  1.70e+01
 20.00  -1.00 300.00   2.98   Mg  7.17e-02  1.70e+01
 20.00  -1.00 300.00   2.98   Si  1.95e-01  1.70e+01
 20.00  -1.00 300.00   2.98    S  8.69e-02  1.70e+01
 20.00  -1.00 300.00   2.98   Fe  7.66e-02  1.70e+01
 25.00  -1.00 300.00   3.21    p  7.52e+00  2.18e+01
 25.00  -1.00 300.00   3.21   He  6.14e+00  2.18e+01
 25.00  -1.00 300.00   3.21    C  9.12e-01  2.18e+01
 25.00  -1.00 300.00   3.21    N  4.18e-02  2.18e+01
 25.00  -1.00 300.00   3.21    O  5.59e+00  2.18e+01
 25.00  -1.00 300.00   3.21    F  1.03e-03  2.18e+01
 25.00  -1.00 300.00   3.21   Ne  8.79e-01  2.18e+01
 25.00  -1.00 300.00   3.21   Mg  1.66e-01  2.18e+01
 25.00  -1.00 300.00   3.21   Si  2.56e-01  2.18e+01
 25.00  -1.00 300.00   3.21    S  8.99e-02  2.18e+01
 25.00  -1.00 300.00   3.21   Fe  7.37e-02  2.18e+01
 30.00  -1.00 300.00  15.95    p  8.08e+00  1.41e+01
 30.00  -1.00 300.00  15.95   He  5.92e+00  1.41e+01
 30.00  -1.00 300.00  15.95    C  9.07e-04  1.41e+01
 30.00  -1.00 300.00  15.95    N  2.94e-02  1.41e+01
 30.00  -1.00 300.00  15.95    O  1.38e-02  1.41e+01
 30.00  -1.00 300.00  15.95    F  1.57e-07  1.41e+01
 30.00  -1.00 300.00  15.95   Ne  1.66e-03  1.41e+01
 30.00  -1.00 300.00  15.95   Mg  1.73e-03  1.41e+01
 30.00  -1.00 300.00  15.95   Si  2.42e-03  1.41e+01
 30.00  -1.00 300.00  15.95    S  9.80e-04  1.41e+01
 30.00  -1.00 300.00  15.95   Fe  1.83e-03  1.41e+01
 40.00  -1.00 300.00  20.69    p  1.06e+01  1.93e+01
 40.00  -1.00 300.00  20.69   He  8.47e+00  1.93e+01
 40.00  -1.00 300.00  20.69    C  9.48e-02  1.93e+01
 40.00  -1.00 300.00  20.69    N  8.92e-02  1.93e+01
 40.00  -1.00 300.00  20.69    O  7.62e-02  1.93e+01
 40.00  -1.00 300.00  20.69    F  2.79e-07  1.93e+01
 40.00  -1.00 300.00  20.69   Ne  3.48e-03  1.93e+01
 40.00  -1.00 300.00  20.69   Mg  2.37e-03  1.93e+01
 40.00  -1.00 300.00  20.69   Si  3.33e-03  1.93e+01
 40.00  -1.00 300.00  20.69    S  1.35e-03  1.93e+01
 40.00  -1.00 300.00  20.69   Fe  2.51e-03  1.93e+01
 60.00  -1.00 300.00  27.53    p  1.46e+01  3.25e+01
 60.00  -1.00 300.00  27.53   He  1.64e+01  3.25e+01
 60.00  -1.00 300.00  27.53    C  1.16e+00  3.25e+01
 60.00  -1.00 300.00  27.53    N  6.01e-02  3.25e+01
 60.00  -1.00 300.00  27.53    O  2.05e-01  3.25e+01
 60.00  -1.00 300.00  27.53    F  3.14e-06  3.25e+01
 60.00  -1.00 300.00  27.53   Ne  1.80e-02  3.25e+01
 60.00  -1.00 300.00  27.53   Mg  3.87e-03  3.25e+01
 60.00  -1.00 300.00  27.53   Si  5.60e-03  3.25e+01
 60.00  -1.00 300.00  27.53    S  2.26e-03  3.25e+01
 60.00  -1.00 300.00  27.53   Fe  4.22e-03  3.25e+01
 80.00  -1.00 300.00  32.07    p  1.86e+01  4.79e+01
 80.00  -1.00 300.00  32.07   He  2.75e+01  4.79e+01
 80.00  -1.00 300.00  32.07    C  1.45e+00  4.79e+01
 80.00  -1.00 300.00  32.07    N  6.70e-02  4.79e+01
 80.00  -1.00 300.00  32.07    O  2.31e-01  4.79e+01
 80.00  -1.00 300.00  32.07    F  6.11e-06  4.79e+01
 80.00  -1.00 300.00  32.07   Ne  2.61e-02  4.79e+01
 80.00  -1.00 300.00  32.07   Mg  5.58e-03  4.79e+01
 80.00  -1.00 300.00  32.07   Si  8.27e-03  4.79e+01
 80.00  -1.00 300.00  32.07    S  3.34e-03  4.79e+01
 80.00  -1.00 300.00  32.07   Fe  6.23e-03  4.79e+01
120.00  -1.00 300.00  40.49    p  2.63e+01  7.95e+01
120.00  -1.00 300.00  40.49   He  5.07e+01  7.95e+01
120.00  -1.00 300.00  40.49    C  1.95e+00  7.95e+01
120.00  -1.00 300.00  40.49    N  1.24e-01  7.95e+01
120.00  -1.00 300.00  40.49    O  3.05e-01  7.95e+01
120.00  -1.00 300.00  40.49    F  8.17e-06  7.95e+01
120.00  -1.00 300.00  40.49   Ne  3.78e-02  7.95e+01
120.00  -1.00 300.00  40.49   Mg  9.04e-03  7.95e+01
120.00  -1.00 300.00  40.49   Si  1.37e-02  7.95e+01
120.00  -1.00 300.00  40.49    S  5.54e-03  7.95e+01
120.00  -1.00 300.00  40.49   Fe  1.03e-02  7.95e+01
