#---Details of Columns:
#    M0 (solMass)          (F6.2)  [1/6.5] Initial mass [ucd=phys.mass]
#    [Fe/H]                (F7.2)  Initial metallicity [ucd=phys.abund.Z]
#    vel (km/s)            (F7.2)  Initial rotation [ucd=phys.mass]
#    M1 (solMass)          (F7.2)  Final mass (1) [ucd=phys.mass]
#    El                    (a4)    Species i (2) [ucd=phys.atmol.element]
#    M(i)lost (solMass)    (D9.2)  Mass of species i lost in the wind [ucd=phys.mass]
#    M(i)lostall (solMass) (D9.2)  Total mass lost in the wind [ucd=phys.mass]
#----- ------ ------ ------ ---- --------- -----------
#M0                                                                 
#(sol         vel    M1 (so      M(i)lost  M(i)lostall
#Mass) Z0     (km/s) lMass) El   (solMass) (solMass)  
#----- ------ ------ ------ ---- --------- -----------
 13.00  -0.60 150.00   2.20    p  4.75e+00  1.08e+01
 13.00  -0.60 150.00   2.20   He  3.92e+00  1.08e+01
 13.00  -0.60 150.00   2.20    C  3.16e-01  1.08e+01
 13.00  -0.60 150.00   2.20    N  7.01e-02  1.08e+01
 13.00  -0.60 150.00   2.20    O  1.26e+00  1.08e+01
 13.00  -0.60 150.00   2.20    F  2.08e-05  1.08e+01
 13.00  -0.60 150.00   2.20   Ne  8.22e-02  1.08e+01
 13.00  -0.60 150.00   2.20   Mg  1.85e-02  1.08e+01
 13.00  -0.60 150.00   2.20   Si  1.44e-01  1.08e+01
 13.00  -0.60 150.00   2.20    S  1.35e-01  1.08e+01
 13.00  -0.60 150.00   2.20   Fe  7.65e-02  1.08e+01
 15.00  -0.60 150.00   2.40    p  5.21e+00  1.26e+01
 15.00  -0.60 150.00   2.40   He  4.50e+00  1.26e+01
 15.00  -0.60 150.00   2.40    C  4.06e-01  1.26e+01
 15.00  -0.60 150.00   2.40    N  9.54e-02  1.26e+01
 15.00  -0.60 150.00   2.40    O  1.91e+00  1.26e+01
 15.00  -0.60 150.00   2.40    F  8.81e-05  1.26e+01
 15.00  -0.60 150.00   2.40   Ne  1.31e-01  1.26e+01
 15.00  -0.60 150.00   2.40   Mg  4.00e-02  1.26e+01
 15.00  -0.60 150.00   2.40   Si  1.14e-01  1.26e+01
 15.00  -0.60 150.00   2.40    S  6.64e-02  1.26e+01
 15.00  -0.60 150.00   2.40   Fe  8.10e-02  1.26e+01
 20.00  -0.60 150.00   3.00    p  6.27e+00  1.70e+01
 20.00  -0.60 150.00   3.00   He  5.97e+00  1.70e+01
 20.00  -0.60 150.00   3.00    C  6.02e-01  1.70e+01
 20.00  -0.60 150.00   3.00    N  1.36e-01  1.70e+01
 20.00  -0.60 150.00   3.00    O  3.35e+00  1.70e+01
 20.00  -0.60 150.00   3.00    F  4.22e-04  1.70e+01
 20.00  -0.60 150.00   3.00   Ne  2.03e-01  1.70e+01
 20.00  -0.60 150.00   3.00   Mg  6.72e-02  1.70e+01
 20.00  -0.60 150.00   3.00   Si  2.24e-01  1.70e+01
 20.00  -0.60 150.00   3.00    S  8.38e-02  1.70e+01
 20.00  -0.60 150.00   3.00   Fe  7.60e-02  1.70e+01
 25.00  -0.60 150.00   2.80    p  7.85e+00  2.22e+01
 25.00  -0.60 150.00   2.80   He  7.44e+00  2.22e+01
 25.00  -0.60 150.00   2.80    C  7.14e-01  2.22e+01
 25.00  -0.60 150.00   2.80    N  8.52e-02  2.22e+01
 25.00  -0.60 150.00   2.80    O  4.89e+00  2.22e+01
 25.00  -0.60 150.00   2.80    F  5.06e-04  2.22e+01
 25.00  -0.60 150.00   2.80   Ne  6.72e-01  2.22e+01
 25.00  -0.60 150.00   2.80   Mg  1.46e-01  2.22e+01
 25.00  -0.60 150.00   2.80   Si  2.21e-01  2.22e+01
 25.00  -0.60 150.00   2.80    S  7.68e-02  2.22e+01
 25.00  -0.60 150.00   2.80   Fe  7.68e-02  2.22e+01
 30.00  -0.60 150.00   3.69    p  9.19e+00  2.63e+01
 30.00  -0.60 150.00   3.69   He  9.13e+00  2.63e+01
 30.00  -0.60 150.00   3.69    C  1.01e+00  2.63e+01
 30.00  -0.60 150.00   3.69    N  3.43e-02  2.63e+01
 30.00  -0.60 150.00   3.69    O  5.84e+00  2.63e+01
 30.00  -0.60 150.00   3.69    F  2.47e-04  2.63e+01
 30.00  -0.60 150.00   3.69   Ne  5.25e-01  2.63e+01
 30.00  -0.60 150.00   3.69   Mg  1.39e-01  2.63e+01
 30.00  -0.60 150.00   3.69   Si  2.74e-01  2.63e+01
 30.00  -0.60 150.00   3.69    S  1.11e-01  2.63e+01
 30.00  -0.60 150.00   3.69   Fe  7.75e-02  2.63e+01
 40.00  -0.60 150.00   4.88    p  1.10e+01  3.51e+01
 40.00  -0.60 150.00   4.88   He  9.33e+00  3.51e+01
 40.00  -0.60 150.00   4.88    C  1.95e+00  3.51e+01
 40.00  -0.60 150.00   4.88    N  5.51e-02  3.51e+01
 40.00  -0.60 150.00   4.88    O  1.06e+01  3.51e+01
 40.00  -0.60 150.00   4.88    F  5.09e-05  3.51e+01
 40.00  -0.60 150.00   4.88   Ne  1.01e+00  3.51e+01
 40.00  -0.60 150.00   4.88   Mg  3.42e-01  3.51e+01
 40.00  -0.60 150.00   4.88   Si  4.91e-01  3.51e+01
 40.00  -0.60 150.00   4.88    S  1.88e-01  3.51e+01
 40.00  -0.60 150.00   4.88   Fe  7.86e-02  3.51e+01
 60.00  -0.60 150.00   5.49    p  1.57e+01  5.45e+01
 60.00  -0.60 150.00   5.49   He  1.74e+01  5.45e+01
 60.00  -0.60 150.00   5.49    C  3.88e+00  5.45e+01
 60.00  -0.60 150.00   5.49    N  5.01e-02  5.45e+01
 60.00  -0.60 150.00   5.49    O  1.40e+01  5.45e+01
 60.00  -0.60 150.00   5.49    F  4.26e-06  5.45e+01
 60.00  -0.60 150.00   5.49   Ne  1.89e+00  5.45e+01
 60.00  -0.60 150.00   5.49   Mg  5.56e-01  5.45e+01
 60.00  -0.60 150.00   5.49   Si  6.53e-01  5.45e+01
 60.00  -0.60 150.00   5.49    S  2.24e-01  5.45e+01
 60.00  -0.60 150.00   5.49   Fe  8.32e-02  5.45e+01
 80.00  -0.60 150.00   8.86    p  1.89e+01  7.11e+01
 80.00  -0.60 150.00   8.86   He  2.21e+01  7.11e+01
 80.00  -0.60 150.00   8.86    C  5.46e+00  7.11e+01
 80.00  -0.60 150.00   8.86    N  6.15e-02  7.11e+01
 80.00  -0.60 150.00   8.86    O  2.02e+01  7.11e+01
 80.00  -0.60 150.00   8.86    F  3.87e-06  7.11e+01
 80.00  -0.60 150.00   8.86   Ne  2.06e+00  7.11e+01
 80.00  -0.60 150.00   8.86   Mg  8.80e-01  7.11e+01
 80.00  -0.60 150.00   8.86   Si  1.08e+00  7.11e+01
 80.00  -0.60 150.00   8.86    S  3.47e-01  7.11e+01
 80.00  -0.60 150.00   8.86   Fe  8.55e-02  7.11e+01
120.00  -0.60 150.00   8.96    p  2.52e+01  1.11e+02
120.00  -0.60 150.00   8.96   He  5.11e+01  1.11e+02
120.00  -0.60 150.00   8.96    C  6.51e+00  1.11e+02
120.00  -0.60 150.00   8.96    N  1.28e-01  1.11e+02
120.00  -0.60 150.00   8.96    O  2.31e+01  1.11e+02
120.00  -0.60 150.00   8.96    F  6.87e-06  1.11e+02
120.00  -0.60 150.00   8.96   Ne  2.13e+00  1.11e+02
120.00  -0.60 150.00   8.96   Mg  1.41e+00  1.11e+02
120.00  -0.60 150.00   8.96   Si  1.30e+00  1.11e+02
120.00  -0.60 150.00   8.96    S  4.23e-01  1.11e+02
120.00  -0.60 150.00   8.96   Fe  9.43e-02  1.11e+02
