#---Details of Columns:
#    M0 (solMass)          (F6.2)  [1/6.5] Initial mass [ucd=phys.mass]
#    [Fe/H]                (F7.2)  Initial metallicity [ucd=phys.abund.Z]
#    vel (km/s)            (F7.2)  Initial rotation [ucd=phys.mass]
#    M1 (solMass)          (F7.2)  Final mass (1) [ucd=phys.mass]
#    El                    (a4)    Species i (2) [ucd=phys.atmol.element]
#    M(i)lost (solMass)    (D9.2)  Mass of species i lost in the wind [ucd=phys.mass]
#    M(i)lostall (solMass) (D9.2)  Total mass lost in the wind [ucd=phys.mass]
#----- ------ ------ ------ ---- --------- -----------
#M0                                                                 
#(sol         vel    M1 (so      M(i)lost  M(i)lostall
#Mass) Z0     (km/s) lMass) El   (solMass) (solMass)  
#----- ------ ------ ------ ---- --------- -----------
 13.00  -0.00   0.00   1.50    p  6.16e+00  1.15e+01
 13.00  -0.00   0.00   1.50   He  4.63e+00  1.15e+01
 13.00  -0.00   0.00   1.50    C  1.14e-01  1.15e+01
 13.00  -0.00   0.00   1.50    N  3.31e-02  1.15e+01
 13.00  -0.00   0.00   1.50    O  2.43e-01  1.15e+01
 13.00  -0.00   0.00   1.50    F  3.68e-06  1.15e+01
 13.00  -0.00   0.00   1.50   Ne  4.56e-02  1.15e+01
 13.00  -0.00   0.00   1.50   Mg  2.18e-02  1.15e+01
 13.00  -0.00   0.00   1.50   Si  6.96e-02  1.15e+01
 13.00  -0.00   0.00   1.50    S  2.90e-02  1.15e+01
 13.00  -0.00   0.00   1.50   Fe  8.76e-02  1.15e+01
 15.00  -0.00   0.00   1.70    p  6.89e+00  1.33e+01
 15.00  -0.00   0.00   1.70   He  5.12e+00  1.33e+01
 15.00  -0.00   0.00   1.70    C  2.21e-01  1.33e+01
 15.00  -0.00   0.00   1.70    N  3.66e-02  1.33e+01
 15.00  -0.00   0.00   1.70    O  5.82e-01  1.33e+01
 15.00  -0.00   0.00   1.70    F  4.07e-06  1.33e+01
 15.00  -0.00   0.00   1.70   Ne  1.41e-01  1.33e+01
 15.00  -0.00   0.00   1.70   Mg  4.72e-02  1.33e+01
 15.00  -0.00   0.00   1.70   Si  1.12e-01  1.33e+01
 15.00  -0.00   0.00   1.70    S  4.39e-02  1.33e+01
 15.00  -0.00   0.00   1.70   Fe  9.14e-02  1.33e+01
 20.00  -0.00   0.00   1.70    p  8.56e+00  1.83e+01
 20.00  -0.00   0.00   1.70   He  7.16e+00  1.83e+01
 20.00  -0.00   0.00   1.70    C  4.09e-01  1.83e+01
 20.00  -0.00   0.00   1.70    N  4.37e-02  1.83e+01
 20.00  -0.00   0.00   1.70    O  1.25e+00  1.83e+01
 20.00  -0.00   0.00   1.70    F  5.46e-06  1.83e+01
 20.00  -0.00   0.00   1.70   Ne  4.20e-01  1.83e+01
 20.00  -0.00   0.00   1.70   Mg  1.31e-01  1.83e+01
 20.00  -0.00   0.00   1.70   Si  1.50e-01  1.83e+01
 20.00  -0.00   0.00   1.70    S  4.76e-02  1.83e+01
 20.00  -0.00   0.00   1.70   Fe  9.82e-02  1.83e+01
 25.00  -0.00   0.00   2.00    p  1.01e+01  2.30e+01
 25.00  -0.00   0.00   2.00   He  8.33e+00  2.30e+01
 25.00  -0.00   0.00   2.00    C  6.19e-01  2.30e+01
 25.00  -0.00   0.00   2.00    N  5.94e-02  2.30e+01
 25.00  -0.00   0.00   2.00    O  2.47e+00  2.30e+01
 25.00  -0.00   0.00   2.00    F  6.23e-06  2.30e+01
 25.00  -0.00   0.00   2.00   Ne  8.88e-01  2.30e+01
 25.00  -0.00   0.00   2.00   Mg  1.60e-01  2.30e+01
 25.00  -0.00   0.00   2.00   Si  1.34e-01  2.30e+01
 25.00  -0.00   0.00   2.00    S  5.16e-02  2.30e+01
 25.00  -0.00   0.00   2.00   Fe  9.98e-02  2.30e+01
 30.00  -0.00   0.00  10.80    p  1.16e+01  1.92e+01
 30.00  -0.00   0.00  10.80   He  7.34e+00  1.92e+01
 30.00  -0.00   0.00  10.80    C  2.50e-02  1.92e+01
 30.00  -0.00   0.00  10.80    N  6.78e-02  1.92e+01
 30.00  -0.00   0.00  10.80    O  7.38e-02  1.92e+01
 30.00  -0.00   0.00  10.80    F  6.22e-06  1.92e+01
 30.00  -0.00   0.00  10.80   Ne  2.33e-02  1.92e+01
 30.00  -0.00   0.00  10.80   Mg  1.36e-02  1.92e+01
 30.00  -0.00   0.00  10.80   Si  1.28e-02  1.92e+01
 30.00  -0.00   0.00  10.80    S  5.97e-03  1.92e+01
 30.00  -0.00   0.00  10.80   Fe  2.49e-02  1.92e+01
 40.00  -0.00   0.00  14.10    p  1.45e+01  2.59e+01
 40.00  -0.00   0.00  14.10   He  1.10e+01  2.59e+01
 40.00  -0.00   0.00  14.10    C  3.19e-02  2.59e+01
 40.00  -0.00   0.00  14.10    N  1.05e-01  2.59e+01
 40.00  -0.00   0.00  14.10    O  8.73e-02  2.59e+01
 40.00  -0.00   0.00  14.10    F  7.33e-06  2.59e+01
 40.00  -0.00   0.00  14.10   Ne  3.11e-02  2.59e+01
 40.00  -0.00   0.00  14.10   Mg  1.83e-02  2.59e+01
 40.00  -0.00   0.00  14.10   Si  1.73e-02  2.59e+01
 40.00  -0.00   0.00  14.10    S  8.05e-03  2.59e+01
 40.00  -0.00   0.00  14.10   Fe  3.37e-02  2.59e+01
 60.00  -0.00   0.00  17.00    p  2.05e+01  4.30e+01
 60.00  -0.00   0.00  17.00   He  2.16e+01  4.30e+01
 60.00  -0.00   0.00  17.00    C  3.98e-01  4.30e+01
 60.00  -0.00   0.00  17.00    N  2.08e-01  4.30e+01
 60.00  -0.00   0.00  17.00    O  1.49e-01  4.30e+01
 60.00  -0.00   0.00  17.00    F  1.36e-05  4.30e+01
 60.00  -0.00   0.00  17.00   Ne  6.55e-02  4.30e+01
 60.00  -0.00   0.00  17.00   Mg  3.02e-02  4.30e+01
 60.00  -0.00   0.00  17.00   Si  2.88e-02  4.30e+01
 60.00  -0.00   0.00  17.00    S  1.34e-02  4.30e+01
 60.00  -0.00   0.00  17.00   Fe  5.60e-02  4.30e+01
 80.00  -0.00   0.00  22.70    p  2.52e+01  5.73e+01
 80.00  -0.00   0.00  22.70   He  3.01e+01  5.73e+01
 80.00  -0.00   0.00  22.70    C  1.12e+00  5.73e+01
 80.00  -0.00   0.00  22.70    N  2.86e-01  5.73e+01
 80.00  -0.00   0.00  22.70    O  2.42e-01  5.73e+01
 80.00  -0.00   0.00  22.70    F  1.53e-05  5.73e+01
 80.00  -0.00   0.00  22.70   Ne  1.14e-01  5.73e+01
 80.00  -0.00   0.00  22.70   Mg  4.00e-02  5.73e+01
 80.00  -0.00   0.00  22.70   Si  3.84e-02  5.73e+01
 80.00  -0.00   0.00  22.70    S  1.78e-02  5.73e+01
 80.00  -0.00   0.00  22.70   Fe  7.45e-02  5.73e+01
120.00  -0.00   0.00  27.90    p  3.67e+01  9.21e+01
120.00  -0.00   0.00  27.90   He  5.20e+01  9.21e+01
120.00  -0.00   0.00  27.90    C  2.02e+00  9.21e+01
120.00  -0.00   0.00  27.90    N  4.98e-01  9.21e+01
120.00  -0.00   0.00  27.90    O  3.68e-01  9.21e+01
120.00  -0.00   0.00  27.90    F  2.54e-05  9.21e+01
120.00  -0.00   0.00  27.90   Ne  2.08e-01  9.21e+01
120.00  -0.00   0.00  27.90   Mg  6.39e-02  9.21e+01
120.00  -0.00   0.00  27.90   Si  6.17e-02  9.21e+01
120.00  -0.00   0.00  27.90    S  2.87e-02  9.21e+01
120.00  -0.00   0.00  27.90   Fe  1.20e-01  9.21e+01
