#---Details of Columns:
#    M0 (solMass)          (F6.2)  [1/6.5] Initial mass [ucd=phys.mass]
#    [Fe/H]                (F7.2)  Initial metallicity [ucd=phys.abund.Z]
#    vel (km/s)            (F7.2)  Initial rotation [ucd=phys.mass]
#    M1 (solMass)          (F7.2)  Final mass (1) [ucd=phys.mass]
#    El                    (a4)    Species i (2) [ucd=phys.atmol.element]
#    M(i)lost (solMass)    (D9.2)  Mass of species i lost in the wind [ucd=phys.mass]
#    M(i)lostall (solMass) (D9.2)  Total mass lost in the wind [ucd=phys.mass]
#----- ------ ------ ------ ---- --------- -----------
#M0                                                                 
#(sol         vel    M1 (so      M(i)lost  M(i)lostall
#Mass) Z0     (km/s) lMass) El   (solMass) (solMass)  
#----- ------ ------ ------ ---- --------- -----------
 13.00  -0.60 100.00   1.93    p  5.24e+00  1.11e+01
 13.00  -0.60 100.00   1.93   He  4.13e+00  1.11e+01
 13.00  -0.60 100.00   1.93    C  2.55e-01  1.11e+01
 13.00  -0.60 100.00   1.93    N  4.86e-02  1.11e+01
 13.00  -0.60 100.00   1.93    O  9.20e-01  1.11e+01
 13.00  -0.60 100.00   1.93    F  1.40e-05  1.11e+01
 13.00  -0.60 100.00   1.93   Ne  7.23e-02  1.11e+01
 13.00  -0.60 100.00   1.93   Mg  1.98e-02  1.11e+01
 13.00  -0.60 100.00   1.93   Si  1.13e-01  1.11e+01
 13.00  -0.60 100.00   1.93    S  9.57e-02  1.11e+01
 13.00  -0.60 100.00   1.93   Fe  7.35e-02  1.11e+01
 15.00  -0.60 100.00   2.20    p  5.79e+00  1.28e+01
 15.00  -0.60 100.00   2.20   He  4.57e+00  1.28e+01
 15.00  -0.60 100.00   2.20    C  3.57e-01  1.28e+01
 15.00  -0.60 100.00   2.20    N  6.26e-02  1.28e+01
 15.00  -0.60 100.00   2.20    O  1.54e+00  1.28e+01
 15.00  -0.60 100.00   2.20    F  5.89e-05  1.28e+01
 15.00  -0.60 100.00   2.20   Ne  1.19e-01  1.28e+01
 15.00  -0.60 100.00   2.20   Mg  3.76e-02  1.28e+01
 15.00  -0.60 100.00   2.20   Si  1.12e-01  1.28e+01
 15.00  -0.60 100.00   2.20    S  5.67e-02  1.28e+01
 15.00  -0.60 100.00   2.20   Fe  7.70e-02  1.28e+01
 20.00  -0.60 100.00   2.60    p  7.07e+00  1.74e+01
 20.00  -0.60 100.00   2.60   He  6.28e+00  1.74e+01
 20.00  -0.60 100.00   2.60    C  5.36e-01  1.74e+01
 20.00  -0.60 100.00   2.60    N  8.53e-02  1.74e+01
 20.00  -0.60 100.00   2.60    O  2.64e+00  1.74e+01
 20.00  -0.60 100.00   2.60    F  2.82e-04  1.74e+01
 20.00  -0.60 100.00   2.60   Ne  2.95e-01  1.74e+01
 20.00  -0.60 100.00   2.60   Mg  8.49e-02  1.74e+01
 20.00  -0.60 100.00   2.60   Si  1.88e-01  1.74e+01
 20.00  -0.60 100.00   2.60    S  6.61e-02  1.74e+01
 20.00  -0.60 100.00   2.60   Fe  7.37e-02  1.74e+01
 25.00  -0.60 100.00   2.80    p  8.60e+00  2.22e+01
 25.00  -0.60 100.00   2.80   He  7.53e+00  2.22e+01
 25.00  -0.60 100.00   2.80    C  7.04e-01  2.22e+01
 25.00  -0.60 100.00   2.80    N  5.38e-02  2.22e+01
 25.00  -0.60 100.00   2.80    O  4.11e+00  2.22e+01
 25.00  -0.60 100.00   2.80    F  3.39e-04  2.22e+01
 25.00  -0.60 100.00   2.80   Ne  6.07e-01  2.22e+01
 25.00  -0.60 100.00   2.80   Mg  1.28e-01  2.22e+01
 25.00  -0.60 100.00   2.80   Si  2.08e-01  2.22e+01
 25.00  -0.60 100.00   2.80    S  6.96e-02  2.22e+01
 25.00  -0.60 100.00   2.80   Fe  7.41e-02  2.22e+01
 30.00  -0.60 100.00  26.50    p  2.28e+00  3.50e+00
 30.00  -0.60 100.00  26.50   He  1.21e+00  3.50e+00
 30.00  -0.60 100.00  26.50    C  3.47e-03  3.50e+00
 30.00  -0.60 100.00  26.50    N  3.90e-03  3.50e+00
 30.00  -0.60 100.00  26.50    O  5.73e-03  3.50e+00
 30.00  -0.60 100.00  26.50    F  1.72e-07  3.50e+00
 30.00  -0.60 100.00  26.50   Ne  7.44e-04  3.50e+00
 30.00  -0.60 100.00  26.50   Mg  5.73e-04  3.50e+00
 30.00  -0.60 100.00  26.50   Si  7.19e-04  3.50e+00
 30.00  -0.60 100.00  26.50    S  3.01e-04  3.50e+00
 30.00  -0.60 100.00  26.50   Fe  7.30e-04  3.50e+00
 40.00  -0.60 100.00  23.64    p  1.00e+01  1.64e+01
 40.00  -0.60 100.00  23.64   He  6.23e+00  1.64e+01
 40.00  -0.60 100.00  23.64    C  6.52e-03  1.64e+01
 40.00  -0.60 100.00  23.64    N  2.37e-02  1.64e+01
 40.00  -0.60 100.00  23.64    O  1.68e-02  1.64e+01
 40.00  -0.60 100.00  23.64    F  3.47e-07  1.64e+01
 40.00  -0.60 100.00  23.64   Ne  2.36e-03  1.64e+01
 40.00  -0.60 100.00  23.64   Mg  2.20e-03  1.64e+01
 40.00  -0.60 100.00  23.64   Si  2.98e-03  1.64e+01
 40.00  -0.60 100.00  23.64    S  1.22e-03  1.64e+01
 40.00  -0.60 100.00  23.64   Fe  2.51e-03  1.64e+01
 60.00  -0.60 100.00  31.44    p  1.45e+01  2.86e+01
 60.00  -0.60 100.00  31.44   He  1.32e+01  2.86e+01
 60.00  -0.60 100.00  31.44    C  6.70e-01  2.86e+01
 60.00  -0.60 100.00  31.44    N  3.86e-02  2.86e+01
 60.00  -0.60 100.00  31.44    O  1.17e-01  2.86e+01
 60.00  -0.60 100.00  31.44    F  2.66e-06  2.86e+01
 60.00  -0.60 100.00  31.44   Ne  1.27e-02  2.86e+01
 60.00  -0.60 100.00  31.44   Mg  3.73e-03  2.86e+01
 60.00  -0.60 100.00  31.44   Si  5.18e-03  2.86e+01
 60.00  -0.60 100.00  31.44    S  2.11e-03  2.86e+01
 60.00  -0.60 100.00  31.44   Fe  4.32e-03  2.86e+01
 80.00  -0.60 100.00  38.19    p  2.03e+01  4.18e+01
 80.00  -0.60 100.00  38.19   He  1.99e+01  4.18e+01
 80.00  -0.60 100.00  38.19    C  1.23e+00  4.18e+01
 80.00  -0.60 100.00  38.19    N  5.85e-02  4.18e+01
 80.00  -0.60 100.00  38.19    O  2.42e-01  4.18e+01
 80.00  -0.60 100.00  38.19    F  2.73e-06  4.18e+01
 80.00  -0.60 100.00  38.19   Ne  2.00e-02  4.18e+01
 80.00  -0.60 100.00  38.19   Mg  5.43e-03  4.18e+01
 80.00  -0.60 100.00  38.19   Si  7.56e-03  4.18e+01
 80.00  -0.60 100.00  38.19    S  3.09e-03  4.18e+01
 80.00  -0.60 100.00  38.19   Fe  6.24e-03  4.18e+01
120.00  -0.60 100.00  45.14    p  2.73e+01  7.49e+01
120.00  -0.60 100.00  45.14   He  4.57e+01  7.49e+01
120.00  -0.60 100.00  45.14    C  1.37e+00  7.49e+01
120.00  -0.60 100.00  45.14    N  1.22e-01  7.49e+01
120.00  -0.60 100.00  45.14    O  2.53e-01  7.49e+01
120.00  -0.60 100.00  45.14    F  5.03e-06  7.49e+01
120.00  -0.60 100.00  45.14   Ne  2.92e-02  7.49e+01
120.00  -0.60 100.00  45.14   Mg  9.26e-03  7.49e+01
120.00  -0.60 100.00  45.14   Si  1.34e-02  7.49e+01
120.00  -0.60 100.00  45.14    S  5.50e-03  7.49e+01
120.00  -0.60 100.00  45.14   Fe  1.11e-02  7.49e+01
