#---Details of Columns:
#    M0 (solMass)          (F6.2)  [1/6.5] Initial mass [ucd=phys.mass]
#    [Fe/H]                (F7.2)  Initial metallicity [ucd=phys.abund.Z]
#    vel (km/s)            (F7.2)  Initial rotation [ucd=phys.mass]
#    M1 (solMass)          (F7.2)  Final mass (1) [ucd=phys.mass]
#    El                    (a4)    Species i (2) [ucd=phys.atmol.element]
#    M(i)lost (solMass)    (D9.2)  Mass of species i lost in the wind [ucd=phys.mass]
#    M(i)lostall (solMass) (D9.2)  Total mass lost in the wind [ucd=phys.mass]
#----- ------ ------ ------ ---- --------- -----------
#M0                                                                 
#(sol         vel    M1 (so      M(i)lost  M(i)lostall
#Mass) Z0     (km/s) lMass) El   (solMass) (solMass)  
#----- ------ ------ ------ ---- --------- -----------
 13.00  -2.00 100.00   2.01    p  5.33e+00  1.10e+01
 13.00  -2.00 100.00   2.01   He  4.03e+00  1.10e+01
 13.00  -2.00 100.00   2.01    C  2.44e-01  1.10e+01
 13.00  -2.00 100.00   2.01    N  2.72e-02  1.10e+01
 13.00  -2.00 100.00   2.01    O  1.07e+00  1.10e+01
 13.00  -2.00 100.00   2.01    F  5.56e-05  1.10e+01
 13.00  -2.00 100.00   2.01   Ne  6.42e-02  1.10e+01
 13.00  -2.00 100.00   2.01   Mg  2.10e-02  1.10e+01
 13.00  -2.00 100.00   2.01   Si  7.25e-02  1.10e+01
 13.00  -2.00 100.00   2.01    S  2.82e-02  1.10e+01
 13.00  -2.00 100.00   2.01   Fe  7.05e-02  1.10e+01
 15.00  -2.00 100.00   2.12    p  5.97e+00  1.29e+01
 15.00  -2.00 100.00   2.12   He  4.54e+00  1.29e+01
 15.00  -2.00 100.00   2.12    C  3.42e-01  1.29e+01
 15.00  -2.00 100.00   2.12    N  2.27e-02  1.29e+01
 15.00  -2.00 100.00   2.12    O  1.50e+00  1.29e+01
 15.00  -2.00 100.00   2.12    F  6.89e-04  1.29e+01
 15.00  -2.00 100.00   2.12   Ne  7.07e-02  1.29e+01
 15.00  -2.00 100.00   2.12   Mg  1.71e-02  1.29e+01
 15.00  -2.00 100.00   2.12   Si  1.60e-01  1.29e+01
 15.00  -2.00 100.00   2.12    S  1.26e-01  1.29e+01
 15.00  -2.00 100.00   2.12   Fe  7.12e-02  1.29e+01
 20.00  -2.00 100.00   2.58    p  7.66e+00  1.74e+01
 20.00  -2.00 100.00   2.58   He  6.01e+00  1.74e+01
 20.00  -2.00 100.00   2.58    C  5.05e-01  1.74e+01
 20.00  -2.00 100.00   2.58    N  4.34e-02  1.74e+01
 20.00  -2.00 100.00   2.58    O  2.53e+00  1.74e+01
 20.00  -2.00 100.00   2.58    F  4.82e-04  1.74e+01
 20.00  -2.00 100.00   2.58   Ne  2.60e-01  1.74e+01
 20.00  -2.00 100.00   2.58   Mg  7.30e-02  1.74e+01
 20.00  -2.00 100.00   2.58   Si  1.52e-01  1.74e+01
 20.00  -2.00 100.00   2.58    S  5.33e-02  1.74e+01
 20.00  -2.00 100.00   2.58   Fe  7.08e-02  1.74e+01
 25.00  -2.00 100.00   2.81    p  9.23e+00  2.22e+01
 25.00  -2.00 100.00   2.81   He  7.22e+00  2.22e+01
 25.00  -2.00 100.00   2.81    C  6.69e-01  2.22e+01
 25.00  -2.00 100.00   2.81    N  3.63e-02  2.22e+01
 25.00  -2.00 100.00   2.81    O  3.92e+00  2.22e+01
 25.00  -2.00 100.00   2.81    F  1.25e-04  2.22e+01
 25.00  -2.00 100.00   2.81   Ne  5.80e-01  2.22e+01
 25.00  -2.00 100.00   2.81   Mg  1.21e-01  2.22e+01
 25.00  -2.00 100.00   2.81   Si  1.81e-01  2.22e+01
 25.00  -2.00 100.00   2.81    S  5.66e-02  2.22e+01
 25.00  -2.00 100.00   2.81   Fe  7.06e-02  2.22e+01
 30.00  -2.00 100.00  28.22    p  1.22e+00  1.78e+00
 30.00  -2.00 100.00  28.22   He  5.60e-01  1.78e+00
 30.00  -2.00 100.00  28.22    C  9.77e-06  1.78e+00
 30.00  -2.00 100.00  28.22    N  1.35e-04  1.78e+00
 30.00  -2.00 100.00  28.22    O  1.13e-04  1.78e+00
 30.00  -2.00 100.00  28.22    F  1.66e-09  1.78e+00
 30.00  -2.00 100.00  28.22   Ne  9.62e-06  1.78e+00
 30.00  -2.00 100.00  28.22   Mg  1.07e-05  1.78e+00
 30.00  -2.00 100.00  28.22   Si  1.52e-05  1.78e+00
 30.00  -2.00 100.00  28.22    S  6.10e-06  1.78e+00
 30.00  -2.00 100.00  28.22   Fe  1.14e-05  1.78e+00
 40.00  -2.00 100.00  29.04    p  7.61e+00  1.10e+01
 40.00  -2.00 100.00  29.04   He  3.34e+00  1.10e+01
 40.00  -2.00 100.00  29.04    C  2.60e-03  1.10e+01
 40.00  -2.00 100.00  29.04    N  4.10e-03  1.10e+01
 40.00  -2.00 100.00  29.04    O  1.81e-03  1.10e+01
 40.00  -2.00 100.00  29.04    F  1.54e-08  1.10e+01
 40.00  -2.00 100.00  29.04   Ne  6.14e-05  1.10e+01
 40.00  -2.00 100.00  29.04   Mg  6.07e-05  1.10e+01
 40.00  -2.00 100.00  29.04   Si  8.57e-05  1.10e+01
 40.00  -2.00 100.00  29.04    S  3.45e-05  1.10e+01
 40.00  -2.00 100.00  29.04   Fe  6.42e-05  1.10e+01
 60.00  -2.00 100.00  46.50    p  9.27e+00  1.35e+01
 60.00  -2.00 100.00  46.50   He  4.20e+00  1.35e+01
 60.00  -2.00 100.00  46.50    C  8.77e-03  1.35e+01
 60.00  -2.00 100.00  46.50    N  6.73e-03  1.35e+01
 60.00  -2.00 100.00  46.50    O  6.33e-03  1.35e+01
 60.00  -2.00 100.00  46.50    F  1.80e-08  1.35e+01
 60.00  -2.00 100.00  46.50   Ne  8.90e-05  1.35e+01
 60.00  -2.00 100.00  46.50   Mg  7.84e-05  1.35e+01
 60.00  -2.00 100.00  46.50   Si  1.12e-04  1.35e+01
 60.00  -2.00 100.00  46.50    S  4.48e-05  1.35e+01
 60.00  -2.00 100.00  46.50   Fe  8.37e-05  1.35e+01
 80.00  -2.00 100.00  61.07    p  1.27e+01  1.89e+01
 80.00  -2.00 100.00  61.07   He  6.18e+00  1.89e+01
 80.00  -2.00 100.00  61.07    C  2.78e-02  1.89e+01
 80.00  -2.00 100.00  61.07    N  1.03e-02  1.89e+01
 80.00  -2.00 100.00  61.07    O  1.66e-02  1.89e+01
 80.00  -2.00 100.00  61.07    F  2.18e-08  1.89e+01
 80.00  -2.00 100.00  61.07   Ne  1.49e-04  1.89e+01
 80.00  -2.00 100.00  61.07   Mg  1.06e-04  1.89e+01
 80.00  -2.00 100.00  61.07   Si  1.53e-04  1.89e+01
 80.00  -2.00 100.00  61.07    S  6.05e-05  1.89e+01
 80.00  -2.00 100.00  61.07   Fe  1.13e-04  1.89e+01
120.00  -2.00 100.00  87.20    p  1.78e+01  3.28e+01
120.00  -2.00 100.00  87.20   He  1.48e+01  3.28e+01
120.00  -2.00 100.00  87.20    C  1.24e-01  3.28e+01
120.00  -2.00 100.00  87.20    N  1.52e-02  3.28e+01
120.00  -2.00 100.00  87.20    O  5.68e-02  3.28e+01
120.00  -2.00 100.00  87.20    F  3.01e-08  3.28e+01
120.00  -2.00 100.00  87.20   Ne  4.06e-04  3.28e+01
120.00  -2.00 100.00  87.20   Mg  1.77e-04  3.28e+01
120.00  -2.00 100.00  87.20   Si  2.92e-04  3.28e+01
120.00  -2.00 100.00  87.20    S  1.06e-04  3.28e+01
120.00  -2.00 100.00  87.20   Fe  1.96e-04  3.28e+01
