#---Details of Columns:
#    M0 (solMass)          (F6.2)  [1/6.5] Initial mass [ucd=phys.mass]
#    [Fe/H]                (F7.2)  Initial metallicity [ucd=phys.abund.Z]
#    vel (km/s)            (F7.2)  Initial rotation [ucd=phys.mass]
#    M1 (solMass)          (F7.2)  Final mass (1) [ucd=phys.mass]
#    El                    (a4)    Species i (2) [ucd=phys.atmol.element]
#    M(i)lost (solMass)    (D9.2)  Mass of species i lost in the wind [ucd=phys.mass]
#    M(i)lostall (solMass) (D9.2)  Total mass lost in the wind [ucd=phys.mass]
#----- ------ ------ ------ ---- --------- -----------
#M0                                                                 
#(sol         vel    M1 (so      M(i)lost  M(i)lostall
#Mass) Z0     (km/s) lMass) El   (solMass) (solMass)  
#----- ------ ------ ------ ---- --------- -----------
 13.00  -3.00 200.00   2.13    p  4.76e+00  1.09e+01
 13.00  -3.00 200.00   2.13   He  3.84e+00  1.09e+01
 13.00  -3.00 200.00   2.13    C  3.00e-01  1.09e+01
 13.00  -3.00 200.00   2.13    N  6.58e-02  1.09e+01
 13.00  -3.00 200.00   2.13    O  1.47e+00  1.09e+01
 13.00  -3.00 200.00   2.13    F  8.02e-05  1.09e+01
 13.00  -3.00 200.00   2.13   Ne  8.78e-02  1.09e+01
 13.00  -3.00 200.00   2.13   Mg  2.30e-02  1.09e+01
 13.00  -3.00 200.00   2.13   Si  9.42e-02  1.09e+01
 13.00  -3.00 200.00   2.13    S  4.95e-02  1.09e+01
 13.00  -3.00 200.00   2.13   Fe  7.18e-02  1.09e+01
 15.00  -3.00 200.00   2.27    p  5.31e+00  1.27e+01
 15.00  -3.00 200.00   2.27   He  4.46e+00  1.27e+01
 15.00  -3.00 200.00   2.27    C  3.92e-01  1.27e+01
 15.00  -3.00 200.00   2.27    N  6.11e-02  1.27e+01
 15.00  -3.00 200.00   2.27    O  1.95e+00  1.27e+01
 15.00  -3.00 200.00   2.27    F  1.04e-03  1.27e+01
 15.00  -3.00 200.00   2.27   Ne  9.66e-02  1.27e+01
 15.00  -3.00 200.00   2.27   Mg  1.84e-02  1.27e+01
 15.00  -3.00 200.00   2.27   Si  1.93e-01  1.27e+01
 15.00  -3.00 200.00   2.27    S  1.28e-01  1.27e+01
 15.00  -3.00 200.00   2.27   Fe  8.31e-02  1.27e+01
 20.00  -3.00 200.00   2.87    p  7.02e+00  1.71e+01
 20.00  -3.00 200.00   2.87   He  5.83e+00  1.71e+01
 20.00  -3.00 200.00   2.87    C  5.81e-01  1.71e+01
 20.00  -3.00 200.00   2.87    N  3.66e-02  1.71e+01
 20.00  -3.00 200.00   2.87    O  3.06e+00  1.71e+01
 20.00  -3.00 200.00   2.87    F  7.24e-04  1.71e+01
 20.00  -3.00 200.00   2.87   Ne  1.63e-01  1.71e+01
 20.00  -3.00 200.00   2.87   Mg  5.74e-02  1.71e+01
 20.00  -3.00 200.00   2.87   Si  1.76e-01  1.71e+01
 20.00  -3.00 200.00   2.87    S  6.83e-02  1.71e+01
 20.00  -3.00 200.00   2.87   Fe  7.15e-02  1.71e+01
 25.00  -3.00 200.00   3.23    p  8.34e+00  2.18e+01
 25.00  -3.00 200.00   3.23   He  6.31e+00  2.18e+01
 25.00  -3.00 200.00   3.23    C  7.52e-01  2.18e+01
 25.00  -3.00 200.00   3.23    N  5.82e-02  2.18e+01
 25.00  -3.00 200.00   3.23    O  5.04e+00  2.18e+01
 25.00  -3.00 200.00   3.23    F  3.89e-04  2.18e+01
 25.00  -3.00 200.00   3.23   Ne  6.31e-01  2.18e+01
 25.00  -3.00 200.00   3.23   Mg  1.30e-01  2.18e+01
 25.00  -3.00 200.00   3.23   Si  2.26e-01  2.18e+01
 25.00  -3.00 200.00   3.23    S  7.33e-02  2.18e+01
 25.00  -3.00 200.00   3.23   Fe  7.06e-02  2.18e+01
 30.00  -3.00 200.00  24.16    p  4.04e+00  5.84e+00
 30.00  -3.00 200.00  24.16   He  1.81e+00  5.84e+00
 30.00  -3.00 200.00  24.16    C  6.29e-06  5.84e+00
 30.00  -3.00 200.00  24.16    N  1.20e-04  5.84e+00
 30.00  -3.00 200.00  24.16    O  8.11e-05  5.84e+00
 30.00  -3.00 200.00  24.16    F  1.24e-09  5.84e+00
 30.00  -3.00 200.00  24.16   Ne  5.83e-06  5.84e+00
 30.00  -3.00 200.00  24.16   Mg  7.91e-06  5.84e+00
 30.00  -3.00 200.00  24.16   Si  1.04e-05  5.84e+00
 30.00  -3.00 200.00  24.16    S  4.08e-06  5.84e+00
 30.00  -3.00 200.00  24.16   Fe  7.61e-06  5.84e+00
 40.00  -3.00 200.00  24.57    p  1.11e+01  1.54e+01
 40.00  -3.00 200.00  24.57   He  4.35e+00  1.54e+01
 40.00  -3.00 200.00  24.57    C  5.53e-06  1.54e+01
 40.00  -3.00 200.00  24.57    N  1.77e-04  1.54e+01
 40.00  -3.00 200.00  24.57    O  2.07e-04  1.54e+01
 40.00  -3.00 200.00  24.57    F  4.63e-09  1.54e+01
 40.00  -3.00 200.00  24.57   Ne  1.62e-05  1.54e+01
 40.00  -3.00 200.00  24.57   Mg  2.05e-05  1.54e+01
 40.00  -3.00 200.00  24.57   Si  2.73e-05  1.54e+01
 40.00  -3.00 200.00  24.57    S  1.07e-05  1.54e+01
 40.00  -3.00 200.00  24.57   Fe  2.01e-05  1.54e+01
 60.00  -3.00 200.00  40.67    p  1.39e+01  1.93e+01
 60.00  -3.00 200.00  40.67   He  5.44e+00  1.93e+01
 60.00  -3.00 200.00  40.67    C  8.68e-06  1.93e+01
 60.00  -3.00 200.00  40.67    N  2.31e-04  1.93e+01
 60.00  -3.00 200.00  40.67    O  2.46e-04  1.93e+01
 60.00  -3.00 200.00  40.67    F  5.64e-09  1.93e+01
 60.00  -3.00 200.00  40.67   Ne  1.97e-05  1.93e+01
 60.00  -3.00 200.00  40.67   Mg  2.49e-05  1.93e+01
 60.00  -3.00 200.00  40.67   Si  3.49e-05  1.93e+01
 60.00  -3.00 200.00  40.67    S  1.35e-05  1.93e+01
 60.00  -3.00 200.00  40.67   Fe  2.51e-05  1.93e+01
 80.00  -3.00 200.00  53.40    p  1.84e+01  2.66e+01
 80.00  -3.00 200.00  53.40   He  8.26e+00  2.66e+01
 80.00  -3.00 200.00  53.40    C  5.02e-04  2.66e+01
 80.00  -3.00 200.00  53.40    N  7.36e-03  2.66e+01
 80.00  -3.00 200.00  53.40    O  2.13e-03  2.66e+01
 80.00  -3.00 200.00  53.40    F  7.33e-09  2.66e+01
 80.00  -3.00 200.00  53.40   Ne  4.02e-05  2.66e+01
 80.00  -3.00 200.00  53.40   Mg  3.22e-05  2.66e+01
 80.00  -3.00 200.00  53.40   Si  5.29e-05  2.66e+01
 80.00  -3.00 200.00  53.40    S  1.85e-05  2.66e+01
 80.00  -3.00 200.00  53.40   Fe  3.46e-05  2.66e+01
120.00  -3.00 200.00  77.47    p  2.43e+01  4.25e+01
120.00  -3.00 200.00  77.47   He  1.82e+01  4.25e+01
120.00  -3.00 200.00  77.47    C  3.53e-05  4.25e+01
120.00  -3.00 200.00  77.47    N  1.32e-03  4.25e+01
120.00  -3.00 200.00  77.47    O  3.08e-04  4.25e+01
120.00  -3.00 200.00  77.47    F  6.04e-09  4.25e+01
120.00  -3.00 200.00  77.47   Ne  2.75e-05  4.25e+01
120.00  -3.00 200.00  77.47   Mg  3.35e-05  4.25e+01
120.00  -3.00 200.00  77.47   Si  1.20e-04  4.25e+01
120.00  -3.00 200.00  77.47    S  2.97e-05  4.25e+01
120.00  -3.00 200.00  77.47   Fe  5.54e-05  4.25e+01
