#---Details of Columns:
#    M0 (solMass)          (F6.2)  [1/6.5] Initial mass [ucd=phys.mass]
#    [Fe/H]                (F7.2)  Initial metallicity [ucd=phys.abund.Z]
#    vel (km/s)            (F7.2)  Initial rotation [ucd=phys.mass]
#    M1 (solMass)          (F7.2)  Final mass (1) [ucd=phys.mass]
#    El                    (a4)    Species i (2) [ucd=phys.atmol.element]
#    M(i)lost (solMass)    (D9.2)  Mass of species i lost in the wind [ucd=phys.mass]
#    M(i)lostall (solMass) (D9.2)  Total mass lost in the wind [ucd=phys.mass]
#----- ------ ------ ------ ---- --------- -----------
#M0                                                                 
#(sol         vel    M1 (so      M(i)lost  M(i)lostall
#Mass) Z0     (km/s) lMass) El   (solMass) (solMass)  
#----- ------ ------ ------ ---- --------- -----------
 13.00  -0.30   0.00   1.57    p  6.19e+00  1.14e+01
 13.00  -0.30   0.00   1.57   He  4.59e+00  1.14e+01
 13.00  -0.30   0.00   1.57    C  1.28e-01  1.14e+01
 13.00  -0.30   0.00   1.57    N  1.64e-02  1.14e+01
 13.00  -0.30   0.00   1.57    O  2.69e-01  1.14e+01
 13.00  -0.30   0.00   1.57    F  1.51e-06  1.14e+01
 13.00  -0.30   0.00   1.57   Ne  5.07e-02  1.14e+01
 13.00  -0.30   0.00   1.57   Mg  2.21e-02  1.14e+01
 13.00  -0.30   0.00   1.57   Si  5.87e-02  1.14e+01
 13.00  -0.30   0.00   1.57    S  2.12e-02  1.14e+01
 13.00  -0.30   0.00   1.57   Fe  8.02e-02  1.14e+01
 15.00  -0.30   0.00   1.77    p  6.92e+00  1.32e+01
 15.00  -0.30   0.00   1.77   He  4.88e+00  1.32e+01
 15.00  -0.30   0.00   1.77    C  2.46e-01  1.32e+01
 15.00  -0.30   0.00   1.77    N  1.78e-02  1.32e+01
 15.00  -0.30   0.00   1.77    O  7.66e-01  1.32e+01
 15.00  -0.30   0.00   1.77    F  1.67e-06  1.32e+01
 15.00  -0.30   0.00   1.77   Ne  1.12e-01  1.32e+01
 15.00  -0.30   0.00   1.77   Mg  3.77e-02  1.32e+01
 15.00  -0.30   0.00   1.77   Si  1.09e-01  1.32e+01
 15.00  -0.30   0.00   1.77    S  3.96e-02  1.32e+01
 15.00  -0.30   0.00   1.77   Fe  8.21e-02  1.32e+01
 20.00  -0.30   0.00   1.83    p  8.63e+00  1.82e+01
 20.00  -0.30   0.00   1.83   He  7.00e+00  1.82e+01
 20.00  -0.30   0.00   1.83    C  4.07e-01  1.82e+01
 20.00  -0.30   0.00   1.83    N  2.21e-02  1.82e+01
 20.00  -0.30   0.00   1.83    O  1.31e+00  1.82e+01
 20.00  -0.30   0.00   1.83    F  2.29e-06  1.82e+01
 20.00  -0.30   0.00   1.83   Ne  4.58e-01  1.82e+01
 20.00  -0.30   0.00   1.83   Mg  1.24e-01  1.82e+01
 20.00  -0.30   0.00   1.83   Si  1.27e-01  1.82e+01
 20.00  -0.30   0.00   1.83    S  3.63e-02  1.82e+01
 20.00  -0.30   0.00   1.83   Fe  8.47e-02  1.82e+01
 25.00  -0.30   0.00   2.53    p  1.01e+01  2.25e+01
 25.00  -0.30   0.00   2.53   He  7.95e+00  2.25e+01
 25.00  -0.30   0.00   2.53    C  6.64e-01  2.25e+01
 25.00  -0.30   0.00   2.53    N  2.86e-02  2.25e+01
 25.00  -0.30   0.00   2.53    O  2.62e+00  2.25e+01
 25.00  -0.30   0.00   2.53    F  3.81e-06  2.25e+01
 25.00  -0.30   0.00   2.53   Ne  6.17e-01  2.25e+01
 25.00  -0.30   0.00   2.53   Mg  1.16e-01  2.25e+01
 25.00  -0.30   0.00   2.53   Si  1.65e-01  2.25e+01
 25.00  -0.30   0.00   2.53    S  5.40e-02  2.25e+01
 25.00  -0.30   0.00   2.53   Fe  8.50e-02  2.25e+01
 30.00  -0.30   0.00   2.97    p  1.15e+01  2.70e+01
 30.00  -0.30   0.00   2.97   He  1.06e+01  2.70e+01
 30.00  -0.30   0.00   2.97    C  8.65e-01  2.70e+01
 30.00  -0.30   0.00   2.97    N  3.88e-02  2.70e+01
 30.00  -0.30   0.00   2.97    O  3.03e+00  2.70e+01
 30.00  -0.30   0.00   2.97    F  5.73e-06  2.70e+01
 30.00  -0.30   0.00   2.97   Ne  5.17e-01  2.70e+01
 30.00  -0.30   0.00   2.97   Mg  1.10e-01  2.70e+01
 30.00  -0.30   0.00   2.97   Si  2.10e-01  2.70e+01
 30.00  -0.30   0.00   2.97    S  6.96e-02  2.70e+01
 30.00  -0.30   0.00   2.97   Fe  8.63e-02  2.70e+01
 40.00  -0.30   0.00   3.00    p  1.42e+01  3.70e+01
 40.00  -0.30   0.00   3.00   He  1.41e+01  3.70e+01
 40.00  -0.30   0.00   3.00    C  1.20e+00  3.70e+01
 40.00  -0.30   0.00   3.00    N  5.74e-02  3.70e+01
 40.00  -0.30   0.00   3.00    O  5.65e+00  3.70e+01
 40.00  -0.30   0.00   3.00    F  2.40e-05  3.70e+01
 40.00  -0.30   0.00   3.00   Ne  1.16e+00  3.70e+01
 40.00  -0.30   0.00   3.00   Mg  2.18e-01  3.70e+01
 40.00  -0.30   0.00   3.00   Si  2.47e-01  3.70e+01
 40.00  -0.30   0.00   3.00    S  8.19e-02  3.70e+01
 40.00  -0.30   0.00   3.00   Fe  9.05e-02  3.70e+01
 60.00  -0.30   0.00   4.72    p  1.94e+01  5.53e+01
 60.00  -0.30   0.00   4.72   He  2.14e+01  5.53e+01
 60.00  -0.30   0.00   4.72    C  2.43e+00  5.53e+01
 60.00  -0.30   0.00   4.72    N  1.03e-01  5.53e+01
 60.00  -0.30   0.00   4.72    O  1.01e+01  5.53e+01
 60.00  -0.30   0.00   4.72    F  5.98e-05  5.53e+01
 60.00  -0.30   0.00   4.72   Ne  8.27e-01  5.53e+01
 60.00  -0.30   0.00   4.72   Mg  2.28e-01  5.53e+01
 60.00  -0.30   0.00   4.72   Si  4.94e-01  5.53e+01
 60.00  -0.30   0.00   4.72    S  1.82e-01  5.53e+01
 60.00  -0.30   0.00   4.72   Fe  9.99e-02  5.53e+01
 80.00  -0.30   0.00   7.01    p  2.39e+01  7.30e+01
 80.00  -0.30   0.00   7.01   He  2.71e+01  7.30e+01
 80.00  -0.30   0.00   7.01    C  3.06e+00  7.30e+01
 80.00  -0.30   0.00   7.01    N  1.32e-01  7.30e+01
 80.00  -0.30   0.00   7.01    O  1.63e+01  7.30e+01
 80.00  -0.30   0.00   7.01    F  2.91e-05  7.30e+01
 80.00  -0.30   0.00   7.01   Ne  9.61e-01  7.30e+01
 80.00  -0.30   0.00   7.01   Mg  3.72e-01  7.30e+01
 80.00  -0.30   0.00   7.01   Si  8.22e-01  7.30e+01
 80.00  -0.30   0.00   7.01    S  2.94e-01  7.30e+01
 80.00  -0.30   0.00   7.01   Fe  1.10e-01  7.30e+01
120.00  -0.30   0.00   6.66    p  3.33e+01  1.13e+02
120.00  -0.30   0.00   6.66   He  4.29e+01  1.13e+02
120.00  -0.30   0.00   6.66    C  5.51e+00  1.13e+02
120.00  -0.30   0.00   6.66    N  2.40e-01  1.13e+02
120.00  -0.30   0.00   6.66    O  2.58e+01  1.13e+02
120.00  -0.30   0.00   6.66    F  9.61e-06  1.13e+02
120.00  -0.30   0.00   6.66   Ne  2.56e+00  1.13e+02
120.00  -0.30   0.00   6.66   Mg  1.28e+00  1.13e+02
120.00  -0.30   0.00   6.66   Si  1.17e+00  1.13e+02
120.00  -0.30   0.00   6.66    S  3.86e-01  1.13e+02
120.00  -0.30   0.00   6.66   Fe  1.33e-01  1.13e+02
