#---Details of Columns:
#    M0 (solMass)          (F6.2)  [1/6.5] Initial mass [ucd=phys.mass]
#    [Fe/H]                (F7.2)  Initial metallicity [ucd=phys.abund.Z]
#    vel (km/s)            (F7.2)  Initial rotation [ucd=phys.mass]
#    M1 (solMass)          (F7.2)  Final mass (1) [ucd=phys.mass]
#    El                    (a4)    Species i (2) [ucd=phys.atmol.element]
#    M(i)lost (solMass)    (D9.2)  Mass of species i lost in the wind [ucd=phys.mass]
#    M(i)lostall (solMass) (D9.2)  Total mass lost in the wind [ucd=phys.mass]
#----- ------ ------ ------ ---- --------- -----------
#M0                                                                 
#(sol         vel    M1 (so      M(i)lost  M(i)lostall
#Mass) Z0     (km/s) lMass) El   (solMass) (solMass)  
#----- ------ ------ ------ ---- --------- -----------
 13.00  -3.00  25.00   1.80    p  6.01e+00  1.12e+01
 13.00  -3.00  25.00   1.80   He  4.35e+00  1.12e+01
 13.00  -3.00  25.00   1.80    C  1.83e-01  1.12e+01
 13.00  -3.00  25.00   1.80    N  5.68e-03  1.12e+01
 13.00  -3.00  25.00   1.80    O  4.85e-01  1.12e+01
 13.00  -3.00  25.00   1.80    F  1.67e-05  1.12e+01
 13.00  -3.00  25.00   1.80   Ne  2.18e-02  1.12e+01
 13.00  -3.00  25.00   1.80   Mg  1.43e-02  1.12e+01
 13.00  -3.00  25.00   1.80   Si  6.44e-02  1.12e+01
 13.00  -3.00  25.00   1.80    S  2.29e-02  1.12e+01
 13.00  -3.00  25.00   1.80   Fe  7.29e-02  1.12e+01
 15.00  -3.00  25.00   2.03    p  6.72e+00  1.30e+01
 15.00  -3.00  25.00   2.03   He  4.60e+00  1.30e+01
 15.00  -3.00  25.00   2.03    C  2.89e-01  1.30e+01
 15.00  -3.00  25.00   2.03    N  3.04e-03  1.30e+01
 15.00  -3.00  25.00   2.03    O  1.01e+00  1.30e+01
 15.00  -3.00  25.00   2.03    F  2.55e-04  1.30e+01
 15.00  -3.00  25.00   2.03   Ne  3.58e-02  1.30e+01
 15.00  -3.00  25.00   2.03   Mg  1.78e-02  1.30e+01
 15.00  -3.00  25.00   2.03   Si  1.23e-01  1.30e+01
 15.00  -3.00  25.00   2.03    S  8.64e-02  1.30e+01
 15.00  -3.00  25.00   2.03   Fe  7.30e-02  1.30e+01
 20.00  -3.00  25.00   2.07    p  8.52e+00  1.79e+01
 20.00  -3.00  25.00   2.07   He  6.50e+00  1.79e+01
 20.00  -3.00  25.00   2.07    C  4.37e-01  1.79e+01
 20.00  -3.00  25.00   2.07    N  8.95e-03  1.79e+01
 20.00  -3.00  25.00   2.07    O  1.70e+00  1.79e+01
 20.00  -3.00  25.00   2.07    F  1.70e-04  1.79e+01
 20.00  -3.00  25.00   2.07   Ne  4.37e-01  1.79e+01
 20.00  -3.00  25.00   2.07   Mg  9.18e-02  1.79e+01
 20.00  -3.00  25.00   2.07   Si  1.03e-01  1.79e+01
 20.00  -3.00  25.00   2.07    S  3.06e-02  1.79e+01
 20.00  -3.00  25.00   2.07   Fe  7.32e-02  1.79e+01
 25.00  -3.00  25.00   2.43    p  1.01e+01  2.26e+01
 25.00  -3.00  25.00   2.43   He  7.86e+00  2.26e+01
 25.00  -3.00  25.00   2.43    C  5.81e-01  2.26e+01
 25.00  -3.00  25.00   2.43    N  1.46e-02  2.26e+01
 25.00  -3.00  25.00   2.43    O  2.96e+00  2.26e+01
 25.00  -3.00  25.00   2.43    F  3.50e-05  2.26e+01
 25.00  -3.00  25.00   2.43   Ne  6.77e-01  2.26e+01
 25.00  -3.00  25.00   2.43   Mg  1.19e-01  2.26e+01
 25.00  -3.00  25.00   2.43   Si  1.41e-01  2.26e+01
 25.00  -3.00  25.00   2.43    S  4.03e-02  2.26e+01
 25.00  -3.00  25.00   2.43   Fe  7.27e-02  2.26e+01
 30.00  -3.00  25.00   2.70    p  1.15e+01  2.73e+01
 30.00  -3.00  25.00   2.70   He  9.19e+00  2.73e+01
 30.00  -3.00  25.00   2.70    C  9.17e-01  2.73e+01
 30.00  -3.00  25.00   2.70    N  7.02e-03  2.73e+01
 30.00  -3.00  25.00   2.70    O  4.34e+00  2.73e+01
 30.00  -3.00  25.00   2.70    F  2.97e-04  2.73e+01
 30.00  -3.00  25.00   2.70   Ne  9.38e-01  2.73e+01
 30.00  -3.00  25.00   2.70   Mg  1.55e-01  2.73e+01
 30.00  -3.00  25.00   2.70   Si  1.79e-01  2.73e+01
 30.00  -3.00  25.00   2.70    S  4.94e-02  2.73e+01
 30.00  -3.00  25.00   2.70   Fe  7.25e-02  2.73e+01
 40.00  -3.00  25.00   3.83    p  1.39e+01  3.62e+01
 40.00  -3.00  25.00   3.83   He  1.17e+01  3.62e+01
 40.00  -3.00  25.00   3.83    C  1.36e+00  3.62e+01
 40.00  -3.00  25.00   3.83    N  7.82e-04  3.62e+01
 40.00  -3.00  25.00   3.83    O  7.52e+00  3.62e+01
 40.00  -3.00  25.00   3.83    F  3.67e-05  3.62e+01
 40.00  -3.00  25.00   3.83   Ne  8.66e-01  3.62e+01
 40.00  -3.00  25.00   3.83   Mg  1.96e-01  3.62e+01
 40.00  -3.00  25.00   3.83   Si  3.11e-01  3.62e+01
 40.00  -3.00  25.00   3.83    S  9.46e-02  3.62e+01
 40.00  -3.00  25.00   3.83   Fe  7.27e-02  3.62e+01
 60.00  -3.00  25.00   6.00    p  1.86e+01  5.40e+01
 60.00  -3.00  25.00   6.00   He  1.63e+01  5.40e+01
 60.00  -3.00  25.00   6.00    C  2.17e+00  5.40e+01
 60.00  -3.00  25.00   6.00    N  2.00e-03  5.40e+01
 60.00  -3.00  25.00   6.00    O  1.45e+01  5.40e+01
 60.00  -3.00  25.00   6.00    F  3.43e-05  5.40e+01
 60.00  -3.00  25.00   6.00   Ne  9.91e-01  5.40e+01
 60.00  -3.00  25.00   6.00   Mg  4.48e-01  5.40e+01
 60.00  -3.00  25.00   6.00   Si  5.92e-01  5.40e+01
 60.00  -3.00  25.00   6.00    S  1.85e-01  5.40e+01
 60.00  -3.00  25.00   6.00   Fe  7.33e-02  5.40e+01
 80.00  -3.00  25.00   7.05    p  2.33e+01  7.29e+01
 80.00  -3.00  25.00   7.05   He  2.29e+01  7.29e+01
 80.00  -3.00  25.00   7.05    C  2.83e+00  7.29e+01
 80.00  -3.00  25.00   7.05    N  2.32e-03  7.29e+01
 80.00  -3.00  25.00   7.05    O  2.10e+01  7.29e+01
 80.00  -3.00  25.00   7.05    F  6.49e-05  7.29e+01
 80.00  -3.00  25.00   7.05   Ne  1.22e+00  7.29e+01
 80.00  -3.00  25.00   7.05   Mg  5.97e-01  7.29e+01
 80.00  -3.00  25.00   7.05   Si  8.34e-01  7.29e+01
 80.00  -3.00  25.00   7.05    S  2.63e-01  7.29e+01
 80.00  -3.00  25.00   7.05   Fe  7.41e-02  7.29e+01
120.00  -3.00  25.00   3.17    p  3.09e+01  1.17e+02
120.00  -3.00  25.00   3.17   He  3.54e+01  1.17e+02
120.00  -3.00  25.00   3.17    C  4.77e+00  1.17e+02
120.00  -3.00  25.00   3.17    N  1.64e-02  1.17e+02
120.00  -3.00  25.00   3.17    O  4.22e+01  1.17e+02
120.00  -3.00  25.00   3.17    F  4.53e-07  1.17e+02
120.00  -3.00  25.00   3.17   Ne  2.49e+00  1.17e+02
120.00  -3.00  25.00   3.17   Mg  5.80e-01  1.17e+02
120.00  -3.00  25.00   3.17   Si  3.52e-01  1.17e+02
120.00  -3.00  25.00   3.17    S  1.29e-01  1.17e+02
120.00  -3.00  25.00   3.17   Fe  7.24e-02  1.17e+02
