#---Details of Columns:
#    M0 (solMass)          (F6.2)  [1/6.5] Initial mass [ucd=phys.mass]
#    [Fe/H]                (F7.2)  Initial metallicity [ucd=phys.abund.Z]
#    vel (km/s)            (F7.2)  Initial rotation [ucd=phys.mass]
#    M1 (solMass)          (F7.2)  Final mass (1) [ucd=phys.mass]
#    El                    (a4)    Species i (2) [ucd=phys.atmol.element]
#    M(i)lost (solMass)    (D9.2)  Mass of species i lost in the wind [ucd=phys.mass]
#    M(i)lostall (solMass) (D9.2)  Total mass lost in the wind [ucd=phys.mass]
#----- ------ ------ ------ ---- --------- -----------
#M0                                                                 
#(sol         vel    M1 (so      M(i)lost  M(i)lostall
#Mass) Z0     (km/s) lMass) El   (solMass) (solMass)  
#----- ------ ------ ------ ---- --------- -----------
 13.00  -3.00 200.00   2.23    p  4.76e+00  1.08e+01
 13.00  -3.00 200.00   2.23   He  3.85e+00  1.08e+01
 13.00  -3.00 200.00   2.23    C  3.00e-01  1.08e+01
 13.00  -3.00 200.00   2.23    N  6.81e-02  1.08e+01
 13.00  -3.00 200.00   2.23    O  1.50e+00  1.08e+01
 13.00  -3.00 200.00   2.23    F  8.02e-05  1.08e+01
 13.00  -3.00 200.00   2.23   Ne  8.82e-02  1.08e+01
 13.00  -3.00 200.00   2.23   Mg  2.30e-02  1.08e+01
 13.00  -3.00 200.00   2.23   Si  9.42e-02  1.08e+01
 13.00  -3.00 200.00   2.23    S  4.95e-02  1.08e+01
 13.00  -3.00 200.00   2.23   Fe  7.40e-02  1.08e+01
 15.00  -3.00 200.00   2.27    p  5.31e+00  1.27e+01
 15.00  -3.00 200.00   2.27   He  4.46e+00  1.27e+01
 15.00  -3.00 200.00   2.27    C  3.92e-01  1.27e+01
 15.00  -3.00 200.00   2.27    N  6.28e-02  1.27e+01
 15.00  -3.00 200.00   2.27    O  1.97e+00  1.27e+01
 15.00  -3.00 200.00   2.27    F  1.04e-03  1.27e+01
 15.00  -3.00 200.00   2.27   Ne  9.73e-02  1.27e+01
 15.00  -3.00 200.00   2.27   Mg  1.84e-02  1.27e+01
 15.00  -3.00 200.00   2.27   Si  1.93e-01  1.27e+01
 15.00  -3.00 200.00   2.27    S  1.28e-01  1.27e+01
 15.00  -3.00 200.00   2.27   Fe  8.55e-02  1.27e+01
 20.00  -3.00 200.00   2.90    p  7.02e+00  1.71e+01
 20.00  -3.00 200.00   2.90   He  5.84e+00  1.71e+01
 20.00  -3.00 200.00   2.90    C  5.82e-01  1.71e+01
 20.00  -3.00 200.00   2.90    N  4.02e-02  1.71e+01
 20.00  -3.00 200.00   2.90    O  3.07e+00  1.71e+01
 20.00  -3.00 200.00   2.90    F  7.24e-04  1.71e+01
 20.00  -3.00 200.00   2.90   Ne  1.64e-01  1.71e+01
 20.00  -3.00 200.00   2.90   Mg  5.74e-02  1.71e+01
 20.00  -3.00 200.00   2.90   Si  1.76e-01  1.71e+01
 20.00  -3.00 200.00   2.90    S  6.83e-02  1.71e+01
 20.00  -3.00 200.00   2.90   Fe  7.39e-02  1.71e+01
 25.00  -3.00 200.00   3.23    p  8.34e+00  2.18e+01
 25.00  -3.00 200.00   3.23   He  6.32e+00  2.18e+01
 25.00  -3.00 200.00   3.23    C  7.52e-01  2.18e+01
 25.00  -3.00 200.00   3.23    N  6.43e-02  2.18e+01
 25.00  -3.00 200.00   3.23    O  5.12e+00  2.18e+01
 25.00  -3.00 200.00   3.23    F  3.89e-04  2.18e+01
 25.00  -3.00 200.00   3.23   Ne  6.32e-01  2.18e+01
 25.00  -3.00 200.00   3.23   Mg  1.30e-01  2.18e+01
 25.00  -3.00 200.00   3.23   Si  2.26e-01  2.18e+01
 25.00  -3.00 200.00   3.23    S  7.33e-02  2.18e+01
 25.00  -3.00 200.00   3.23   Fe  7.28e-02  2.18e+01
 30.00  -3.00 200.00   3.83    p  9.17e+00  2.62e+01
 30.00  -3.00 200.00   3.83   He  6.22e+00  2.62e+01
 30.00  -3.00 200.00   3.83    C  1.40e+00  2.62e+01
 30.00  -3.00 200.00   3.83    N  3.81e-02  2.62e+01
 30.00  -3.00 200.00   3.83    O  7.60e+00  2.62e+01
 30.00  -3.00 200.00   3.83    F  1.80e-03  2.62e+01
 30.00  -3.00 200.00   3.83   Ne  1.04e+00  2.62e+01
 30.00  -3.00 200.00   3.83   Mg  2.10e-01  2.62e+01
 30.00  -3.00 200.00   3.83   Si  3.00e-01  2.62e+01
 30.00  -3.00 200.00   3.83    S  9.72e-02  2.62e+01
 30.00  -3.00 200.00   3.83   Fe  7.28e-02  2.62e+01
 40.00  -3.00 200.00   5.60    p  1.11e+01  3.44e+01
 40.00  -3.00 200.00   5.60   He  6.05e+00  3.44e+01
 40.00  -3.00 200.00   5.60    C  2.11e+00  3.44e+01
 40.00  -3.00 200.00   5.60    N  7.94e-03  3.44e+01
 40.00  -3.00 200.00   5.60    O  1.28e+01  3.44e+01
 40.00  -3.00 200.00   5.60    F  4.22e-04  3.44e+01
 40.00  -3.00 200.00   5.60   Ne  1.13e+00  3.44e+01
 40.00  -3.00 200.00   5.60   Mg  4.24e-01  3.44e+01
 40.00  -3.00 200.00   5.60   Si  5.51e-01  3.44e+01
 40.00  -3.00 200.00   5.60    S  1.93e-01  3.44e+01
 40.00  -3.00 200.00   5.60   Fe  7.43e-02  3.44e+01
 60.00  -3.00 200.00   8.83    p  1.40e+01  5.12e+01
 60.00  -3.00 200.00   8.83   He  8.33e+00  5.12e+01
 60.00  -3.00 200.00   8.83    C  2.34e+00  5.12e+01
 60.00  -3.00 200.00   8.83    N  1.52e-02  5.12e+01
 60.00  -3.00 200.00   8.83    O  2.12e+01  5.12e+01
 60.00  -3.00 200.00   8.83    F  6.80e-04  5.12e+01
 60.00  -3.00 200.00   8.83   Ne  2.54e+00  5.12e+01
 60.00  -3.00 200.00   8.83   Mg  1.38e+00  5.12e+01
 60.00  -3.00 200.00   8.83   Si  8.91e-01  5.12e+01
 60.00  -3.00 200.00   8.83    S  3.23e-01  5.12e+01
 60.00  -3.00 200.00   8.83   Fe  7.66e-02  5.12e+01
 80.00  -3.00 200.00   6.73    p  1.84e+01  7.33e+01
 80.00  -3.00 200.00   6.73   He  1.12e+01  7.33e+01
 80.00  -3.00 200.00   6.73    C  3.30e+00  7.33e+01
 80.00  -3.00 200.00   6.73    N  3.55e-02  7.33e+01
 80.00  -3.00 200.00   6.73    O  3.39e+01  7.33e+01
 80.00  -3.00 200.00   6.73    F  2.72e-04  7.33e+01
 80.00  -3.00 200.00   6.73   Ne  3.36e+00  7.33e+01
 80.00  -3.00 200.00   6.73   Mg  1.68e+00  7.33e+01
 80.00  -3.00 200.00   6.73   Si  1.03e+00  7.33e+01
 80.00  -3.00 200.00   6.73    S  3.38e-01  7.33e+01
 80.00  -3.00 200.00   6.73   Fe  7.61e-02  7.33e+01
120.00  -3.00 200.00   3.00    p  2.43e+01  1.17e+02
120.00  -3.00 200.00   3.00   He  2.42e+01  1.17e+02
120.00  -3.00 200.00   3.00    C  1.01e+01  1.17e+02
120.00  -3.00 200.00   3.00    N  1.37e-01  1.17e+02
120.00  -3.00 200.00   3.00    O  5.43e+01  1.17e+02
120.00  -3.00 200.00   3.00    F  1.92e-07  1.17e+02
120.00  -3.00 200.00   3.00   Ne  2.68e+00  1.17e+02
120.00  -3.00 200.00   3.00   Mg  7.46e-01  1.17e+02
120.00  -3.00 200.00   3.00   Si  2.26e-01  1.17e+02
120.00  -3.00 200.00   3.00    S  8.07e-02  1.17e+02
120.00  -3.00 200.00   3.00   Fe  4.87e-02  1.17e+02
