#---Details of Columns:
#    M0 (solMass)          (F6.2)  [1/6.5] Initial mass [ucd=phys.mass]
#    [Fe/H]                (F7.2)  Initial metallicity [ucd=phys.abund.Z]
#    vel (km/s)            (F7.2)  Initial rotation [ucd=phys.mass]
#    M1 (solMass)          (F7.2)  Final mass (1) [ucd=phys.mass]
#    El                    (a4)    Species i (2) [ucd=phys.atmol.element]
#    M(i)lost (solMass)    (D9.2)  Mass of species i lost in the wind [ucd=phys.mass]
#    M(i)lostall (solMass) (D9.2)  Total mass lost in the wind [ucd=phys.mass]
#----- ------ ------ ------ ---- --------- -----------
#M0                                                                 
#(sol         vel    M1 (so      M(i)lost  M(i)lostall
#Mass) Z0     (km/s) lMass) El   (solMass) (solMass)  
#----- ------ ------ ------ ---- --------- -----------
 13.00  -1.00 200.00   2.24    p  4.69e+00  1.08e+01
 13.00  -1.00 200.00   2.24   He  3.79e+00  1.08e+01
 13.00  -1.00 200.00   2.24    C  2.56e-01  1.08e+01
 13.00  -1.00 200.00   2.24    N  6.40e-02  1.08e+01
 13.00  -1.00 200.00   2.24    O  1.38e+00  1.08e+01
 13.00  -1.00 200.00   2.24    F  3.63e-05  1.08e+01
 13.00  -1.00 200.00   2.24   Ne  1.18e-01  1.08e+01
 13.00  -1.00 200.00   2.24   Mg  3.69e-02  1.08e+01
 13.00  -1.00 200.00   2.24   Si  1.92e-01  1.08e+01
 13.00  -1.00 200.00   2.24    S  1.53e-01  1.08e+01
 13.00  -1.00 200.00   2.24   Fe  8.06e-02  1.08e+01
 15.00  -1.00 200.00   2.47    p  5.25e+00  1.25e+01
 15.00  -1.00 200.00   2.47   He  4.37e+00  1.25e+01
 15.00  -1.00 200.00   2.47    C  3.28e-01  1.25e+01
 15.00  -1.00 200.00   2.47    N  7.52e-02  1.25e+01
 15.00  -1.00 200.00   2.47    O  1.74e+00  1.25e+01
 15.00  -1.00 200.00   2.47    F  9.25e-05  1.25e+01
 15.00  -1.00 200.00   2.47   Ne  1.22e-01  1.25e+01
 15.00  -1.00 200.00   2.47   Mg  3.92e-02  1.25e+01
 15.00  -1.00 200.00   2.47   Si  2.61e-01  1.25e+01
 15.00  -1.00 200.00   2.47    S  2.31e-01  1.25e+01
 15.00  -1.00 200.00   2.47   Fe  8.33e-02  1.25e+01
 20.00  -1.00 200.00   3.17    p  6.58e+00  1.68e+01
 20.00  -1.00 200.00   3.17   He  5.65e+00  1.68e+01
 20.00  -1.00 200.00   3.17    C  5.27e-01  1.68e+01
 20.00  -1.00 200.00   3.17    N  8.65e-02  1.68e+01
 20.00  -1.00 200.00   3.17    O  3.32e+00  1.68e+01
 20.00  -1.00 200.00   3.17    F  2.48e-04  1.68e+01
 20.00  -1.00 200.00   3.17   Ne  1.87e-01  1.68e+01
 20.00  -1.00 200.00   3.17   Mg  7.08e-02  1.68e+01
 20.00  -1.00 200.00   3.17   Si  2.10e-01  1.68e+01
 20.00  -1.00 200.00   3.17    S  9.26e-02  1.68e+01
 20.00  -1.00 200.00   3.17   Fe  7.57e-02  1.68e+01
 25.00  -1.00 200.00   3.20    p  8.22e+00  2.18e+01
 25.00  -1.00 200.00   3.20   He  6.43e+00  2.18e+01
 25.00  -1.00 200.00   3.20    C  8.63e-01  2.18e+01
 25.00  -1.00 200.00   3.20    N  3.29e-02  2.18e+01
 25.00  -1.00 200.00   3.20    O  5.10e+00  2.18e+01
 25.00  -1.00 200.00   3.20    F  4.74e-04  2.18e+01
 25.00  -1.00 200.00   3.20   Ne  6.30e-01  2.18e+01
 25.00  -1.00 200.00   3.20   Mg  1.42e-01  2.18e+01
 25.00  -1.00 200.00   3.20   Si  2.37e-01  2.18e+01
 25.00  -1.00 200.00   3.20    S  8.07e-02  2.18e+01
 25.00  -1.00 200.00   3.20   Fe  7.48e-02  2.18e+01
 30.00  -1.00 200.00   3.85    p  9.33e+00  2.62e+01
 30.00  -1.00 200.00   3.85   He  7.07e+00  2.62e+01
 30.00  -1.00 200.00   3.85    C  1.36e+00  2.62e+01
 30.00  -1.00 200.00   3.85    N  2.32e-02  2.62e+01
 30.00  -1.00 200.00   3.85    O  6.90e+00  2.62e+01
 30.00  -1.00 200.00   3.85    F  6.08e-04  2.62e+01
 30.00  -1.00 200.00   3.85   Ne  8.15e-01  2.62e+01
 30.00  -1.00 200.00   3.85   Mg  1.71e-01  2.62e+01
 30.00  -1.00 200.00   3.85   Si  3.07e-01  2.62e+01
 30.00  -1.00 200.00   3.85    S  1.10e-01  2.62e+01
 30.00  -1.00 200.00   3.85   Fe  7.46e-02  2.62e+01
 40.00  -1.00 200.00   5.16    p  1.14e+01  3.48e+01
 40.00  -1.00 200.00   5.16   He  7.71e+00  3.48e+01
 40.00  -1.00 200.00   5.16    C  2.18e+00  3.48e+01
 40.00  -1.00 200.00   5.16    N  4.53e-02  3.48e+01
 40.00  -1.00 200.00   5.16    O  1.11e+01  3.48e+01
 40.00  -1.00 200.00   5.16    F  1.97e-04  3.48e+01
 40.00  -1.00 200.00   5.16   Ne  1.26e+00  3.48e+01
 40.00  -1.00 200.00   5.16   Mg  3.84e-01  3.48e+01
 40.00  -1.00 200.00   5.16   Si  4.70e-01  3.48e+01
 40.00  -1.00 200.00   5.16    S  1.61e-01  3.48e+01
 40.00  -1.00 200.00   5.16   Fe  7.52e-02  3.48e+01
 60.00  -1.00 200.00   7.18    p  1.51e+01  5.28e+01
 60.00  -1.00 200.00   7.18   He  1.21e+01  5.28e+01
 60.00  -1.00 200.00   7.18    C  3.60e+00  5.28e+01
 60.00  -1.00 200.00   7.18    N  5.15e-02  5.28e+01
 60.00  -1.00 200.00   7.18    O  1.81e+01  5.28e+01
 60.00  -1.00 200.00   7.18    F  8.95e-05  5.28e+01
 60.00  -1.00 200.00   7.18   Ne  1.94e+00  5.28e+01
 60.00  -1.00 200.00   7.18   Mg  8.14e-01  5.28e+01
 60.00  -1.00 200.00   7.18   Si  8.31e-01  5.28e+01
 60.00  -1.00 200.00   7.18    S  2.75e-01  5.28e+01
 60.00  -1.00 200.00   7.18   Fe  7.88e-02  5.28e+01
 80.00  -1.00 200.00   9.16    p  1.86e+01  7.08e+01
 80.00  -1.00 200.00   9.16   He  1.74e+01  7.08e+01
 80.00  -1.00 200.00   9.16    C  4.42e+00  7.08e+01
 80.00  -1.00 200.00   9.16    N  5.62e-02  7.08e+01
 80.00  -1.00 200.00   9.16    O  2.47e+01  7.08e+01
 80.00  -1.00 200.00   9.16    F  8.22e-05  7.08e+01
 80.00  -1.00 200.00   9.16   Ne  2.64e+00  7.08e+01
 80.00  -1.00 200.00   9.16   Mg  1.23e+00  7.08e+01
 80.00  -1.00 200.00   9.16   Si  1.22e+00  7.08e+01
 80.00  -1.00 200.00   9.16    S  4.07e-01  7.08e+01
 80.00  -1.00 200.00   9.16   Fe  8.04e-02  7.08e+01
120.00  -1.00 200.00  35.32    p  2.31e+01  8.47e+01
120.00  -1.00 200.00  35.32   He  3.48e+01  8.47e+01
120.00  -1.00 200.00  35.32    C  4.21e+00  8.47e+01
120.00  -1.00 200.00  35.32    N  8.33e-02  8.47e+01
120.00  -1.00 200.00  35.32    O  1.97e+01  8.47e+01
120.00  -1.00 200.00  35.32    F  2.59e-06  8.47e+01
120.00  -1.00 200.00  35.32   Ne  1.43e+00  8.47e+01
120.00  -1.00 200.00  35.32   Mg  6.57e-01  8.47e+01
120.00  -1.00 200.00  35.32   Si  5.34e-01  8.47e+01
120.00  -1.00 200.00  35.32    S  1.73e-01  8.47e+01
120.00  -1.00 200.00  35.32   Fe  4.86e-02  8.47e+01
