#--------- --------- --------- --------- --------- --------- --------- --------- --------- --------- --------- --------- --------- --------- --------- --------- --------- --------- --------- --------- --------- --------- --------- ---------
# time     Mtot        p total  He total   C total   N total   O total   F total  Ne total  Mg total  Si total   S total  Fe total    p dust   He dust    C dust    N dust    O dust    F dust   Ne dust   Mg dust   Si dust    S dust   Fe dust
#--------- --------- --------- --------- --------- --------- --------- --------- --------- --------- --------- --------- --------- --------- --------- --------- --------- --------- --------- --------- --------- --------- --------- ---------
 1.000e+05 0.000e+00 0.000e+00 0.000e+00 0.000e+00 0.000e+00 0.000e+00 0.000e+00 0.000e+00 0.000e+00 0.000e+00 0.000e+00 0.000e+00 0.000e+00 0.000e+00 0.000e+00 0.000e+00 0.000e+00 0.000e+00 0.000e+00 0.000e+00 0.000e+00 0.000e+00 0.000e+00
 1.122e+05 0.000e+00 0.000e+00 0.000e+00 0.000e+00 0.000e+00 0.000e+00 0.000e+00 0.000e+00 0.000e+00 0.000e+00 0.000e+00 0.000e+00 0.000e+00 0.000e+00 0.000e+00 0.000e+00 0.000e+00 0.000e+00 0.000e+00 0.000e+00 0.000e+00 0.000e+00 0.000e+00
 1.259e+05 0.000e+00 0.000e+00 0.000e+00 0.000e+00 0.000e+00 0.000e+00 0.000e+00 0.000e+00 0.000e+00 0.000e+00 0.000e+00 0.000e+00 0.000e+00 0.000e+00 0.000e+00 0.000e+00 0.000e+00 0.000e+00 0.000e+00 0.000e+00 0.000e+00 0.000e+00 0.000e+00
 1.413e+05 0.000e+00 0.000e+00 0.000e+00 0.000e+00 0.000e+00 0.000e+00 0.000e+00 0.000e+00 0.000e+00 0.000e+00 0.000e+00 0.000e+00 0.000e+00 0.000e+00 0.000e+00 0.000e+00 0.000e+00 0.000e+00 0.000e+00 0.000e+00 0.000e+00 0.000e+00 0.000e+00
 1.585e+05 0.000e+00 0.000e+00 0.000e+00 0.000e+00 0.000e+00 0.000e+00 0.000e+00 0.000e+00 0.000e+00 0.000e+00 0.000e+00 0.000e+00 0.000e+00 0.000e+00 0.000e+00 0.000e+00 0.000e+00 0.000e+00 0.000e+00 0.000e+00 0.000e+00 0.000e+00 0.000e+00
 1.778e+05 0.000e+00 0.000e+00 0.000e+00 0.000e+00 0.000e+00 0.000e+00 0.000e+00 0.000e+00 0.000e+00 0.000e+00 0.000e+00 0.000e+00 0.000e+00 0.000e+00 0.000e+00 0.000e+00 0.000e+00 0.000e+00 0.000e+00 0.000e+00 0.000e+00 0.000e+00 0.000e+00
 1.995e+05 0.000e+00 0.000e+00 0.000e+00 0.000e+00 0.000e+00 0.000e+00 0.000e+00 0.000e+00 0.000e+00 0.000e+00 0.000e+00 0.000e+00 0.000e+00 0.000e+00 0.000e+00 0.000e+00 0.000e+00 0.000e+00 0.000e+00 0.000e+00 0.000e+00 0.000e+00 0.000e+00
 2.239e+05 0.000e+00 0.000e+00 0.000e+00 0.000e+00 0.000e+00 0.000e+00 0.000e+00 0.000e+00 0.000e+00 0.000e+00 0.000e+00 0.000e+00 0.000e+00 0.000e+00 0.000e+00 0.000e+00 0.000e+00 0.000e+00 0.000e+00 0.000e+00 0.000e+00 0.000e+00 0.000e+00
 2.512e+05 0.000e+00 0.000e+00 0.000e+00 0.000e+00 0.000e+00 0.000e+00 0.000e+00 0.000e+00 0.000e+00 0.000e+00 0.000e+00 0.000e+00 0.000e+00 0.000e+00 0.000e+00 0.000e+00 0.000e+00 0.000e+00 0.000e+00 0.000e+00 0.000e+00 0.000e+00 0.000e+00
 2.818e+05 0.000e+00 0.000e+00 0.000e+00 0.000e+00 0.000e+00 0.000e+00 0.000e+00 0.000e+00 0.000e+00 0.000e+00 0.000e+00 0.000e+00 0.000e+00 0.000e+00 0.000e+00 0.000e+00 0.000e+00 0.000e+00 0.000e+00 0.000e+00 0.000e+00 0.000e+00 0.000e+00
 3.162e+05 0.000e+00 0.000e+00 0.000e+00 0.000e+00 0.000e+00 0.000e+00 0.000e+00 0.000e+00 0.000e+00 0.000e+00 0.000e+00 0.000e+00 0.000e+00 0.000e+00 0.000e+00 0.000e+00 0.000e+00 0.000e+00 0.000e+00 0.000e+00 0.000e+00 0.000e+00 0.000e+00
 3.548e+05 0.000e+00 0.000e+00 0.000e+00 0.000e+00 0.000e+00 0.000e+00 0.000e+00 0.000e+00 0.000e+00 0.000e+00 0.000e+00 0.000e+00 0.000e+00 0.000e+00 0.000e+00 0.000e+00 0.000e+00 0.000e+00 0.000e+00 0.000e+00 0.000e+00 0.000e+00 0.000e+00
 3.981e+05 0.000e+00 0.000e+00 0.000e+00 0.000e+00 0.000e+00 0.000e+00 0.000e+00 0.000e+00 0.000e+00 0.000e+00 0.000e+00 0.000e+00 0.000e+00 0.000e+00 0.000e+00 0.000e+00 0.000e+00 0.000e+00 0.000e+00 0.000e+00 0.000e+00 0.000e+00 0.000e+00
 4.467e+05 0.000e+00 0.000e+00 0.000e+00 0.000e+00 0.000e+00 0.000e+00 0.000e+00 0.000e+00 0.000e+00 0.000e+00 0.000e+00 0.000e+00 0.000e+00 0.000e+00 0.000e+00 0.000e+00 0.000e+00 0.000e+00 0.000e+00 0.000e+00 0.000e+00 0.000e+00 0.000e+00
 5.012e+05 0.000e+00 0.000e+00 0.000e+00 0.000e+00 0.000e+00 0.000e+00 0.000e+00 0.000e+00 0.000e+00 0.000e+00 0.000e+00 0.000e+00 0.000e+00 0.000e+00 0.000e+00 0.000e+00 0.000e+00 0.000e+00 0.000e+00 0.000e+00 0.000e+00 0.000e+00 0.000e+00
 5.623e+05 0.000e+00 0.000e+00 0.000e+00 0.000e+00 0.000e+00 0.000e+00 0.000e+00 0.000e+00 0.000e+00 0.000e+00 0.000e+00 0.000e+00 0.000e+00 0.000e+00 0.000e+00 0.000e+00 0.000e+00 0.000e+00 0.000e+00 0.000e+00 0.000e+00 0.000e+00 0.000e+00
 6.310e+05 0.000e+00 0.000e+00 0.000e+00 0.000e+00 0.000e+00 0.000e+00 0.000e+00 0.000e+00 0.000e+00 0.000e+00 0.000e+00 0.000e+00 0.000e+00 0.000e+00 0.000e+00 0.000e+00 0.000e+00 0.000e+00 0.000e+00 0.000e+00 0.000e+00 0.000e+00 0.000e+00
 7.079e+05 0.000e+00 0.000e+00 0.000e+00 0.000e+00 0.000e+00 0.000e+00 0.000e+00 0.000e+00 0.000e+00 0.000e+00 0.000e+00 0.000e+00 0.000e+00 0.000e+00 0.000e+00 0.000e+00 0.000e+00 0.000e+00 0.000e+00 0.000e+00 0.000e+00 0.000e+00 0.000e+00
 7.943e+05 0.000e+00 0.000e+00 0.000e+00 0.000e+00 0.000e+00 0.000e+00 0.000e+00 0.000e+00 0.000e+00 0.000e+00 0.000e+00 0.000e+00 0.000e+00 0.000e+00 0.000e+00 0.000e+00 0.000e+00 0.000e+00 0.000e+00 0.000e+00 0.000e+00 0.000e+00 0.000e+00
 8.913e+05 0.000e+00 0.000e+00 0.000e+00 0.000e+00 0.000e+00 0.000e+00 0.000e+00 0.000e+00 0.000e+00 0.000e+00 0.000e+00 0.000e+00 0.000e+00 0.000e+00 0.000e+00 0.000e+00 0.000e+00 0.000e+00 0.000e+00 0.000e+00 0.000e+00 0.000e+00 0.000e+00
 1.000e+06 0.000e+00 0.000e+00 0.000e+00 0.000e+00 0.000e+00 0.000e+00 0.000e+00 0.000e+00 0.000e+00 0.000e+00 0.000e+00 0.000e+00 0.000e+00 0.000e+00 0.000e+00 0.000e+00 0.000e+00 0.000e+00 0.000e+00 0.000e+00 0.000e+00 0.000e+00 0.000e+00
 1.122e+06 0.000e+00 0.000e+00 0.000e+00 0.000e+00 0.000e+00 0.000e+00 0.000e+00 0.000e+00 0.000e+00 0.000e+00 0.000e+00 0.000e+00 0.000e+00 0.000e+00 0.000e+00 0.000e+00 0.000e+00 0.000e+00 0.000e+00 0.000e+00 0.000e+00 0.000e+00 0.000e+00
 1.259e+06 0.000e+00 0.000e+00 0.000e+00 0.000e+00 0.000e+00 0.000e+00 0.000e+00 0.000e+00 0.000e+00 0.000e+00 0.000e+00 0.000e+00 0.000e+00 0.000e+00 0.000e+00 0.000e+00 0.000e+00 0.000e+00 0.000e+00 0.000e+00 0.000e+00 0.000e+00 0.000e+00
 1.413e+06 0.000e+00 0.000e+00 0.000e+00 0.000e+00 0.000e+00 0.000e+00 0.000e+00 0.000e+00 0.000e+00 0.000e+00 0.000e+00 0.000e+00 0.000e+00 0.000e+00 0.000e+00 0.000e+00 0.000e+00 0.000e+00 0.000e+00 0.000e+00 0.000e+00 0.000e+00 0.000e+00
 1.585e+06 0.000e+00 0.000e+00 0.000e+00 0.000e+00 0.000e+00 0.000e+00 0.000e+00 0.000e+00 0.000e+00 0.000e+00 0.000e+00 0.000e+00 0.000e+00 0.000e+00 0.000e+00 0.000e+00 0.000e+00 0.000e+00 0.000e+00 0.000e+00 0.000e+00 0.000e+00 0.000e+00
 1.778e+06 0.000e+00 0.000e+00 0.000e+00 0.000e+00 0.000e+00 0.000e+00 0.000e+00 0.000e+00 0.000e+00 0.000e+00 0.000e+00 0.000e+00 0.000e+00 0.000e+00 0.000e+00 0.000e+00 0.000e+00 0.000e+00 0.000e+00 0.000e+00 0.000e+00 0.000e+00 0.000e+00
 1.995e+06 0.000e+00 0.000e+00 0.000e+00 0.000e+00 0.000e+00 0.000e+00 0.000e+00 0.000e+00 0.000e+00 0.000e+00 0.000e+00 0.000e+00 0.000e+00 0.000e+00 0.000e+00 0.000e+00 0.000e+00 0.000e+00 0.000e+00 0.000e+00 0.000e+00 0.000e+00 0.000e+00
 2.239e+06 0.000e+00 0.000e+00 0.000e+00 0.000e+00 0.000e+00 0.000e+00 0.000e+00 0.000e+00 0.000e+00 0.000e+00 0.000e+00 0.000e+00 0.000e+00 0.000e+00 0.000e+00 0.000e+00 0.000e+00 0.000e+00 0.000e+00 0.000e+00 0.000e+00 0.000e+00 0.000e+00
 2.512e+06 0.000e+00 0.000e+00 0.000e+00 0.000e+00 0.000e+00 0.000e+00 0.000e+00 0.000e+00 0.000e+00 0.000e+00 0.000e+00 0.000e+00 0.000e+00 0.000e+00 0.000e+00 0.000e+00 0.000e+00 0.000e+00 0.000e+00 0.000e+00 0.000e+00 0.000e+00 0.000e+00
 2.818e+06 0.000e+00 0.000e+00 0.000e+00 0.000e+00 0.000e+00 0.000e+00 0.000e+00 0.000e+00 0.000e+00 0.000e+00 0.000e+00 0.000e+00 0.000e+00 0.000e+00 0.000e+00 0.000e+00 0.000e+00 0.000e+00 0.000e+00 0.000e+00 0.000e+00 0.000e+00 0.000e+00
 3.162e+06 0.000e+00 0.000e+00 0.000e+00 0.000e+00 0.000e+00 0.000e+00 0.000e+00 0.000e+00 0.000e+00 0.000e+00 0.000e+00 0.000e+00 0.000e+00 0.000e+00 0.000e+00 0.000e+00 0.000e+00 0.000e+00 0.000e+00 0.000e+00 0.000e+00 0.000e+00 0.000e+00
 3.548e+06 5.107e-03 1.983e-03 2.917e-03 1.257e-04 2.959e-05 2.420e-05 1.363e-09 1.200e-05 3.551e-06 3.425e-06 1.592e-06 6.645e-06 0.000e+00 0.000e+00 1.885e-05 0.000e+00 1.048e-06 0.000e+00 0.000e+00 5.326e-07 5.137e-07 2.387e-07 9.968e-07
 3.981e+06 1.995e-02 8.129e-03 1.099e-02 5.043e-04 1.140e-04 1.035e-04 5.741e-09 4.573e-05 1.394e-05 1.338e-05 6.213e-06 2.596e-05 0.000e+00 0.000e+00 7.564e-05 0.000e+00 4.100e-06 0.000e+00 0.000e+00 2.090e-06 2.007e-06 9.319e-07 3.894e-06
 4.467e+06 2.861e-02 1.181e-02 1.549e-02 7.114e-04 1.612e-04 2.580e-04 9.561e-09 8.428e-05 2.440e-05 2.415e-05 1.086e-05 3.847e-05 0.000e+00 0.000e+00 1.067e-04 0.000e+00 6.938e-06 0.000e+00 0.000e+00 3.659e-06 3.622e-06 1.629e-06 5.771e-06
 5.012e+06 4.311e-02 1.730e-02 2.196e-02 1.269e-03 2.282e-04 1.692e-03 1.857e-08 3.674e-04 8.803e-05 9.435e-05 3.916e-05 7.247e-05 0.000e+00 0.000e+00 1.903e-04 0.000e+00 2.280e-05 0.000e+00 0.000e+00 1.320e-05 1.415e-05 5.874e-06 1.087e-05
 5.623e+06 5.292e-02 2.065e-02 2.577e-02 1.763e-03 2.670e-04 3.296e-03 2.578e-08 6.781e-04 1.563e-04 1.707e-04 6.951e-05 1.030e-04 0.000e+00 0.000e+00 2.645e-04 0.000e+00 3.964e-05 0.000e+00 0.000e+00 2.344e-05 2.560e-05 1.043e-05 1.544e-05
 6.310e+06 6.651e-02 2.534e-02 3.089e-02 2.461e-03 3.172e-04 5.563e-03 3.322e-08 1.134e-03 2.565e-04 2.872e-04 1.141e-04 1.508e-04 0.000e+00 0.000e+00 3.691e-04 0.000e+00 6.489e-05 0.000e+00 0.000e+00 3.848e-05 4.308e-05 1.711e-05 2.263e-05
 7.079e+06 7.527e-02 2.845e-02 3.413e-02 2.911e-03 3.480e-04 6.987e-03 3.658e-08 1.425e-03 3.217e-04 3.690e-04 1.442e-04 1.854e-04 0.000e+00 0.000e+00 4.367e-04 0.000e+00 8.205e-05 0.000e+00 0.000e+00 4.825e-05 5.535e-05 2.163e-05 2.781e-05
 7.943e+06 8.674e-02 3.270e-02 3.839e-02 3.508e-03 3.877e-04 8.703e-03 4.305e-08 1.739e-03 3.981e-04 4.908e-04 1.882e-04 2.359e-04 0.000e+00 0.000e+00 5.261e-04 0.000e+00 1.055e-04 0.000e+00 0.000e+00 5.971e-05 7.363e-05 2.823e-05 3.538e-05
 8.913e+06 9.456e-02 3.570e-02 4.132e-02 3.911e-03 4.146e-04 9.787e-03 5.726e-08 1.906e-03 4.442e-04 5.794e-04 2.210e-04 2.741e-04 0.000e+00 0.000e+00 5.867e-04 0.000e+00 1.217e-04 0.000e+00 0.000e+00 6.664e-05 8.691e-05 3.315e-05 4.111e-05
 1.000e+07 1.046e-01 3.967e-02 4.510e-02 4.417e-03 4.490e-04 1.107e-02 9.557e-08 2.063e-03 4.959e-04 6.956e-04 2.660e-04 3.285e-04 0.000e+00 0.000e+00 6.625e-04 0.000e+00 1.424e-04 0.000e+00 0.000e+00 7.438e-05 1.043e-04 3.991e-05 4.928e-05
 1.122e+07 1.116e-01 4.257e-02 4.777e-02 4.739e-03 4.728e-04 1.194e-02 1.660e-07 2.151e-03 5.282e-04 7.750e-04 2.980e-04 3.857e-04 0.000e+00 0.000e+00 7.108e-04 0.000e+00 1.573e-04 0.000e+00 0.000e+00 7.923e-05 1.162e-04 4.471e-05 5.785e-05
 1.259e+07 1.205e-01 4.630e-02 5.107e-02 5.073e-03 5.016e-04 1.300e-02 3.325e-07 2.247e-03 5.644e-04 8.667e-04 3.364e-04 4.930e-04 0.000e+00 0.000e+00 7.609e-04 0.000e+00 1.762e-04 0.000e+00 0.000e+00 8.466e-05 1.300e-04 5.046e-05 7.395e-05
 1.413e+07 1.267e-01 4.902e-02 5.337e-02 5.259e-03 5.213e-04 1.373e-02 5.072e-07 2.306e-03 5.869e-04 9.261e-04 3.623e-04 5.948e-04 0.000e+00 0.000e+00 7.889e-04 0.000e+00 1.898e-04 0.000e+00 0.000e+00 8.803e-05 1.389e-04 5.435e-05 8.922e-05
 1.585e+07 1.343e-01 5.246e-02 5.618e-02 5.451e-03 5.453e-04 1.457e-02 7.158e-07 2.366e-03 6.101e-04 9.940e-04 3.930e-04 7.232e-04 0.000e+00 0.000e+00 8.176e-04 0.000e+00 2.057e-04 0.000e+00 0.000e+00 9.152e-05 1.491e-04 5.896e-05 1.085e-04
 1.778e+07 1.405e-01 5.538e-02 5.854e-02 5.611e-03 5.660e-04 1.516e-02 7.783e-07 2.403e-03 6.250e-04 1.048e-03 4.179e-04 7.926e-04 0.000e+00 0.000e+00 8.416e-04 0.000e+00 2.166e-04 0.000e+00 0.000e+00 9.375e-05 1.572e-04 6.268e-05 1.189e-04
 1.995e+07 1.481e-01 5.900e-02 6.143e-02 5.808e-03 5.919e-04 1.583e-02 7.859e-07 2.440e-03 6.404e-04 1.113e-03 4.480e-04 8.543e-04 0.000e+00 0.000e+00 8.712e-04 0.000e+00 2.286e-04 0.000e+00 0.000e+00 9.606e-05 1.670e-04 6.719e-05 1.281e-04
 2.239e+07 1.539e-01 6.175e-02 6.363e-02 5.958e-03 6.115e-04 1.633e-02 7.916e-07 2.468e-03 6.521e-04 1.163e-03 4.708e-04 9.013e-04 0.000e+00 0.000e+00 8.937e-04 0.000e+00 2.377e-04 0.000e+00 0.000e+00 9.782e-05 1.745e-04 7.062e-05 1.352e-04
 2.512e+07 1.610e-01 6.509e-02 6.631e-02 6.140e-03 6.353e-04 1.694e-02 7.985e-07 2.502e-03 6.663e-04 1.223e-03 4.986e-04 9.582e-04 0.000e+00 0.000e+00 9.210e-04 0.000e+00 2.488e-04 0.000e+00 0.000e+00 9.995e-05 1.835e-04 7.479e-05 1.437e-04
 2.818e+07 1.665e-01 6.772e-02 6.841e-02 6.284e-03 6.542e-04 1.743e-02 8.040e-07 2.529e-03 6.776e-04 1.271e-03 5.205e-04 1.003e-03 0.000e+00 0.000e+00 9.426e-04 0.000e+00 2.575e-04 0.000e+00 0.000e+00 1.016e-04 1.906e-04 7.807e-05 1.505e-04
 3.162e+07 1.731e-01 7.087e-02 7.094e-02 6.456e-03 6.767e-04 1.801e-02 8.105e-07 2.562e-03 6.910e-04 1.328e-03 5.467e-04 1.057e-03 0.000e+00 0.000e+00 9.683e-04 0.000e+00 2.680e-04 0.000e+00 0.000e+00 1.036e-04 1.991e-04 8.200e-05 1.585e-04
 3.548e+07 1.785e-01 7.343e-02 7.298e-02 6.595e-03 6.949e-04 1.847e-02 8.158e-07 2.588e-03 7.019e-04 1.374e-03 5.679e-04 1.101e-03 0.000e+00 0.000e+00 9.892e-04 0.000e+00 2.765e-04 0.000e+00 0.000e+00 1.053e-04 2.060e-04 8.519e-05 1.651e-04
 3.981e+07 1.850e-01 7.653e-02 7.546e-02 6.764e-03 7.170e-04 1.904e-02 8.223e-07 2.620e-03 7.151e-04 1.429e-03 5.937e-04 1.154e-03 0.000e+00 0.000e+00 1.015e-03 0.000e+00 2.868e-04 0.000e+00 0.000e+00 1.073e-04 2.144e-04 8.905e-05 1.730e-04
 4.467e+07 1.910e-01 7.989e-02 7.764e-02 6.843e-03 7.553e-04 1.931e-02 8.256e-07 2.638e-03 7.227e-04 1.456e-03 6.064e-04 1.180e-03 0.000e+00 0.000e+00 1.026e-03 0.000e+00 2.920e-04 0.000e+00 0.000e+00 1.085e-04 2.185e-04 9.102e-05 1.771e-04
 5.012e+07 1.981e-01 8.438e-02 8.010e-02 6.853e-03 8.194e-04 1.935e-02 8.268e-07 2.648e-03 7.267e-04 1.460e-03 6.095e-04 1.186e-03 0.000e+00 0.000e+00 1.026e-03 0.000e+00 2.937e-04 0.000e+00 0.000e+00 1.093e-04 2.193e-04 9.163e-05 1.784e-04
 5.623e+07 2.040e-01 8.810e-02 8.211e-02 6.857e-03 8.731e-04 1.938e-02 8.276e-07 2.656e-03 7.297e-04 1.462e-03 6.115e-04 1.191e-03 0.000e+00 0.000e+00 1.026e-03 0.000e+00 2.948e-04 0.000e+00 0.000e+00 1.099e-04 2.197e-04 9.204e-05 1.793e-04
 6.310e+07 2.106e-01 9.230e-02 8.439e-02 6.865e-03 9.334e-04 1.941e-02 8.286e-07 2.665e-03 7.333e-04 1.465e-03 6.141e-04 1.196e-03 0.000e+00 0.000e+00 1.026e-03 0.000e+00 2.962e-04 0.000e+00 0.000e+00 1.106e-04 2.203e-04 9.256e-05 1.804e-04
 7.079e+07 2.159e-01 9.566e-02 8.623e-02 6.873e-03 9.812e-04 1.944e-02 8.295e-07 2.672e-03 7.364e-04 1.469e-03 6.166e-04 1.202e-03 0.000e+00 0.000e+00 1.026e-03 0.000e+00 2.975e-04 0.000e+00 0.000e+00 1.112e-04 2.210e-04 9.304e-05 1.814e-04
 7.943e+07 2.223e-01 9.977e-02 8.844e-02 6.878e-03 1.041e-03 1.947e-02 8.305e-07 2.681e-03 7.397e-04 1.471e-03 6.187e-04 1.206e-03 0.000e+00 0.000e+00 1.026e-03 0.000e+00 2.987e-04 0.000e+00 0.000e+00 1.119e-04 2.215e-04 9.349e-05 1.824e-04
 8.913e+07 2.275e-01 1.031e-01 9.022e-02 6.888e-03 1.089e-03 1.950e-02 8.319e-07 2.688e-03 7.428e-04 1.474e-03 6.211e-04 1.212e-03 0.000e+00 0.000e+00 1.026e-03 0.000e+00 3.000e-04 0.000e+00 0.000e+00 1.125e-04 2.221e-04 9.395e-05 1.834e-04
 1.000e+08 2.335e-01 1.070e-01 9.220e-02 6.898e-03 1.146e-03 1.953e-02 8.339e-07 2.697e-03 7.461e-04 1.477e-03 6.235e-04 1.217e-03 0.000e+00 0.000e+00 1.026e-03 0.000e+00 3.013e-04 0.000e+00 0.000e+00 1.132e-04 2.227e-04 9.442e-05 1.844e-04
 1.122e+08 2.389e-01 1.105e-01 9.398e-02 6.910e-03 1.196e-03 1.956e-02 8.363e-07 2.706e-03 7.492e-04 1.480e-03 6.256e-04 1.221e-03 0.000e+00 0.000e+00 1.026e-03 0.000e+00 3.025e-04 0.000e+00 0.000e+00 1.138e-04 2.232e-04 9.485e-05 1.854e-04
 1.259e+08 2.446e-01 1.142e-01 9.584e-02 6.925e-03 1.247e-03 1.960e-02 8.395e-07 2.715e-03 7.524e-04 1.483e-03 6.279e-04 1.226e-03 0.000e+00 0.000e+00 1.026e-03 0.000e+00 3.037e-04 0.000e+00 0.000e+00 1.144e-04 2.238e-04 9.530e-05 1.863e-04
 1.413e+08 2.496e-01 1.175e-01 9.743e-02 6.940e-03 1.288e-03 1.962e-02 8.427e-07 2.722e-03 7.552e-04 1.485e-03 6.298e-04 1.230e-03 0.000e+00 0.000e+00 1.026e-03 0.000e+00 3.048e-04 0.000e+00 0.000e+00 1.150e-04 2.243e-04 9.569e-05 1.872e-04
 1.585e+08 2.554e-01 1.214e-01 9.922e-02 6.958e-03 1.329e-03 1.965e-02 8.470e-07 2.731e-03 7.582e-04 1.487e-03 6.317e-04 1.235e-03 0.000e+00 0.000e+00 1.026e-03 0.000e+00 3.059e-04 0.000e+00 0.000e+00 1.156e-04 2.247e-04 9.609e-05 1.881e-04
 1.778e+08 2.604e-01 1.247e-01 1.007e-01 6.983e-03 1.356e-03 1.969e-02 8.515e-07 2.739e-03 7.610e-04 1.490e-03 6.341e-04 1.240e-03 0.000e+00 0.000e+00 1.026e-03 0.000e+00 3.066e-04 0.000e+00 0.000e+00 1.159e-04 2.251e-04 9.634e-05 1.886e-04
 1.995e+08 2.662e-01 1.287e-01 1.025e-01 7.016e-03 1.375e-03 1.972e-02 8.573e-07 2.748e-03 7.640e-04 1.493e-03 6.364e-04 1.245e-03 0.000e+00 0.000e+00 1.028e-03 0.000e+00 3.066e-04 0.000e+00 0.000e+00 1.159e-04 2.251e-04 9.635e-05 1.886e-04
 2.239e+08 2.711e-01 1.321e-01 1.039e-01 7.050e-03 1.384e-03 1.976e-02 8.633e-07 2.756e-03 7.664e-04 1.496e-03 6.384e-04 1.249e-03 0.000e+00 0.000e+00 1.030e-03 0.000e+00 3.066e-04 0.000e+00 0.000e+00 1.159e-04 2.251e-04 9.635e-05 1.886e-04
 2.512e+08 2.763e-01 1.357e-01 1.054e-01 7.091e-03 1.394e-03 1.979e-02 8.716e-07 2.764e-03 7.690e-04 1.498e-03 6.404e-04 1.253e-03 0.000e+00 0.000e+00 1.033e-03 0.000e+00 3.066e-04 0.000e+00 0.000e+00 1.159e-04 2.251e-04 9.635e-05 1.886e-04
 2.818e+08 2.810e-01 1.389e-01 1.068e-01 7.130e-03 1.403e-03 1.981e-02 8.809e-07 2.773e-03 7.712e-04 1.500e-03 6.419e-04 1.257e-03 0.000e+00 0.000e+00 1.037e-03 0.000e+00 3.064e-04 0.000e+00 0.000e+00 1.158e-04 2.249e-04 9.627e-05 1.885e-04
 3.162e+08 2.868e-01 1.428e-01 1.086e-01 7.188e-03 1.413e-03 1.984e-02 8.947e-07 2.784e-03 7.740e-04 1.502e-03 6.442e-04 1.262e-03 0.000e+00 0.000e+00 1.043e-03 0.000e+00 3.064e-04 0.000e+00 0.000e+00 1.158e-04 2.249e-04 9.627e-05 1.885e-04
 3.548e+08 2.920e-01 1.463e-01 1.102e-01 7.249e-03 1.422e-03 1.988e-02 9.093e-07 2.795e-03 7.768e-04 1.506e-03 6.466e-04 1.267e-03 0.000e+00 0.000e+00 1.050e-03 0.000e+00 3.066e-04 0.000e+00 0.000e+00 1.159e-04 2.251e-04 9.634e-05 1.886e-04
 3.981e+08 2.976e-01 1.500e-01 1.119e-01 7.313e-03 1.432e-03 1.991e-02 9.263e-07 2.808e-03 7.794e-04 1.508e-03 6.484e-04 1.271e-03 0.000e+00 0.000e+00 1.058e-03 0.000e+00 3.064e-04 0.000e+00 0.000e+00 1.158e-04 2.249e-04 9.628e-05 1.885e-04
 4.467e+08 3.017e-01 1.528e-01 1.132e-01 7.368e-03 1.438e-03 1.994e-02 9.406e-07 2.818e-03 7.815e-04 1.510e-03 6.504e-04 1.275e-03 0.000e+00 0.000e+00 1.065e-03 0.000e+00 3.066e-04 0.000e+00 0.000e+00 1.159e-04 2.251e-04 9.634e-05 1.886e-04
 5.012e+08 3.070e-01 1.563e-01 1.148e-01 7.439e-03 1.447e-03 1.998e-02 9.594e-07 2.832e-03 7.841e-04 1.513e-03 6.526e-04 1.280e-03 0.000e+00 0.000e+00 1.074e-03 0.000e+00 3.066e-04 0.000e+00 0.000e+00 1.159e-04 2.251e-04 9.635e-05 1.886e-04
 5.623e+08 3.126e-01 1.600e-01 1.165e-01 7.508e-03 1.457e-03 2.001e-02 9.771e-07 2.845e-03 7.867e-04 1.516e-03 6.547e-04 1.285e-03 0.000e+00 0.000e+00 1.083e-03 0.000e+00 3.066e-04 0.000e+00 0.000e+00 1.159e-04 2.251e-04 9.634e-05 1.886e-04
 6.310e+08 3.175e-01 1.633e-01 1.180e-01 7.562e-03 1.466e-03 2.003e-02 9.903e-07 2.855e-03 7.888e-04 1.517e-03 6.563e-04 1.288e-03 0.000e+00 0.000e+00 1.089e-03 0.000e+00 3.064e-04 0.000e+00 0.000e+00 1.158e-04 2.249e-04 9.627e-05 1.885e-04
 7.079e+08 3.225e-01 1.667e-01 1.196e-01 7.618e-03 1.473e-03 2.007e-02 1.002e-06 2.866e-03 7.913e-04 1.520e-03 6.587e-04 1.293e-03 0.000e+00 0.000e+00 1.096e-03 0.000e+00 3.066e-04 0.000e+00 0.000e+00 1.159e-04 2.251e-04 9.635e-05 1.886e-04
 7.943e+08 3.289e-01 1.710e-01 1.215e-01 7.677e-03 1.484e-03 2.011e-02 1.013e-06 2.878e-03 7.942e-04 1.523e-03 6.611e-04 1.299e-03 0.000e+00 0.000e+00 1.102e-03 0.000e+00 3.066e-04 0.000e+00 0.000e+00 1.159e-04 2.251e-04 9.634e-05 1.886e-04
 8.913e+08 3.333e-01 1.740e-01 1.228e-01 7.715e-03 1.491e-03 2.014e-02 1.019e-06 2.885e-03 7.962e-04 1.525e-03 6.629e-04 1.302e-03 0.000e+00 0.000e+00 1.105e-03 0.000e+00 3.066e-04 0.000e+00 0.000e+00 1.159e-04 2.251e-04 9.634e-05 1.886e-04
 1.000e+09 3.390e-01 1.779e-01 1.245e-01 7.756e-03 1.500e-03 2.017e-02 1.026e-06 2.894e-03 7.986e-04 1.527e-03 6.648e-04 1.306e-03 0.000e+00 0.000e+00 1.108e-03 0.000e+00 3.064e-04 0.000e+00 0.000e+00 1.158e-04 2.249e-04 9.627e-05 1.885e-04
 1.122e+09 3.437e-01 1.811e-01 1.258e-01 7.788e-03 1.508e-03 2.020e-02 1.031e-06 2.902e-03 8.007e-04 1.530e-03 6.666e-04 1.311e-03 0.000e+00 0.000e+00 1.110e-03 0.000e+00 3.064e-04 0.000e+00 0.000e+00 1.158e-04 2.249e-04 9.627e-05 1.885e-04
 1.259e+09 3.498e-01 1.854e-01 1.276e-01 7.825e-03 1.517e-03 2.025e-02 1.035e-06 2.911e-03 8.037e-04 1.534e-03 6.696e-04 1.317e-03 0.000e+00 0.000e+00 1.111e-03 0.000e+00 3.067e-04 0.000e+00 0.000e+00 1.159e-04 2.251e-04 9.638e-05 1.887e-04
 1.413e+09 3.550e-01 1.889e-01 1.291e-01 7.849e-03 1.526e-03 2.028e-02 1.038e-06 2.918e-03 8.062e-04 1.536e-03 6.717e-04 1.322e-03 0.000e+00 0.000e+00 1.111e-03 0.000e+00 3.078e-04 0.000e+00 0.000e+00 1.164e-04 2.257e-04 9.682e-05 1.896e-04
 1.585e+09 3.603e-01 1.926e-01 1.307e-01 7.872e-03 1.534e-03 2.032e-02 1.041e-06 2.926e-03 8.086e-04 1.539e-03 6.739e-04 1.326e-03 0.000e+00 0.000e+00 1.111e-03 0.000e+00 3.089e-04 0.000e+00 0.000e+00 1.169e-04 2.262e-04 9.725e-05 1.906e-04
 1.778e+09 3.686e-01 1.984e-01 1.331e-01 7.902e-03 1.547e-03 2.037e-02 1.044e-06 2.936e-03 8.123e-04 1.543e-03 6.772e-04 1.333e-03 0.000e+00 0.000e+00 1.111e-03 0.000e+00 3.106e-04 0.000e+00 0.000e+00 1.177e-04 2.270e-04 9.791e-05 1.920e-04
 1.995e+09 3.774e-01 2.046e-01 1.356e-01 7.928e-03 1.561e-03 2.043e-02 1.048e-06 2.947e-03 8.163e-04 1.547e-03 6.807e-04 1.341e-03 0.000e+00 0.000e+00 1.111e-03 0.000e+00 3.124e-04 0.000e+00 0.000e+00 1.184e-04 2.278e-04 9.861e-05 1.936e-04
 2.239e+09 3.820e-01 2.078e-01 1.369e-01 7.938e-03 1.568e-03 2.045e-02 1.049e-06 2.952e-03 8.182e-04 1.548e-03 6.821e-04 1.344e-03 0.000e+00 0.000e+00 1.110e-03 0.000e+00 3.132e-04 0.000e+00 0.000e+00 1.189e-04 2.282e-04 9.894e-05 1.943e-04
 2.512e+09 3.867e-01 2.110e-01 1.383e-01 7.951e-03 1.575e-03 2.049e-02 1.051e-06 2.958e-03 8.204e-04 1.552e-03 6.844e-04 1.349e-03 0.000e+00 0.000e+00 1.111e-03 0.000e+00 3.143e-04 0.000e+00 0.000e+00 1.193e-04 2.287e-04 9.934e-05 1.951e-04
 2.818e+09 3.916e-01 2.145e-01 1.397e-01 7.959e-03 1.582e-03 2.051e-02 1.052e-06 2.964e-03 8.225e-04 1.553e-03 6.859e-04 1.353e-03 0.000e+00 0.000e+00 1.110e-03 0.000e+00 3.152e-04 0.000e+00 0.000e+00 1.197e-04 2.291e-04 9.971e-05 1.959e-04
 3.162e+09 3.965e-01 2.179e-01 1.411e-01 7.970e-03 1.589e-03 2.056e-02 1.054e-06 2.970e-03 8.248e-04 1.556e-03 6.883e-04 1.358e-03 0.000e+00 0.000e+00 1.111e-03 0.000e+00 3.163e-04 0.000e+00 0.000e+00 1.202e-04 2.297e-04 1.001e-04 1.969e-04
 3.548e+09 4.017e-01 2.215e-01 1.426e-01 7.976e-03 1.597e-03 2.058e-02 1.055e-06 2.976e-03 8.270e-04 1.558e-03 6.900e-04 1.361e-03 0.000e+00 0.000e+00 1.110e-03 0.000e+00 3.172e-04 0.000e+00 0.000e+00 1.206e-04 2.301e-04 1.005e-04 1.977e-04
 3.981e+09 4.070e-01 2.252e-01 1.441e-01 7.987e-03 1.604e-03 2.062e-02 1.057e-06 2.983e-03 8.295e-04 1.561e-03 6.924e-04 1.366e-03 0.000e+00 0.000e+00 1.111e-03 0.000e+00 3.184e-04 0.000e+00 0.000e+00 1.211e-04 2.307e-04 1.010e-04 1.986e-04
 4.467e+09 4.124e-01 2.290e-01 1.457e-01 7.993e-03 1.612e-03 2.065e-02 1.058e-06 2.989e-03 8.318e-04 1.563e-03 6.943e-04 1.371e-03 0.000e+00 0.000e+00 1.110e-03 0.000e+00 3.194e-04 0.000e+00 0.000e+00 1.216e-04 2.311e-04 1.014e-04 1.995e-04
 5.012e+09 4.162e-01 2.316e-01 1.468e-01 8.000e-03 1.617e-03 2.067e-02 1.059e-06 2.993e-03 8.335e-04 1.565e-03 6.957e-04 1.374e-03 0.000e+00 0.000e+00 1.110e-03 0.000e+00 3.202e-04 0.000e+00 0.000e+00 1.219e-04 2.315e-04 1.017e-04 2.002e-04
 5.623e+09 4.200e-01 2.343e-01 1.480e-01 8.006e-03 1.621e-03 2.070e-02 1.060e-06 2.998e-03 8.352e-04 1.567e-03 6.973e-04 1.377e-03 0.000e+00 0.000e+00 1.110e-03 0.000e+00 3.210e-04 0.000e+00 0.000e+00 1.223e-04 2.318e-04 1.020e-04 2.008e-04
 6.310e+09 4.239e-01 2.370e-01 1.491e-01 8.012e-03 1.626e-03 2.073e-02 1.061e-06 3.002e-03 8.370e-04 1.569e-03 6.988e-04 1.380e-03 0.000e+00 0.000e+00 1.110e-03 0.000e+00 3.218e-04 0.000e+00 0.000e+00 1.226e-04 2.322e-04 1.023e-04 2.015e-04
 7.079e+09 4.279e-01 2.397e-01 1.503e-01 8.019e-03 1.631e-03 2.075e-02 1.062e-06 3.007e-03 8.387e-04 1.571e-03 7.004e-04 1.384e-03 0.000e+00 0.000e+00 1.110e-03 0.000e+00 3.226e-04 0.000e+00 0.000e+00 1.230e-04 2.326e-04 1.026e-04 2.022e-04
 7.943e+09 4.298e-01 2.411e-01 1.508e-01 8.024e-03 1.633e-03 2.077e-02 1.063e-06 3.010e-03 8.398e-04 1.572e-03 7.015e-04 1.386e-03 0.000e+00 0.000e+00 1.111e-03 0.000e+00 3.230e-04 0.000e+00 0.000e+00 1.231e-04 2.329e-04 1.028e-04 2.026e-04
 8.913e+09 4.339e-01 2.439e-01 1.520e-01 8.032e-03 1.638e-03 2.080e-02 1.064e-06 3.015e-03 8.416e-04 1.574e-03 7.031e-04 1.390e-03 0.000e+00 0.000e+00 1.111e-03 0.000e+00 3.239e-04 0.000e+00 0.000e+00 1.235e-04 2.333e-04 1.031e-04 2.033e-04
 1.000e+10 4.379e-01 2.467e-01 1.532e-01 8.039e-03 1.642e-03 2.082e-02 1.065e-06 3.019e-03 8.434e-04 1.576e-03 7.047e-04 1.393e-03 0.000e+00 0.000e+00 1.111e-03 0.000e+00 3.247e-04 0.000e+00 0.000e+00 1.239e-04 2.337e-04 1.034e-04 2.040e-04
 1.122e+10 4.420e-01 2.495e-01 1.544e-01 8.046e-03 1.647e-03 2.085e-02 1.066e-06 3.024e-03 8.452e-04 1.578e-03 7.064e-04 1.397e-03 0.000e+00 0.000e+00 1.111e-03 0.000e+00 3.255e-04 0.000e+00 0.000e+00 1.242e-04 2.341e-04 1.037e-04 2.047e-04
 1.259e+10 4.441e-01 2.510e-01 1.550e-01 8.048e-03 1.649e-03 2.086e-02 1.067e-06 3.026e-03 8.460e-04 1.578e-03 7.068e-04 1.398e-03 0.000e+00 0.000e+00 1.110e-03 0.000e+00 3.259e-04 0.000e+00 0.000e+00 1.244e-04 2.342e-04 1.039e-04 2.050e-04
 1.413e+10 4.484e-01 2.540e-01 1.563e-01 8.056e-03 1.654e-03 2.088e-02 1.068e-06 3.032e-03 8.479e-04 1.581e-03 7.085e-04 1.402e-03 0.000e+00 0.000e+00 1.110e-03 0.000e+00 3.267e-04 0.000e+00 0.000e+00 1.248e-04 2.346e-04 1.042e-04 2.057e-04
 1.585e+10 4.506e-01 2.555e-01 1.569e-01 8.062e-03 1.656e-03 2.091e-02 1.069e-06 3.034e-03 8.491e-04 1.582e-03 7.098e-04 1.404e-03 0.000e+00 0.000e+00 1.111e-03 0.000e+00 3.273e-04 0.000e+00 0.000e+00 1.250e-04 2.349e-04 1.044e-04 2.062e-04
 1.778e+10 4.552e-01 2.586e-01 1.583e-01 8.070e-03 1.660e-03 2.094e-02 1.070e-06 3.040e-03 8.511e-04 1.585e-03 7.115e-04 1.408e-03 0.000e+00 0.000e+00 1.111e-03 0.000e+00 3.282e-04 0.000e+00 0.000e+00 1.254e-04 2.353e-04 1.048e-04 2.069e-04
