#--------- --------- --------- --------- --------- --------- --------- --------- --------- --------- --------- --------- --------- --------- --------- --------- --------- --------- --------- --------- --------- --------- --------- ---------
# time     Mtot        p total  He total   C total   N total   O total   F total  Ne total  Mg total  Si total   S total  Fe total    p dust   He dust    C dust    N dust    O dust    F dust   Ne dust   Mg dust   Si dust    S dust   Fe dust
#--------- --------- --------- --------- --------- --------- --------- --------- --------- --------- --------- --------- --------- --------- --------- --------- --------- --------- --------- --------- --------- --------- --------- ---------
 1.000e+05 0.000e+00 0.000e+00 0.000e+00 0.000e+00 0.000e+00 0.000e+00 0.000e+00 0.000e+00 0.000e+00 0.000e+00 0.000e+00 0.000e+00 0.000e+00 0.000e+00 0.000e+00 0.000e+00 0.000e+00 0.000e+00 0.000e+00 0.000e+00 0.000e+00 0.000e+00 0.000e+00
 1.122e+05 0.000e+00 0.000e+00 0.000e+00 0.000e+00 0.000e+00 0.000e+00 0.000e+00 0.000e+00 0.000e+00 0.000e+00 0.000e+00 0.000e+00 0.000e+00 0.000e+00 0.000e+00 0.000e+00 0.000e+00 0.000e+00 0.000e+00 0.000e+00 0.000e+00 0.000e+00 0.000e+00
 1.259e+05 0.000e+00 0.000e+00 0.000e+00 0.000e+00 0.000e+00 0.000e+00 0.000e+00 0.000e+00 0.000e+00 0.000e+00 0.000e+00 0.000e+00 0.000e+00 0.000e+00 0.000e+00 0.000e+00 0.000e+00 0.000e+00 0.000e+00 0.000e+00 0.000e+00 0.000e+00 0.000e+00
 1.413e+05 0.000e+00 0.000e+00 0.000e+00 0.000e+00 0.000e+00 0.000e+00 0.000e+00 0.000e+00 0.000e+00 0.000e+00 0.000e+00 0.000e+00 0.000e+00 0.000e+00 0.000e+00 0.000e+00 0.000e+00 0.000e+00 0.000e+00 0.000e+00 0.000e+00 0.000e+00 0.000e+00
 1.585e+05 0.000e+00 0.000e+00 0.000e+00 0.000e+00 0.000e+00 0.000e+00 0.000e+00 0.000e+00 0.000e+00 0.000e+00 0.000e+00 0.000e+00 0.000e+00 0.000e+00 0.000e+00 0.000e+00 0.000e+00 0.000e+00 0.000e+00 0.000e+00 0.000e+00 0.000e+00 0.000e+00
 1.778e+05 0.000e+00 0.000e+00 0.000e+00 0.000e+00 0.000e+00 0.000e+00 0.000e+00 0.000e+00 0.000e+00 0.000e+00 0.000e+00 0.000e+00 0.000e+00 0.000e+00 0.000e+00 0.000e+00 0.000e+00 0.000e+00 0.000e+00 0.000e+00 0.000e+00 0.000e+00 0.000e+00
 1.995e+05 0.000e+00 0.000e+00 0.000e+00 0.000e+00 0.000e+00 0.000e+00 0.000e+00 0.000e+00 0.000e+00 0.000e+00 0.000e+00 0.000e+00 0.000e+00 0.000e+00 0.000e+00 0.000e+00 0.000e+00 0.000e+00 0.000e+00 0.000e+00 0.000e+00 0.000e+00 0.000e+00
 2.239e+05 0.000e+00 0.000e+00 0.000e+00 0.000e+00 0.000e+00 0.000e+00 0.000e+00 0.000e+00 0.000e+00 0.000e+00 0.000e+00 0.000e+00 0.000e+00 0.000e+00 0.000e+00 0.000e+00 0.000e+00 0.000e+00 0.000e+00 0.000e+00 0.000e+00 0.000e+00 0.000e+00
 2.512e+05 0.000e+00 0.000e+00 0.000e+00 0.000e+00 0.000e+00 0.000e+00 0.000e+00 0.000e+00 0.000e+00 0.000e+00 0.000e+00 0.000e+00 0.000e+00 0.000e+00 0.000e+00 0.000e+00 0.000e+00 0.000e+00 0.000e+00 0.000e+00 0.000e+00 0.000e+00 0.000e+00
 2.818e+05 0.000e+00 0.000e+00 0.000e+00 0.000e+00 0.000e+00 0.000e+00 0.000e+00 0.000e+00 0.000e+00 0.000e+00 0.000e+00 0.000e+00 0.000e+00 0.000e+00 0.000e+00 0.000e+00 0.000e+00 0.000e+00 0.000e+00 0.000e+00 0.000e+00 0.000e+00 0.000e+00
 3.162e+05 0.000e+00 0.000e+00 0.000e+00 0.000e+00 0.000e+00 0.000e+00 0.000e+00 0.000e+00 0.000e+00 0.000e+00 0.000e+00 0.000e+00 0.000e+00 0.000e+00 0.000e+00 0.000e+00 0.000e+00 0.000e+00 0.000e+00 0.000e+00 0.000e+00 0.000e+00 0.000e+00
 3.548e+05 0.000e+00 0.000e+00 0.000e+00 0.000e+00 0.000e+00 0.000e+00 0.000e+00 0.000e+00 0.000e+00 0.000e+00 0.000e+00 0.000e+00 0.000e+00 0.000e+00 0.000e+00 0.000e+00 0.000e+00 0.000e+00 0.000e+00 0.000e+00 0.000e+00 0.000e+00 0.000e+00
 3.981e+05 0.000e+00 0.000e+00 0.000e+00 0.000e+00 0.000e+00 0.000e+00 0.000e+00 0.000e+00 0.000e+00 0.000e+00 0.000e+00 0.000e+00 0.000e+00 0.000e+00 0.000e+00 0.000e+00 0.000e+00 0.000e+00 0.000e+00 0.000e+00 0.000e+00 0.000e+00 0.000e+00
 4.467e+05 0.000e+00 0.000e+00 0.000e+00 0.000e+00 0.000e+00 0.000e+00 0.000e+00 0.000e+00 0.000e+00 0.000e+00 0.000e+00 0.000e+00 0.000e+00 0.000e+00 0.000e+00 0.000e+00 0.000e+00 0.000e+00 0.000e+00 0.000e+00 0.000e+00 0.000e+00 0.000e+00
 5.012e+05 0.000e+00 0.000e+00 0.000e+00 0.000e+00 0.000e+00 0.000e+00 0.000e+00 0.000e+00 0.000e+00 0.000e+00 0.000e+00 0.000e+00 0.000e+00 0.000e+00 0.000e+00 0.000e+00 0.000e+00 0.000e+00 0.000e+00 0.000e+00 0.000e+00 0.000e+00 0.000e+00
 5.623e+05 0.000e+00 0.000e+00 0.000e+00 0.000e+00 0.000e+00 0.000e+00 0.000e+00 0.000e+00 0.000e+00 0.000e+00 0.000e+00 0.000e+00 0.000e+00 0.000e+00 0.000e+00 0.000e+00 0.000e+00 0.000e+00 0.000e+00 0.000e+00 0.000e+00 0.000e+00 0.000e+00
 6.310e+05 0.000e+00 0.000e+00 0.000e+00 0.000e+00 0.000e+00 0.000e+00 0.000e+00 0.000e+00 0.000e+00 0.000e+00 0.000e+00 0.000e+00 0.000e+00 0.000e+00 0.000e+00 0.000e+00 0.000e+00 0.000e+00 0.000e+00 0.000e+00 0.000e+00 0.000e+00 0.000e+00
 7.079e+05 0.000e+00 0.000e+00 0.000e+00 0.000e+00 0.000e+00 0.000e+00 0.000e+00 0.000e+00 0.000e+00 0.000e+00 0.000e+00 0.000e+00 0.000e+00 0.000e+00 0.000e+00 0.000e+00 0.000e+00 0.000e+00 0.000e+00 0.000e+00 0.000e+00 0.000e+00 0.000e+00
 7.943e+05 0.000e+00 0.000e+00 0.000e+00 0.000e+00 0.000e+00 0.000e+00 0.000e+00 0.000e+00 0.000e+00 0.000e+00 0.000e+00 0.000e+00 0.000e+00 0.000e+00 0.000e+00 0.000e+00 0.000e+00 0.000e+00 0.000e+00 0.000e+00 0.000e+00 0.000e+00 0.000e+00
 8.913e+05 0.000e+00 0.000e+00 0.000e+00 0.000e+00 0.000e+00 0.000e+00 0.000e+00 0.000e+00 0.000e+00 0.000e+00 0.000e+00 0.000e+00 0.000e+00 0.000e+00 0.000e+00 0.000e+00 0.000e+00 0.000e+00 0.000e+00 0.000e+00 0.000e+00 0.000e+00 0.000e+00
 1.000e+06 0.000e+00 0.000e+00 0.000e+00 0.000e+00 0.000e+00 0.000e+00 0.000e+00 0.000e+00 0.000e+00 0.000e+00 0.000e+00 0.000e+00 0.000e+00 0.000e+00 0.000e+00 0.000e+00 0.000e+00 0.000e+00 0.000e+00 0.000e+00 0.000e+00 0.000e+00 0.000e+00
 1.122e+06 0.000e+00 0.000e+00 0.000e+00 0.000e+00 0.000e+00 0.000e+00 0.000e+00 0.000e+00 0.000e+00 0.000e+00 0.000e+00 0.000e+00 0.000e+00 0.000e+00 0.000e+00 0.000e+00 0.000e+00 0.000e+00 0.000e+00 0.000e+00 0.000e+00 0.000e+00 0.000e+00
 1.259e+06 0.000e+00 0.000e+00 0.000e+00 0.000e+00 0.000e+00 0.000e+00 0.000e+00 0.000e+00 0.000e+00 0.000e+00 0.000e+00 0.000e+00 0.000e+00 0.000e+00 0.000e+00 0.000e+00 0.000e+00 0.000e+00 0.000e+00 0.000e+00 0.000e+00 0.000e+00 0.000e+00
 1.413e+06 0.000e+00 0.000e+00 0.000e+00 0.000e+00 0.000e+00 0.000e+00 0.000e+00 0.000e+00 0.000e+00 0.000e+00 0.000e+00 0.000e+00 0.000e+00 0.000e+00 0.000e+00 0.000e+00 0.000e+00 0.000e+00 0.000e+00 0.000e+00 0.000e+00 0.000e+00 0.000e+00
 1.585e+06 0.000e+00 0.000e+00 0.000e+00 0.000e+00 0.000e+00 0.000e+00 0.000e+00 0.000e+00 0.000e+00 0.000e+00 0.000e+00 0.000e+00 0.000e+00 0.000e+00 0.000e+00 0.000e+00 0.000e+00 0.000e+00 0.000e+00 0.000e+00 0.000e+00 0.000e+00 0.000e+00
 1.778e+06 0.000e+00 0.000e+00 0.000e+00 0.000e+00 0.000e+00 0.000e+00 0.000e+00 0.000e+00 0.000e+00 0.000e+00 0.000e+00 0.000e+00 0.000e+00 0.000e+00 0.000e+00 0.000e+00 0.000e+00 0.000e+00 0.000e+00 0.000e+00 0.000e+00 0.000e+00 0.000e+00
 1.995e+06 0.000e+00 0.000e+00 0.000e+00 0.000e+00 0.000e+00 0.000e+00 0.000e+00 0.000e+00 0.000e+00 0.000e+00 0.000e+00 0.000e+00 0.000e+00 0.000e+00 0.000e+00 0.000e+00 0.000e+00 0.000e+00 0.000e+00 0.000e+00 0.000e+00 0.000e+00 0.000e+00
 2.239e+06 0.000e+00 0.000e+00 0.000e+00 0.000e+00 0.000e+00 0.000e+00 0.000e+00 0.000e+00 0.000e+00 0.000e+00 0.000e+00 0.000e+00 0.000e+00 0.000e+00 0.000e+00 0.000e+00 0.000e+00 0.000e+00 0.000e+00 0.000e+00 0.000e+00 0.000e+00 0.000e+00
 2.512e+06 0.000e+00 0.000e+00 0.000e+00 0.000e+00 0.000e+00 0.000e+00 0.000e+00 0.000e+00 0.000e+00 0.000e+00 0.000e+00 0.000e+00 0.000e+00 0.000e+00 0.000e+00 0.000e+00 0.000e+00 0.000e+00 0.000e+00 0.000e+00 0.000e+00 0.000e+00 0.000e+00
 2.818e+06 0.000e+00 0.000e+00 0.000e+00 0.000e+00 0.000e+00 0.000e+00 0.000e+00 0.000e+00 0.000e+00 0.000e+00 0.000e+00 0.000e+00 0.000e+00 0.000e+00 0.000e+00 0.000e+00 0.000e+00 0.000e+00 0.000e+00 0.000e+00 0.000e+00 0.000e+00 0.000e+00
 3.162e+06 0.000e+00 0.000e+00 0.000e+00 0.000e+00 0.000e+00 0.000e+00 0.000e+00 0.000e+00 0.000e+00 0.000e+00 0.000e+00 0.000e+00 0.000e+00 0.000e+00 0.000e+00 0.000e+00 0.000e+00 0.000e+00 0.000e+00 0.000e+00 0.000e+00 0.000e+00 0.000e+00
 3.548e+06 1.746e-04 1.290e-04 4.557e-05 6.265e-09 6.302e-09 2.970e-08 7.381e-13 2.037e-09 2.090e-09 2.879e-09 1.168e-09 2.181e-09 0.000e+00 0.000e+00 9.397e-10 0.000e+00 6.335e-10 0.000e+00 0.000e+00 3.135e-10 4.319e-10 1.752e-10 3.272e-10
 3.981e+06 3.634e-04 2.709e-04 9.249e-05 1.335e-08 9.897e-09 6.301e-08 1.565e-12 4.187e-09 4.270e-09 5.855e-09 2.375e-09 4.432e-09 0.000e+00 0.000e+00 2.002e-09 0.000e+00 1.290e-09 0.000e+00 0.000e+00 6.405e-10 8.783e-10 3.563e-10 6.649e-10
 4.467e+06 7.862e-04 4.518e-04 2.405e-04 1.266e-05 2.486e-08 6.583e-05 4.333e-12 9.331e-06 1.754e-06 2.736e-06 7.972e-07 7.699e-07 0.000e+00 0.000e+00 1.899e-06 0.000e+00 4.997e-07 0.000e+00 0.000e+00 2.631e-07 4.104e-07 1.196e-07 1.155e-07
 5.012e+06 7.497e-03 3.120e-03 2.657e-03 2.318e-04 2.806e-07 1.205e-03 4.973e-11 1.709e-04 3.206e-05 5.003e-05 1.456e-05 1.403e-05 0.000e+00 0.000e+00 3.476e-05 0.000e+00 9.133e-06 0.000e+00 0.000e+00 4.809e-06 7.504e-06 2.185e-06 2.104e-06
 5.623e+06 1.623e-02 6.585e-03 5.806e-03 5.176e-04 6.144e-07 2.687e-03 1.085e-10 3.828e-04 7.170e-05 1.116e-04 3.246e-05 3.143e-05 0.000e+00 0.000e+00 7.764e-05 0.000e+00 2.039e-05 0.000e+00 0.000e+00 1.075e-05 1.674e-05 4.870e-06 4.714e-06
 6.310e+06 2.971e-02 1.213e-02 1.070e-02 9.474e-04 1.128e-06 4.742e-03 1.854e-10 7.417e-04 1.349e-04 1.993e-04 5.720e-05 6.176e-05 0.000e+00 0.000e+00 1.421e-04 0.000e+00 3.728e-05 0.000e+00 0.000e+00 2.023e-05 2.989e-05 8.579e-06 9.263e-06
 7.079e+06 3.872e-02 1.599e-02 1.400e-02 1.223e-03 1.465e-06 5.908e-03 2.244e-10 1.009e-03 1.788e-04 2.513e-04 7.117e-05 8.512e-05 0.000e+00 0.000e+00 1.834e-04 0.000e+00 4.811e-05 0.000e+00 0.000e+00 2.682e-05 3.769e-05 1.068e-05 1.277e-05
 7.943e+06 5.066e-02 2.133e-02 1.832e-02 1.557e-03 1.861e-06 7.306e-03 2.639e-10 1.381e-03 2.397e-04 3.161e-04 8.891e-05 1.207e-04 0.000e+00 0.000e+00 2.335e-04 0.000e+00 6.252e-05 0.000e+00 0.000e+00 3.596e-05 4.742e-05 1.334e-05 1.810e-05
 8.913e+06 5.907e-02 2.523e-02 2.135e-02 1.771e-03 2.109e-06 8.177e-03 2.854e-10 1.640e-03 2.844e-04 3.606e-04 1.013e-04 1.492e-04 0.000e+00 0.000e+00 2.656e-04 0.000e+00 7.289e-05 0.000e+00 0.000e+00 4.266e-05 5.409e-05 1.520e-05 2.238e-05
 1.000e+07 6.990e-02 3.040e-02 2.533e-02 2.028e-03 2.419e-06 9.116e-03 3.086e-10 1.945e-03 3.443e-04 4.185e-04 1.174e-04 1.906e-04 0.000e+00 0.000e+00 3.041e-04 0.000e+00 8.673e-05 0.000e+00 0.000e+00 5.164e-05 6.278e-05 1.761e-05 2.859e-05
 1.122e+07 7.766e-02 3.423e-02 2.821e-02 2.201e-03 2.639e-06 9.692e-03 3.227e-10 2.125e-03 3.835e-04 4.632e-04 1.325e-04 2.239e-04 0.000e+00 0.000e+00 3.302e-04 0.000e+00 9.698e-05 0.000e+00 0.000e+00 5.752e-05 6.949e-05 1.987e-05 3.358e-05
 1.259e+07 8.753e-02 3.925e-02 3.185e-02 2.416e-03 2.931e-06 1.035e-02 3.387e-10 2.277e-03 4.207e-04 5.284e-04 1.615e-04 2.710e-04 0.000e+00 0.000e+00 3.623e-04 0.000e+00 1.104e-04 0.000e+00 0.000e+00 6.310e-05 7.926e-05 2.422e-05 4.064e-05
 1.413e+07 9.461e-02 4.296e-02 3.446e-02 2.564e-03 3.148e-06 1.077e-02 3.486e-10 2.328e-03 4.377e-04 5.816e-04 1.899e-04 3.084e-04 0.000e+00 0.000e+00 3.846e-04 0.000e+00 1.204e-04 0.000e+00 0.000e+00 6.565e-05 8.725e-05 2.849e-05 4.627e-05
 1.585e+07 1.033e-01 4.763e-02 3.771e-02 2.728e-03 3.422e-06 1.118e-02 3.598e-10 2.347e-03 4.506e-04 6.453e-04 2.236e-04 3.589e-04 0.000e+00 0.000e+00 4.092e-04 0.000e+00 1.318e-04 0.000e+00 0.000e+00 6.759e-05 9.679e-05 3.354e-05 5.383e-05
 1.778e+07 1.100e-01 5.132e-02 4.032e-02 2.831e-03 3.638e-06 1.138e-02 3.686e-10 2.356e-03 4.586e-04 6.847e-04 2.392e-04 4.013e-04 0.000e+00 0.000e+00 4.246e-04 0.000e+00 1.389e-04 0.000e+00 0.000e+00 6.879e-05 1.027e-04 3.587e-05 6.020e-05
 1.995e+07 1.184e-01 5.594e-02 4.362e-02 2.951e-03 3.908e-06 1.159e-02 3.795e-10 2.366e-03 4.679e-04 7.306e-04 2.549e-04 4.555e-04 0.000e+00 0.000e+00 4.426e-04 0.000e+00 1.473e-04 0.000e+00 0.000e+00 7.018e-05 1.096e-04 3.824e-05 6.833e-05
 2.239e+07 1.249e-01 5.954e-02 4.619e-02 3.044e-03 4.119e-06 1.176e-02 3.881e-10 2.373e-03 4.751e-04 7.663e-04 2.672e-04 4.977e-04 0.000e+00 0.000e+00 4.566e-04 0.000e+00 1.538e-04 0.000e+00 0.000e+00 7.126e-05 1.149e-04 4.008e-05 7.465e-05
 2.512e+07 1.329e-01 6.392e-02 4.931e-02 3.158e-03 4.375e-06 1.196e-02 3.984e-10 2.382e-03 4.838e-04 8.097e-04 2.822e-04 5.489e-04 0.000e+00 0.000e+00 4.737e-04 0.000e+00 1.617e-04 0.000e+00 0.000e+00 7.258e-05 1.215e-04 4.232e-05 8.234e-05
 2.818e+07 1.391e-01 6.735e-02 5.175e-02 3.247e-03 4.575e-06 1.211e-02 4.066e-10 2.389e-03 4.907e-04 8.437e-04 2.939e-04 5.891e-04 0.000e+00 0.000e+00 4.870e-04 0.000e+00 1.679e-04 0.000e+00 0.000e+00 7.361e-05 1.266e-04 4.408e-05 8.836e-05
 3.162e+07 1.468e-01 7.159e-02 5.477e-02 3.357e-03 4.823e-06 1.231e-02 4.166e-10 2.398e-03 4.992e-04 8.858e-04 3.083e-04 6.387e-04 0.000e+00 0.000e+00 5.035e-04 0.000e+00 1.755e-04 0.000e+00 0.000e+00 7.488e-05 1.329e-04 4.625e-05 9.581e-05
 3.548e+07 1.532e-01 7.512e-02 5.730e-02 3.449e-03 5.030e-06 1.247e-02 4.250e-10 2.405e-03 5.063e-04 9.209e-04 3.204e-04 6.802e-04 0.000e+00 0.000e+00 5.173e-04 0.000e+00 1.819e-04 0.000e+00 0.000e+00 7.594e-05 1.381e-04 4.806e-05 1.020e-04
 3.981e+07 1.606e-01 7.954e-02 6.001e-02 3.509e-03 2.731e-05 1.257e-02 4.505e-10 2.410e-03 5.112e-04 9.435e-04 3.282e-04 7.069e-04 0.000e+00 0.000e+00 5.264e-04 0.000e+00 1.860e-04 0.000e+00 0.000e+00 7.663e-05 1.415e-04 4.923e-05 1.060e-04
 4.467e+07 1.667e-01 8.358e-02 6.206e-02 3.513e-03 6.917e-05 1.257e-02 4.886e-10 2.410e-03 5.118e-04 9.436e-04 3.282e-04 7.070e-04 0.000e+00 0.000e+00 5.268e-04 0.000e+00 1.860e-04 0.000e+00 0.000e+00 7.663e-05 1.415e-04 4.923e-05 1.060e-04
 5.012e+07 1.743e-01 8.859e-02 6.459e-02 3.514e-03 1.217e-04 1.257e-02 5.363e-10 2.411e-03 5.124e-04 9.430e-04 3.281e-04 7.064e-04 0.000e+00 0.000e+00 5.271e-04 0.000e+00 1.859e-04 0.000e+00 0.000e+00 7.661e-05 1.414e-04 4.920e-05 1.059e-04
 5.623e+07 1.806e-01 9.271e-02 6.670e-02 3.519e-03 1.638e-04 1.258e-02 5.746e-10 2.412e-03 5.131e-04 9.437e-04 3.283e-04 7.071e-04 0.000e+00 0.000e+00 5.278e-04 0.000e+00 1.860e-04 0.000e+00 0.000e+00 7.663e-05 1.415e-04 4.923e-05 1.060e-04
 6.310e+07 1.877e-01 9.742e-02 6.908e-02 3.522e-03 2.126e-04 1.258e-02 6.190e-10 2.413e-03 5.138e-04 9.438e-04 3.283e-04 7.072e-04 0.000e+00 0.000e+00 5.282e-04 0.000e+00 1.860e-04 0.000e+00 0.000e+00 7.663e-05 1.415e-04 4.923e-05 1.060e-04
 7.079e+07 1.939e-01 1.015e-01 7.112e-02 3.526e-03 2.537e-04 1.258e-02 6.722e-10 2.413e-03 5.144e-04 9.438e-04 3.284e-04 7.073e-04 0.000e+00 0.000e+00 5.287e-04 0.000e+00 1.860e-04 0.000e+00 0.000e+00 7.663e-05 1.415e-04 4.923e-05 1.060e-04
 7.943e+07 2.009e-01 1.062e-01 7.338e-02 3.528e-03 2.986e-04 1.258e-02 7.799e-10 2.414e-03 5.149e-04 9.432e-04 3.282e-04 7.066e-04 0.000e+00 0.000e+00 5.292e-04 0.000e+00 1.859e-04 0.000e+00 0.000e+00 7.661e-05 1.414e-04 4.920e-05 1.059e-04
 8.913e+07 2.066e-01 1.100e-01 7.521e-02 3.534e-03 3.329e-04 1.258e-02 9.018e-10 2.415e-03 5.154e-04 9.438e-04 3.284e-04 7.073e-04 0.000e+00 0.000e+00 5.301e-04 0.000e+00 1.860e-04 0.000e+00 0.000e+00 7.663e-05 1.415e-04 4.923e-05 1.060e-04
 1.000e+08 2.136e-01 1.148e-01 7.741e-02 3.538e-03 3.762e-04 1.258e-02 1.113e-09 2.416e-03 5.157e-04 9.433e-04 3.282e-04 7.067e-04 0.000e+00 0.000e+00 5.309e-04 0.000e+00 1.859e-04 0.000e+00 0.000e+00 7.661e-05 1.414e-04 4.920e-05 1.059e-04
 1.122e+08 2.196e-01 1.189e-01 7.925e-02 3.544e-03 4.132e-04 1.258e-02 1.397e-09 2.416e-03 5.160e-04 9.434e-04 3.282e-04 7.067e-04 0.000e+00 0.000e+00 5.319e-04 0.000e+00 1.859e-04 0.000e+00 0.000e+00 7.661e-05 1.414e-04 4.920e-05 1.059e-04
 1.259e+08 2.265e-01 1.237e-01 8.135e-02 3.553e-03 4.576e-04 1.258e-02 1.907e-09 2.418e-03 5.165e-04 9.440e-04 3.285e-04 7.075e-04 0.000e+00 0.000e+00 5.335e-04 0.000e+00 1.860e-04 0.000e+00 0.000e+00 7.663e-05 1.415e-04 4.923e-05 1.060e-04
 1.413e+08 2.327e-01 1.280e-01 8.319e-02 3.561e-03 5.046e-04 1.258e-02 2.657e-09 2.419e-03 5.169e-04 9.434e-04 3.283e-04 7.068e-04 0.000e+00 0.000e+00 5.349e-04 0.000e+00 1.859e-04 0.000e+00 0.000e+00 7.661e-05 1.414e-04 4.920e-05 1.059e-04
 1.585e+08 2.393e-01 1.326e-01 8.514e-02 3.575e-03 5.580e-04 1.259e-02 3.756e-09 2.421e-03 5.176e-04 9.441e-04 3.285e-04 7.076e-04 0.000e+00 0.000e+00 5.372e-04 0.000e+00 1.860e-04 0.000e+00 0.000e+00 7.663e-05 1.415e-04 4.923e-05 1.060e-04
 1.778e+08 2.450e-01 1.366e-01 8.676e-02 3.586e-03 6.031e-04 1.259e-02 4.873e-09 2.422e-03 5.180e-04 9.435e-04 3.283e-04 7.070e-04 0.000e+00 0.000e+00 5.393e-04 0.000e+00 1.859e-04 0.000e+00 0.000e+00 7.661e-05 1.414e-04 4.920e-05 1.059e-04
 1.995e+08 2.517e-01 1.413e-01 8.862e-02 3.603e-03 6.509e-04 1.259e-02 6.379e-09 2.424e-03 5.185e-04 9.435e-04 3.284e-04 7.070e-04 0.000e+00 0.000e+00 5.426e-04 0.000e+00 1.859e-04 0.000e+00 0.000e+00 7.661e-05 1.414e-04 4.920e-05 1.059e-04
 2.239e+08 2.573e-01 1.453e-01 9.016e-02 3.626e-03 6.838e-04 1.259e-02 8.236e-09 2.426e-03 5.190e-04 9.436e-04 3.284e-04 7.070e-04 0.000e+00 0.000e+00 5.469e-04 0.000e+00 1.859e-04 0.000e+00 0.000e+00 7.661e-05 1.414e-04 4.920e-05 1.059e-04
 2.512e+08 2.640e-01 1.501e-01 9.198e-02 3.672e-03 7.077e-04 1.259e-02 1.175e-08 2.428e-03 5.198e-04 9.443e-04 3.286e-04 7.078e-04 0.000e+00 0.000e+00 5.558e-04 0.000e+00 1.860e-04 0.000e+00 0.000e+00 7.663e-05 1.415e-04 4.923e-05 1.060e-04
 2.818e+08 2.695e-01 1.541e-01 9.344e-02 3.722e-03 7.162e-04 1.259e-02 1.577e-08 2.431e-03 5.202e-04 9.437e-04 3.284e-04 7.071e-04 0.000e+00 0.000e+00 5.656e-04 0.000e+00 1.859e-04 0.000e+00 0.000e+00 7.661e-05 1.414e-04 4.920e-05 1.059e-04
 3.162e+08 2.764e-01 1.590e-01 9.529e-02 3.809e-03 7.166e-04 1.259e-02 2.720e-08 2.436e-03 5.212e-04 9.437e-04 3.285e-04 7.072e-04 0.000e+00 0.000e+00 5.829e-04 0.000e+00 1.859e-04 0.000e+00 0.000e+00 7.661e-05 1.414e-04 4.920e-05 1.059e-04
 3.548e+08 2.818e-01 1.628e-01 9.683e-02 3.902e-03 7.168e-04 1.259e-02 4.656e-08 2.443e-03 5.223e-04 9.438e-04 3.285e-04 7.073e-04 0.000e+00 0.000e+00 6.011e-04 0.000e+00 1.859e-04 0.000e+00 0.000e+00 7.661e-05 1.414e-04 4.920e-05 1.059e-04
 3.981e+08 2.885e-01 1.674e-01 9.881e-02 4.047e-03 7.163e-04 1.260e-02 8.373e-08 2.458e-03 5.244e-04 9.444e-04 3.287e-04 7.080e-04 0.000e+00 0.000e+00 6.296e-04 0.000e+00 1.860e-04 0.000e+00 0.000e+00 7.663e-05 1.415e-04 4.923e-05 1.060e-04
 4.467e+08 2.936e-01 1.707e-01 1.004e-01 4.176e-03 7.172e-04 1.260e-02 1.219e-07 2.472e-03 5.261e-04 9.439e-04 3.285e-04 7.074e-04 0.000e+00 0.000e+00 6.551e-04 0.000e+00 1.859e-04 0.000e+00 0.000e+00 7.661e-05 1.414e-04 4.920e-05 1.059e-04
 5.012e+08 2.999e-01 1.749e-01 1.024e-01 4.357e-03 7.175e-04 1.260e-02 1.807e-07 2.495e-03 5.285e-04 9.439e-04 3.285e-04 7.074e-04 0.000e+00 0.000e+00 6.909e-04 0.000e+00 1.859e-04 0.000e+00 0.000e+00 7.661e-05 1.414e-04 4.920e-05 1.059e-04
 5.623e+08 3.054e-01 1.784e-01 1.042e-01 4.525e-03 7.171e-04 1.261e-02 2.409e-07 2.518e-03 5.302e-04 9.446e-04 3.288e-04 7.082e-04 0.000e+00 0.000e+00 7.241e-04 0.000e+00 1.860e-04 0.000e+00 0.000e+00 7.663e-05 1.415e-04 4.923e-05 1.060e-04
 6.310e+08 3.112e-01 1.820e-01 1.061e-01 4.702e-03 7.181e-04 1.261e-02 3.086e-07 2.545e-03 5.314e-04 9.440e-04 3.286e-04 7.075e-04 0.000e+00 0.000e+00 7.591e-04 0.000e+00 1.859e-04 0.000e+00 0.000e+00 7.661e-05 1.414e-04 4.920e-05 1.059e-04
 7.079e+08 3.160e-01 1.851e-01 1.077e-01 4.843e-03 7.184e-04 1.261e-02 3.593e-07 2.566e-03 5.322e-04 9.440e-04 3.286e-04 7.076e-04 0.000e+00 0.000e+00 7.871e-04 0.000e+00 1.859e-04 0.000e+00 0.000e+00 7.661e-05 1.414e-04 4.920e-05 1.059e-04
 7.943e+08 3.223e-01 1.891e-01 1.097e-01 5.018e-03 7.182e-04 1.262e-02 4.164e-07 2.589e-03 5.332e-04 9.446e-04 3.288e-04 7.083e-04 0.000e+00 0.000e+00 8.216e-04 0.000e+00 1.860e-04 0.000e+00 0.000e+00 7.663e-05 1.415e-04 4.923e-05 1.060e-04
 8.913e+08 3.262e-01 1.916e-01 1.110e-01 5.118e-03 7.190e-04 1.261e-02 4.463e-07 2.602e-03 5.334e-04 9.441e-04 3.287e-04 7.076e-04 0.000e+00 0.000e+00 8.413e-04 0.000e+00 1.859e-04 0.000e+00 0.000e+00 7.661e-05 1.414e-04 4.920e-05 1.059e-04
 1.000e+09 3.315e-01 1.951e-01 1.127e-01 5.247e-03 7.193e-04 1.262e-02 4.807e-07 2.617e-03 5.337e-04 9.441e-04 3.287e-04 7.077e-04 0.000e+00 0.000e+00 8.669e-04 0.000e+00 1.859e-04 0.000e+00 0.000e+00 7.661e-05 1.414e-04 4.920e-05 1.059e-04
 1.122e+09 3.371e-01 1.988e-01 1.144e-01 5.373e-03 7.197e-04 1.262e-02 5.104e-07 2.630e-03 5.340e-04 9.441e-04 3.287e-04 7.077e-04 0.000e+00 0.000e+00 8.916e-04 0.000e+00 1.859e-04 0.000e+00 0.000e+00 7.661e-05 1.414e-04 4.920e-05 1.059e-04
 1.259e+09 3.429e-01 2.027e-01 1.162e-01 5.493e-03 7.200e-04 1.262e-02 5.353e-07 2.641e-03 5.342e-04 9.442e-04 3.287e-04 7.078e-04 0.000e+00 0.000e+00 9.153e-04 0.000e+00 1.859e-04 0.000e+00 0.000e+00 7.661e-05 1.414e-04 4.920e-05 1.059e-04
 1.413e+09 3.488e-01 2.067e-01 1.180e-01 5.605e-03 7.204e-04 1.262e-02 5.561e-07 2.650e-03 5.343e-04 9.442e-04 3.287e-04 7.078e-04 0.000e+00 0.000e+00 9.373e-04 0.000e+00 1.859e-04 0.000e+00 0.000e+00 7.661e-05 1.414e-04 4.920e-05 1.059e-04
 1.585e+09 3.550e-01 2.109e-01 1.198e-01 5.707e-03 7.207e-04 1.263e-02 5.718e-07 2.657e-03 5.344e-04 9.442e-04 3.288e-04 7.079e-04 0.000e+00 0.000e+00 9.572e-04 0.000e+00 1.859e-04 0.000e+00 0.000e+00 7.661e-05 1.414e-04 4.920e-05 1.059e-04
 1.778e+09 3.597e-01 2.142e-01 1.212e-01 5.775e-03 7.203e-04 1.263e-02 5.795e-07 2.660e-03 5.346e-04 9.449e-04 3.290e-04 7.086e-04 0.000e+00 0.000e+00 9.704e-04 0.000e+00 1.860e-04 0.000e+00 0.000e+00 7.663e-05 1.415e-04 4.923e-05 1.060e-04
 1.995e+09 3.645e-01 2.176e-01 1.225e-01 5.834e-03 7.212e-04 1.263e-02 5.858e-07 2.663e-03 5.345e-04 9.443e-04 3.288e-04 7.080e-04 0.000e+00 0.000e+00 9.821e-04 0.000e+00 1.859e-04 0.000e+00 0.000e+00 7.661e-05 1.414e-04 4.920e-05 1.059e-04
 2.239e+09 3.678e-01 2.199e-01 1.234e-01 5.871e-03 7.214e-04 1.263e-02 5.894e-07 2.664e-03 5.345e-04 9.443e-04 3.288e-04 7.080e-04 0.000e+00 0.000e+00 9.893e-04 0.000e+00 1.859e-04 0.000e+00 0.000e+00 7.661e-05 1.414e-04 4.920e-05 1.059e-04
 2.512e+09 3.727e-01 2.234e-01 1.248e-01 5.921e-03 7.210e-04 1.264e-02 5.935e-07 2.666e-03 5.347e-04 9.449e-04 3.290e-04 7.087e-04 0.000e+00 0.000e+00 9.991e-04 0.000e+00 1.860e-04 0.000e+00 0.000e+00 7.663e-05 1.415e-04 4.923e-05 1.060e-04
 2.818e+09 3.777e-01 2.270e-01 1.262e-01 5.959e-03 7.219e-04 1.263e-02 5.962e-07 2.668e-03 5.346e-04 9.444e-04 3.289e-04 7.081e-04 0.000e+00 0.000e+00 1.007e-03 0.000e+00 1.859e-04 0.000e+00 0.000e+00 7.661e-05 1.414e-04 4.920e-05 1.059e-04
 3.162e+09 3.810e-01 2.294e-01 1.271e-01 5.980e-03 7.220e-04 1.264e-02 5.972e-07 2.668e-03 5.346e-04 9.444e-04 3.289e-04 7.081e-04 0.000e+00 0.000e+00 1.011e-03 0.000e+00 1.859e-04 0.000e+00 0.000e+00 7.661e-05 1.414e-04 4.920e-05 1.059e-04
 3.548e+09 3.843e-01 2.318e-01 1.280e-01 5.999e-03 7.222e-04 1.264e-02 5.979e-07 2.668e-03 5.346e-04 9.444e-04 3.289e-04 7.082e-04 0.000e+00 0.000e+00 1.014e-03 0.000e+00 1.859e-04 0.000e+00 0.000e+00 7.661e-05 1.414e-04 4.920e-05 1.059e-04
 3.981e+09 3.876e-01 2.341e-01 1.289e-01 6.016e-03 7.223e-04 1.264e-02 5.987e-07 2.669e-03 5.346e-04 9.444e-04 3.289e-04 7.082e-04 0.000e+00 0.000e+00 1.018e-03 0.000e+00 1.859e-04 0.000e+00 0.000e+00 7.661e-05 1.414e-04 4.920e-05 1.059e-04
 4.467e+09 3.907e-01 2.364e-01 1.297e-01 6.030e-03 7.224e-04 1.264e-02 5.992e-07 2.669e-03 5.347e-04 9.444e-04 3.289e-04 7.082e-04 0.000e+00 0.000e+00 1.020e-03 0.000e+00 1.859e-04 0.000e+00 0.000e+00 7.661e-05 1.414e-04 4.920e-05 1.059e-04
 5.012e+09 3.937e-01 2.386e-01 1.305e-01 6.041e-03 7.225e-04 1.264e-02 5.997e-07 2.669e-03 5.347e-04 9.444e-04 3.289e-04 7.082e-04 0.000e+00 0.000e+00 1.022e-03 0.000e+00 1.859e-04 0.000e+00 0.000e+00 7.661e-05 1.414e-04 4.920e-05 1.059e-04
 5.623e+09 3.966e-01 2.408e-01 1.313e-01 6.048e-03 7.226e-04 1.264e-02 5.999e-07 2.669e-03 5.347e-04 9.445e-04 3.289e-04 7.083e-04 0.000e+00 0.000e+00 1.024e-03 0.000e+00 1.859e-04 0.000e+00 0.000e+00 7.661e-05 1.414e-04 4.920e-05 1.059e-04
 6.310e+09 3.993e-01 2.428e-01 1.319e-01 6.051e-03 7.227e-04 1.264e-02 6.000e-07 2.669e-03 5.347e-04 9.445e-04 3.289e-04 7.083e-04 0.000e+00 0.000e+00 1.024e-03 0.000e+00 1.859e-04 0.000e+00 0.000e+00 7.661e-05 1.414e-04 4.920e-05 1.059e-04
 7.079e+09 4.007e-01 2.438e-01 1.323e-01 6.053e-03 7.221e-04 1.264e-02 6.000e-07 2.669e-03 5.348e-04 9.450e-04 3.291e-04 7.090e-04 0.000e+00 0.000e+00 1.025e-03 0.000e+00 1.860e-04 0.000e+00 0.000e+00 7.663e-05 1.415e-04 4.923e-05 1.060e-04
 7.943e+09 4.036e-01 2.460e-01 1.330e-01 6.056e-03 7.221e-04 1.264e-02 6.001e-07 2.669e-03 5.348e-04 9.451e-04 3.292e-04 7.090e-04 0.000e+00 0.000e+00 1.025e-03 0.000e+00 1.860e-04 0.000e+00 0.000e+00 7.663e-05 1.415e-04 4.923e-05 1.060e-04
 8.913e+09 4.051e-01 2.471e-01 1.334e-01 6.056e-03 7.228e-04 1.264e-02 6.002e-07 2.669e-03 5.347e-04 9.445e-04 3.290e-04 7.083e-04 0.000e+00 0.000e+00 1.025e-03 0.000e+00 1.859e-04 0.000e+00 0.000e+00 7.661e-05 1.414e-04 4.920e-05 1.059e-04
 1.000e+10 4.081e-01 2.494e-01 1.341e-01 6.059e-03 7.229e-04 1.264e-02 6.002e-07 2.669e-03 5.348e-04 9.445e-04 3.290e-04 7.084e-04 0.000e+00 0.000e+00 1.026e-03 0.000e+00 1.859e-04 0.000e+00 0.000e+00 7.661e-05 1.414e-04 4.920e-05 1.059e-04
 1.122e+10 4.097e-01 2.506e-01 1.345e-01 6.062e-03 7.222e-04 1.264e-02 6.002e-07 2.670e-03 5.349e-04 9.451e-04 3.292e-04 7.091e-04 0.000e+00 0.000e+00 1.026e-03 0.000e+00 1.860e-04 0.000e+00 0.000e+00 7.663e-05 1.415e-04 4.923e-05 1.060e-04
 1.259e+10 4.130e-01 2.530e-01 1.353e-01 6.065e-03 7.224e-04 1.264e-02 6.003e-07 2.670e-03 5.349e-04 9.451e-04 3.292e-04 7.091e-04 0.000e+00 0.000e+00 1.027e-03 0.000e+00 1.860e-04 0.000e+00 0.000e+00 7.663e-05 1.415e-04 4.923e-05 1.060e-04
 1.413e+10 4.147e-01 2.543e-01 1.358e-01 6.064e-03 7.230e-04 1.264e-02 6.003e-07 2.670e-03 5.348e-04 9.446e-04 3.290e-04 7.085e-04 0.000e+00 0.000e+00 1.027e-03 0.000e+00 1.859e-04 0.000e+00 0.000e+00 7.661e-05 1.414e-04 4.920e-05 1.059e-04
 1.585e+10 4.164e-01 2.556e-01 1.362e-01 6.068e-03 7.224e-04 1.264e-02 6.003e-07 2.670e-03 5.349e-04 9.451e-04 3.292e-04 7.091e-04 0.000e+00 0.000e+00 1.027e-03 0.000e+00 1.860e-04 0.000e+00 0.000e+00 7.663e-05 1.415e-04 4.923e-05 1.060e-04
 1.778e+10 4.200e-01 2.583e-01 1.371e-01 6.071e-03 7.225e-04 1.264e-02 6.004e-07 2.670e-03 5.349e-04 9.451e-04 3.292e-04 7.091e-04 0.000e+00 0.000e+00 1.028e-03 0.000e+00 1.860e-04 0.000e+00 0.000e+00 7.663e-05 1.415e-04 4.923e-05 1.060e-04
