#--------- --------- --------- --------- --------- --------- --------- --------- --------- --------- --------- --------- --------- --------- --------- --------- --------- --------- --------- --------- --------- --------- --------- ---------
# time     Mtot        p total  He total   C total   N total   O total   F total  Ne total  Mg total  Si total   S total  Fe total    p dust   He dust    C dust    N dust    O dust    F dust   Ne dust   Mg dust   Si dust    S dust   Fe dust
#--------- --------- --------- --------- --------- --------- --------- --------- --------- --------- --------- --------- --------- --------- --------- --------- --------- --------- --------- --------- --------- --------- --------- ---------
 1.000e+06 0.000e+00 0.000e+00 0.000e+00 0.000e+00 0.000e+00 0.000e+00 0.000e+00 0.000e+00 0.000e+00 0.000e+00 0.000e+00 0.000e+00 0.000e+00 0.000e+00 0.000e+00 0.000e+00 0.000e+00 0.000e+00 0.000e+00 0.000e+00 0.000e+00 0.000e+00 0.000e+00
 1.259e+06 0.000e+00 0.000e+00 0.000e+00 0.000e+00 0.000e+00 0.000e+00 0.000e+00 0.000e+00 0.000e+00 0.000e+00 0.000e+00 0.000e+00 0.000e+00 0.000e+00 0.000e+00 0.000e+00 0.000e+00 0.000e+00 0.000e+00 0.000e+00 0.000e+00 0.000e+00 0.000e+00
 1.585e+06 0.000e+00 0.000e+00 0.000e+00 0.000e+00 0.000e+00 0.000e+00 0.000e+00 0.000e+00 0.000e+00 0.000e+00 0.000e+00 0.000e+00 0.000e+00 0.000e+00 0.000e+00 0.000e+00 0.000e+00 0.000e+00 0.000e+00 0.000e+00 0.000e+00 0.000e+00 0.000e+00
 1.995e+06 0.000e+00 0.000e+00 0.000e+00 0.000e+00 0.000e+00 0.000e+00 0.000e+00 0.000e+00 0.000e+00 0.000e+00 0.000e+00 0.000e+00 0.000e+00 0.000e+00 0.000e+00 0.000e+00 0.000e+00 0.000e+00 0.000e+00 0.000e+00 0.000e+00 0.000e+00 0.000e+00
 2.512e+06 0.000e+00 0.000e+00 0.000e+00 0.000e+00 0.000e+00 0.000e+00 0.000e+00 0.000e+00 0.000e+00 0.000e+00 0.000e+00 0.000e+00 0.000e+00 0.000e+00 0.000e+00 0.000e+00 0.000e+00 0.000e+00 0.000e+00 0.000e+00 0.000e+00 0.000e+00 0.000e+00
 3.162e+06 0.000e+00 0.000e+00 0.000e+00 0.000e+00 0.000e+00 0.000e+00 0.000e+00 0.000e+00 0.000e+00 0.000e+00 0.000e+00 0.000e+00 0.000e+00 0.000e+00 0.000e+00 0.000e+00 0.000e+00 0.000e+00 0.000e+00 0.000e+00 0.000e+00 0.000e+00 0.000e+00
 3.981e+06 4.926e-03 2.861e-03 2.047e-03 3.817e-06 5.460e-06 5.902e-06 1.045e-10 5.207e-07 5.257e-07 7.523e-07 3.046e-07 5.702e-07 0.000e+00 0.000e+00 5.725e-07 0.000e+00 1.635e-07 0.000e+00 0.000e+00 7.885e-08 1.128e-07 4.569e-08 8.552e-08
 5.012e+06 1.256e-02 6.494e-03 4.858e-03 1.677e-04 9.248e-06 8.017e-04 4.864e-10 1.474e-04 2.738e-05 3.533e-05 1.086e-05 1.119e-05 0.000e+00 0.000e+00 2.515e-05 0.000e+00 7.015e-06 0.000e+00 0.000e+00 4.107e-06 5.299e-06 1.629e-06 1.678e-06
 6.310e+06 3.359e-02 1.485e-02 1.288e-02 8.327e-04 1.686e-05 3.871e-03 1.655e-09 7.217e-04 1.313e-04 1.725e-04 5.216e-05 5.551e-05 0.000e+00 0.000e+00 1.249e-04 0.000e+00 3.399e-05 0.000e+00 0.000e+00 1.969e-05 2.587e-05 7.824e-06 8.327e-06
 7.943e+06 5.418e-02 2.370e-02 2.084e-02 1.480e-03 2.354e-05 6.200e-03 2.536e-09 1.218e-03 2.183e-04 2.979e-04 8.843e-05 1.122e-04 0.000e+00 0.000e+00 2.220e-04 0.000e+00 5.845e-05 0.000e+00 0.000e+00 3.275e-05 4.469e-05 1.326e-05 1.683e-05
 1.000e+07 7.330e-02 3.257e-02 2.784e-02 1.997e-03 2.829e-05 8.083e-03 3.184e-09 1.755e-03 3.187e-04 4.115e-04 1.212e-04 1.798e-04 0.000e+00 0.000e+00 2.995e-04 0.000e+00 8.343e-05 0.000e+00 0.000e+00 4.781e-05 6.172e-05 1.817e-05 2.698e-05
 1.259e+07 9.120e-02 4.137e-02 3.457e-02 2.389e-03 3.286e-05 9.338e-03 3.454e-09 2.146e-03 4.157e-04 5.256e-04 1.539e-04 2.587e-04 0.000e+00 0.000e+00 3.584e-04 0.000e+00 1.086e-04 0.000e+00 0.000e+00 6.235e-05 7.884e-05 2.309e-05 3.881e-05
 1.585e+07 1.073e-01 4.976e-02 4.067e-02 2.710e-03 3.708e-05 1.020e-02 3.674e-09 2.283e-03 4.618e-04 6.395e-04 1.909e-04 3.456e-04 0.000e+00 0.000e+00 4.066e-04 0.000e+00 1.294e-04 0.000e+00 0.000e+00 6.927e-05 9.593e-05 2.864e-05 5.184e-05
 1.995e+07 1.225e-01 5.805e-02 4.662e-02 2.929e-03 4.135e-05 1.064e-02 3.886e-09 2.327e-03 4.846e-04 7.249e-04 2.201e-04 4.417e-04 0.000e+00 0.000e+00 4.394e-04 0.000e+00 1.452e-04 0.000e+00 0.000e+00 7.269e-05 1.087e-04 3.301e-05 6.626e-05
 2.512e+07 1.371e-01 6.606e-02 5.239e-02 3.121e-03 4.553e-05 1.099e-02 4.091e-09 2.361e-03 5.043e-04 8.006e-04 2.462e-04 5.365e-04 0.000e+00 0.000e+00 4.681e-04 0.000e+00 1.597e-04 0.000e+00 0.000e+00 7.564e-05 1.201e-04 3.692e-05 8.047e-05
 3.162e+07 1.506e-01 7.351e-02 5.775e-02 3.299e-03 4.941e-05 1.132e-02 4.282e-09 2.393e-03 5.225e-04 8.711e-04 2.704e-04 6.246e-04 0.000e+00 0.000e+00 4.948e-04 0.000e+00 1.731e-04 0.000e+00 0.000e+00 7.838e-05 1.307e-04 4.056e-05 9.369e-05
 3.981e+07 1.650e-01 8.142e-02 6.343e-02 3.486e-03 5.415e-05 1.167e-02 4.485e-09 2.427e-03 5.418e-04 9.454e-04 2.960e-04 7.176e-04 0.000e+00 0.000e+00 5.229e-04 0.000e+00 1.873e-04 0.000e+00 0.000e+00 8.127e-05 1.418e-04 4.439e-05 1.076e-04
 5.012e+07 1.788e-01 9.042e-02 6.811e-02 3.494e-03 1.661e-04 1.167e-02 4.741e-09 2.430e-03 5.439e-04 9.455e-04 2.963e-04 7.180e-04 0.000e+00 0.000e+00 5.237e-04 0.000e+00 1.872e-04 0.000e+00 0.000e+00 8.125e-05 1.417e-04 4.436e-05 1.075e-04
 6.310e+07 1.921e-01 9.907e-02 7.262e-02 3.502e-03 2.730e-04 1.168e-02 4.986e-09 2.433e-03 5.460e-04 9.463e-04 2.968e-04 7.191e-04 0.000e+00 0.000e+00 5.247e-04 0.000e+00 1.872e-04 0.000e+00 0.000e+00 8.125e-05 1.417e-04 4.436e-05 1.075e-04
 7.943e+07 2.052e-01 1.077e-01 7.702e-02 3.512e-03 3.767e-04 1.168e-02 5.344e-09 2.436e-03 5.481e-04 9.470e-04 2.974e-04 7.203e-04 0.000e+00 0.000e+00 5.258e-04 0.000e+00 1.872e-04 0.000e+00 0.000e+00 8.125e-05 1.417e-04 4.437e-05 1.075e-04
 1.000e+08 2.180e-01 1.162e-01 8.116e-02 3.525e-03 4.833e-04 1.169e-02 6.074e-09 2.441e-03 5.503e-04 9.482e-04 2.980e-04 7.221e-04 0.000e+00 0.000e+00 5.274e-04 0.000e+00 1.873e-04 0.000e+00 0.000e+00 8.127e-05 1.418e-04 4.439e-05 1.076e-04
 1.259e+08 2.305e-01 1.246e-01 8.505e-02 3.538e-03 5.922e-04 1.169e-02 7.319e-09 2.445e-03 5.521e-04 9.483e-04 2.983e-04 7.224e-04 0.000e+00 0.000e+00 5.290e-04 0.000e+00 1.872e-04 0.000e+00 0.000e+00 8.125e-05 1.417e-04 4.436e-05 1.075e-04
 1.585e+08 2.429e-01 1.332e-01 8.875e-02 3.560e-03 6.937e-04 1.170e-02 1.039e-08 2.450e-03 5.538e-04 9.490e-04 2.988e-04 7.235e-04 0.000e+00 0.000e+00 5.321e-04 0.000e+00 1.872e-04 0.000e+00 0.000e+00 8.125e-05 1.417e-04 4.437e-05 1.075e-04
 1.995e+08 2.548e-01 1.416e-01 9.218e-02 3.599e-03 7.771e-04 1.172e-02 1.554e-08 2.455e-03 5.556e-04 9.502e-04 2.995e-04 7.253e-04 0.000e+00 0.000e+00 5.384e-04 0.000e+00 1.873e-04 0.000e+00 0.000e+00 8.127e-05 1.418e-04 4.440e-05 1.076e-04
 2.512e+08 2.667e-01 1.500e-01 9.544e-02 3.664e-03 8.316e-04 1.172e-02 2.418e-08 2.461e-03 5.570e-04 9.502e-04 2.998e-04 7.256e-04 0.000e+00 0.000e+00 5.501e-04 0.000e+00 1.872e-04 0.000e+00 0.000e+00 8.125e-05 1.417e-04 4.437e-05 1.075e-04
 3.162e+08 2.775e-01 1.577e-01 9.842e-02 3.774e-03 8.511e-04 1.173e-02 4.193e-08 2.469e-03 5.586e-04 9.507e-04 3.002e-04 7.265e-04 0.000e+00 0.000e+00 5.709e-04 0.000e+00 1.872e-04 0.000e+00 0.000e+00 8.125e-05 1.417e-04 4.436e-05 1.075e-04
 3.981e+08 2.900e-01 1.664e-01 1.020e-01 3.969e-03 8.536e-04 1.174e-02 8.310e-08 2.485e-03 5.609e-04 9.514e-04 3.007e-04 7.276e-04 0.000e+00 0.000e+00 6.082e-04 0.000e+00 1.872e-04 0.000e+00 0.000e+00 8.125e-05 1.417e-04 4.437e-05 1.075e-04
 5.012e+08 3.008e-01 1.737e-01 1.052e-01 4.203e-03 8.550e-04 1.175e-02 1.460e-07 2.511e-03 5.641e-04 9.525e-04 3.013e-04 7.292e-04 0.000e+00 0.000e+00 6.536e-04 0.000e+00 1.873e-04 0.000e+00 0.000e+00 8.127e-05 1.418e-04 4.440e-05 1.076e-04
 6.310e+08 3.128e-01 1.816e-01 1.090e-01 4.504e-03 8.582e-04 1.176e-02 2.400e-07 2.548e-03 5.673e-04 9.525e-04 3.016e-04 7.296e-04 0.000e+00 0.000e+00 7.120e-04 0.000e+00 1.872e-04 0.000e+00 0.000e+00 8.125e-05 1.417e-04 4.437e-05 1.075e-04
 7.943e+08 3.233e-01 1.885e-01 1.123e-01 4.768e-03 8.594e-04 1.178e-02 3.288e-07 2.586e-03 5.695e-04 9.536e-04 3.022e-04 7.312e-04 0.000e+00 0.000e+00 7.633e-04 0.000e+00 1.873e-04 0.000e+00 0.000e+00 8.127e-05 1.418e-04 4.440e-05 1.076e-04
 1.000e+09 3.335e-01 1.952e-01 1.155e-01 4.985e-03 8.614e-04 1.179e-02 3.928e-07 2.613e-03 5.708e-04 9.541e-04 3.026e-04 7.321e-04 0.000e+00 0.000e+00 8.052e-04 0.000e+00 1.873e-04 0.000e+00 0.000e+00 8.127e-05 1.418e-04 4.440e-05 1.076e-04
 1.259e+09 3.444e-01 2.026e-01 1.188e-01 5.187e-03 8.636e-04 1.180e-02 4.404e-07 2.635e-03 5.717e-04 9.547e-04 3.031e-04 7.330e-04 0.000e+00 0.000e+00 8.440e-04 0.000e+00 1.873e-04 0.000e+00 0.000e+00 8.127e-05 1.418e-04 4.440e-05 1.076e-04
 1.585e+09 3.577e-01 2.117e-01 1.227e-01 5.388e-03 8.671e-04 1.181e-02 4.777e-07 2.653e-03 5.724e-04 9.547e-04 3.034e-04 7.335e-04 0.000e+00 0.000e+00 8.823e-04 0.000e+00 1.872e-04 0.000e+00 0.000e+00 8.125e-05 1.417e-04 4.437e-05 1.075e-04
 1.995e+09 3.687e-01 2.194e-01 1.259e-01 5.515e-03 8.683e-04 1.182e-02 4.944e-07 2.662e-03 5.731e-04 9.559e-04 3.041e-04 7.352e-04 0.000e+00 0.000e+00 9.063e-04 0.000e+00 1.873e-04 0.000e+00 0.000e+00 8.127e-05 1.418e-04 4.440e-05 1.076e-04
 2.512e+09 3.786e-01 2.264e-01 1.286e-01 5.601e-03 8.702e-04 1.183e-02 5.026e-07 2.666e-03 5.736e-04 9.563e-04 3.044e-04 7.360e-04 0.000e+00 0.000e+00 9.221e-04 0.000e+00 1.873e-04 0.000e+00 0.000e+00 8.127e-05 1.418e-04 4.439e-05 1.076e-04
 3.162e+09 3.870e-01 2.325e-01 1.309e-01 5.652e-03 8.723e-04 1.183e-02 5.066e-07 2.669e-03 5.738e-04 9.562e-04 3.046e-04 7.361e-04 0.000e+00 0.000e+00 9.314e-04 0.000e+00 1.872e-04 0.000e+00 0.000e+00 8.125e-05 1.417e-04 4.437e-05 1.075e-04
 3.981e+09 3.954e-01 2.385e-01 1.332e-01 5.689e-03 8.729e-04 1.184e-02 5.082e-07 2.671e-03 5.744e-04 9.572e-04 3.051e-04 7.375e-04 0.000e+00 0.000e+00 9.377e-04 0.000e+00 1.873e-04 0.000e+00 0.000e+00 8.127e-05 1.418e-04 4.440e-05 1.076e-04
 5.012e+09 4.020e-01 2.434e-01 1.350e-01 5.709e-03 8.739e-04 1.185e-02 5.092e-07 2.672e-03 5.747e-04 9.575e-04 3.054e-04 7.382e-04 0.000e+00 0.000e+00 9.410e-04 0.000e+00 1.873e-04 0.000e+00 0.000e+00 8.127e-05 1.418e-04 4.440e-05 1.076e-04
 6.310e+09 4.068e-01 2.469e-01 1.363e-01 5.717e-03 8.755e-04 1.185e-02 5.097e-07 2.672e-03 5.748e-04 9.572e-04 3.055e-04 7.379e-04 0.000e+00 0.000e+00 9.421e-04 0.000e+00 1.872e-04 0.000e+00 0.000e+00 8.125e-05 1.417e-04 4.437e-05 1.075e-04
 7.943e+09 4.114e-01 2.503e-01 1.374e-01 5.722e-03 8.754e-04 1.185e-02 5.099e-07 2.673e-03 5.752e-04 9.580e-04 3.059e-04 7.391e-04 0.000e+00 0.000e+00 9.425e-04 0.000e+00 1.873e-04 0.000e+00 0.000e+00 8.127e-05 1.418e-04 4.439e-05 1.076e-04
 1.000e+10 4.163e-01 2.539e-01 1.387e-01 5.725e-03 8.769e-04 1.185e-02 5.102e-07 2.674e-03 5.753e-04 9.578e-04 3.059e-04 7.389e-04 0.000e+00 0.000e+00 9.424e-04 0.000e+00 1.872e-04 0.000e+00 0.000e+00 8.125e-05 1.417e-04 4.437e-05 1.075e-04
 1.259e+10 4.215e-01 2.577e-01 1.400e-01 5.730e-03 8.769e-04 1.186e-02 5.103e-07 2.675e-03 5.757e-04 9.586e-04 3.064e-04 7.402e-04 0.000e+00 0.000e+00 9.428e-04 0.000e+00 1.873e-04 0.000e+00 0.000e+00 8.127e-05 1.418e-04 4.440e-05 1.076e-04
 1.585e+10 4.270e-01 2.619e-01 1.414e-01 5.733e-03 8.785e-04 1.186e-02 5.106e-07 2.675e-03 5.759e-04 9.584e-04 3.064e-04 7.401e-04 0.000e+00 0.000e+00 9.427e-04 0.000e+00 1.872e-04 0.000e+00 0.000e+00 8.125e-05 1.417e-04 4.437e-05 1.075e-04
