#Name        feh    nh    dnh     oh     doh       no
LP815-43    -2.74  <-2.44         -2.11  0.27     <-0.33  
LHS 540     -1.48  -1.58  0.16    -10.0           -10.0
BD+23_3130  -2.66  -2.86  0.16    -1.78  0.17     -1.08 
BD+23_3912  -1.50  -1.80  0.15    -0.94  0.17     -0.86  
BD+26_3578  -2.36  <-1.36         -1.42  0.11     <-0.06  
BD+37_1458  -2.17  -1.97  0.15    -1.36  0.21     -0.61
G64-12      -3.05  -1.90  0.25    -1.88  0.31     -0.02  
G275-4      -2.99  <-2.29         -2.08  0.32     <-0.21  
HD6582      -0.86  -1.05  0.14    -0.53  0.16     -0.52 
HD19445     -2.04  -1.69  0.12    -0.82  0.17     -0.87 
HD64090     -1.74  -1.75  0.14    -1.00  0.15     -0.75 
HD76932     -0.90  -1.12  0.15    -0.56  0.18     -0.56 
HD84937     -2.06  <-2.06         -1.29  0.17     <-0.77 
HD87140     -1.83  -1.83  0.15    -10.0           -10.0
HD94028     -1.49  -1.34  0.12    -0.78  0.16     -0.56 
HD103095    -1.43  -1.83  0.14    -1.06  0.19     -0.77 
HD128279    -2.11  -2.41  0.16    -10.0           -10.0
HD134169    -0.81  -0.81  0.15    -0.52  0.17     -0.29 
HD140283    -2.47  -2.42  0.11    -1.58  0.15     -0.84 
HD157214    -0.35  -0.45  0.12    -0.24  0.11     -0.21 
HD165908    -0.67  -0.77  0.12    -0.63  0.10     -0.14 
HD166913    -1.68  -1.38  0.12    -0.69  0.18     -0.69 
HD170153    -0.65  -0.86  0.12    -0.74  0.12     -0.12 
HD188510    -1.57  -1.57  0.14    -1.01  0.17     -0.56 
HD189558    -1.12  -1.32  0.15    -0.74  0.17     -0.58 
HD194598    -1.20  -1.10  0.15    -0.68  0.19     -0.42 
HD201889    -0.95  -1.05  0.14    -0.80  0.20     -0.25 
HD201891    -1.05  -0.95  0.15    -0.60  0.18     -0.35 
HD218502    -1.76  <-2.06         -10.0           -10.0
HD211998    -1.48  -1.98  0.30    -1.27  0.38     -0.71 
HD225239    -0.50  -0.65  0.09    -0.71  0.12      0.06 
HD52265      0.23   0.25           0.02
HD75289      0.28   0.21          -0.05
HD82943      0.30   0.39           0.21
HD83443      0.35   0.26           0.44
HD9826       0.13   0.10          -0.07
HD22049     -0.13  -0.05           0.00
HD38529      0.40   0.42          -0.01
HD92788      0.32   0.42           0.08
HD120136     0.23   0.20           0.08
HD134987     0.30   0.40           0.22
HD143761    -0.21  -0.30          -0.12
HD209458     0.02   0.01          -0.07
HD217014     0.20   0.20           0.16
HD217107     0.37   0.40           0.17
HD222582     0.05   0.12          -0.04
