# X Y X1 X2 Y1 Y2
   -2.06    -0.37     0.08     0.08     0.15     0.15  #BD+17_3248 
   -2.41     0.65      0.1      0.1        0        0  #BS17583-100 
   -2.51    -0.55     0.11     0.11        0        0  #HD110184 
   -2.52      0.4     0.08     0.08        0        0  #HD140283 
   -2.62    -0.55     0.11     0.11        0        0  #HD6268 
   -2.24    -0.19        0        0        0        0  #HD5426 
   -2.35    -0.61        0        0        0        0  #BD-18_0271 
   -1.44     0.31        0        0        0        0  #HD134440 
   -1.26     0.05        0        0        0        0  #HD102200 
   -1.49    -0.36        0        0        0        0  #HD110885 
   -1.31    -0.04        0        0        0        0  #HD111721 
   -1.83     0.16        0        0        0        0  #HD116064 
   -1.57    -0.14        0        0        0        0  #HD126238 
    -1.3    -0.23        0        0        0        0  #HD134439 
   -1.79    -0.54        0        0        0        0  #HD136316 
   -0.82    -0.23        0        0        0        0  #HD142948 
   -1.36    -0.07        0        0        0        0  #HD145417 
   -0.68     -0.2        0        0        0        0  #HD151559 
      -1    -0.19        0        0        0        0  #HD17072 
   -1.35    -0.09        0        0        0        0  #HD175305 
   -1.34    -0.08        0        0        0        0  #HD190287 
   -2.01     0.09        0        0        0        0  #HD19445 
   -1.05     0.02        0        0        0        0  #HD196892 
   -1.07     0.08        0        0        0        0  #HD199289 
   -0.74    -0.06        0        0        0        0  #HD20038 
   -1.39     0.06        0        0        0        0  #HD211998 
   -1.45    -0.08        0        0        0        0  #HD213467 
   -1.53     0.11        0        0        0        0  #HD219617 
   -1.74    -0.51        0        0        0        0  #HD222434 
   -1.21    -0.22        0        0        0        0  #HD41667 
    -1.4     -0.1        0        0        0        0  #HD45282 
   -1.04    -0.07        0        0        0        0  #HD6229 
   -0.88    -0.03        0        0        0        0  #HD7041 
   -1.42    -0.56        0        0        0        0  #HD83212 
   -1.77    -0.09        0        0        0        0  #HD87140 
   -1.62    -0.11        0        0        0        0  #HD9051 
   -2.39    -0.54      0.2      0.2        0        0  #BS17439-065 
    -2.4     0.47     0.21     0.21        0        0  #CS30306-132 
   -2.35     0.32     0.21     0.21        0        0  #CS30319-020 
    -2.1    -0.58        0        0        0        0  #BD+06_0648 
   -2.22    -0.53        0        0        0        0  #HD216143 
   -2.16     -0.6     0.12     0.12      0.3      0.3  #HD221170 
   -1.32     0.59        0        0        0        0  #HE1152-0355 
   -1.72    -0.09     0.21     0.21     0.29     0.29  #CS22898-062 
   -2.24     0.41     0.14     0.14     0.16     0.16  #CS22174-007 
   -2.42     0.59     0.15     0.15     0.16     0.16  #CS31062-041 
   -0.76    -0.07        0        0        0        0  #BD+08_3095 
   -1.88     0.17        0        0        0        0  #CD-30_18140 
   -2.41     0.38        0        0        0        0  #CD-35_14849 
   -2.12     0.31        0        0        0        0  #CD-42_14278 
   -0.82     0.02        0        0        0        0  #HD103723 
   -0.86     0.18        0        0        0        0  #HD105004 
   -0.77     0.39        0        0        0        0  #HD121004 
   -0.74     0.27        0        0        0        0  #HD146296 
   -1.84     0.26        0        0     0.19     0.19  #BD+37_1458 
   -1.58     0.06        0        0     0.19     0.19  #BD-03_2525 
   -1.66     0.16        0        0     0.26     0.26  #BS16470-092 
   -2.29    -0.29        0        0     0.26     0.26  #BS16472-018 
   -1.39    -0.19        0        0     0.26     0.26  #BS16472-081 
   -2.19    -1.04        0        0     0.26     0.26  #BS16543-092 
   -1.57    -0.19        0        0     0.19     0.19  #BS16546-076 
   -1.62    -0.14        0        0     0.19     0.19  #BS16547-005 
   -2.26     0.61        0        0     0.26     0.26  #BS16547-006 
   -1.45    -0.84        0        0     0.26     0.26  #BS16547-025 
   -1.17     0.16        0        0     0.22     0.22  #BS16547-099 
   -1.84    -0.84        0        0     0.26     0.26  #BS16551-058 
   -1.38    -0.64        0        0     0.26     0.26  #BS16934-009 
   -1.63     0.36        0        0     0.26     0.26  #BS16934-072 
   -1.79    -0.08        0        0     0.26     0.26  #BS16972-013 
   -1.36    -0.49        0        0     0.22     0.22  #BS16986-072 
   -2.25     0.26        0        0     0.26     0.26  #BS17139-007 
   -1.21     0.36        0        0     0.19     0.19  #BS17576-002 
   -1.55     0.11        0        0     0.26     0.26  #BS17576-071 
   -1.21    -1.04        0        0     0.22     0.22  #BS17585-080 
   -2.35    -0.74        0        0     0.26     0.26  #CS22174-012 
   -1.82     0.26        0        0     0.19     0.19  #CS22180-005 
   -1.85    -0.04        0        0     0.26     0.26  #CS22190-007 
   -1.53     0.51        0        0     0.26     0.26  #CS22949-029 
   -1.93    -0.19        0        0     0.26     0.26  #CS22950-153 
   -2.14    -0.64        0        0     0.26     0.26  #CS22965-029 
   -1.52     0.11        0        0     0.19     0.19  #CS29510-008 
   -1.68     0.01        0        0      0.3      0.3  #CS30306-110 
   -1.76    -0.09        0        0     0.26     0.26  #CS30306-126 
   -1.34     0.11        0        0     0.22     0.22  #CS30311-050 
   -2.39    -0.09        0        0     0.26     0.26  #CS30315-093 
   -1.72    -0.14        0        0     0.26     0.26  #CS30320-006 
   -1.85     0.16        0        0     0.26     0.26  #CS30320-069 
    -1.6     0.01        0        0     0.19     0.19  #CS30329-078 
   -2.24     0.11        0        0     0.22     0.22  #CS30329-129 
    -1.6    -0.04        0        0     0.26     0.26  #CS30331-018 
   -1.68     0.11        0        0     0.26     0.26  #CS30332-114 
   -1.65     0.01        0        0     0.26     0.26  #CS30338-119 
   -1.51     0.11        0        0     0.22     0.22  #CS31060-030 
   -1.89     0.01        0        0     0.22     0.22  #CS31060-043 
   -2.02     0.16        0        0     0.22     0.22  #CS31069-064 
   -2.12     0.11        0        0     0.19     0.19  #CS31070-058 
   -1.82     0.06        0        0     0.19     0.19  #CS31088-083 
   -1.72    -0.04        0        0     0.19     0.19  #HD044007 
   -1.14    -0.54        0        0     0.17     0.17  #HD163810 
    -1.3    -0.02        0        0        0        0  #BD+05_3640 
   -1.25    -0.02        0        0        0        0  #BD+12_853 
   -1.09    -0.07        0        0        0        0  #BD+19_1185 
   -1.05     0.23        0        0        0        0  #BD+29_366 
   -1.34    -0.32        0        0        0        0  #BD+42_2667 
   -1.34     0.13        0        0        0        0  #BD+51_1696 
   -1.13     0.03        0        0        0        0  #BD-01_306 
   -0.59     0.13        0        0        0        0  #G102-27 
   -1.18     0.03        0        0        0        0  #G113-22 
   -1.25    -0.07        0        0        0        0  #G123-9 
   -1.06     0.33        0        0        0        0  #G126-36 
    -0.7    -0.02        0        0        0        0  #G153-21 
   -1.35    -0.07        0        0        0        0  #G179-22 
   -1.52    -0.17        0        0        0        0  #G188-22 
   -1.63     0.08        0        0        0        0  #G191-55 
    -1.5     0.25        0        0        0        0  #G192-43 
   -0.98     0.23        0        0        0        0  #G221-7 
   -1.64    -0.02        0        0        0        0  #G23-14 
   -1.64     0.03        0        0        0        0  #G28-43 
   -1.09     0.13        0        0        0        0  #G29-25 
   -0.97     0.08        0        0        0        0  #G40-8 
   -1.24     0.13        0        0        0        0  #G5-1 
   -0.95     0.03        0        0        0        0  #G59-1 
   -1.17    -0.07        0        0        0        0  #G9-36 
   -1.06     0.08        0        0        0        0  #G95-57B 
   -1.99     0.13        0        0        0        0  #HD002665 
   -1.68    -0.02        0        0        0        0  #HD006755 
   -0.85    -0.02        0        0        0        0  #HD006833 
   -1.91    -0.07        0        0        0        0  #HD008724 
   -1.71     0.03        0        0        0        0  #HD021581 
   -2.26    -0.37        0        0        0        0  #HD023798 
   -1.67     0.53        0        0        0        0  #HD025329 
   -1.34    -0.07        0        0        0        0  #HD025532 
   -1.98    -0.27        0        0        0        0  #HD026297 
   -1.62    -0.02        0        0        0        0  #HD037828 
    -1.9    -0.07        0        0        0        0  #HD063791 
   -1.52    -0.12        0        0        0        0  #HD074462 
   -1.32    -0.87        0        0        0        0  #HD082590 
   -2.62    -0.27        0        0        0        0  #HD085773 
   -1.33     0.03        0        0        0        0  #HD101063 
   -2.04    -0.17        0        0        0        0  #HD103036 
   -1.43     0.13        0        0        0        0  #HD103095 
   -2.45    -0.22        0        0        0        0  #HD103545 
   -1.48    -0.27        0        0        0        0  #HD105546 
   -2.18     0.13        0        0        0        0  #HD108317 
   -2.11    -0.97        0        0        0        0  #HD119516 
   -1.54    -0.27        0        0        0        0  #HD121135 
   -1.95    -0.12        0        0        0        0  #HD122956 
   -1.91    -0.57        0        0        0        0  #HD124358 
   -2.01     0.08        0        0        0        0  #HD128279 
   -1.86     0.03        0        0        0        0  #HD132475 
   -1.79    -0.22        0        0        0        0  #HD141531 
   -1.54     0.13        0        0        0        0  #HD149414 
    -2.6    -0.32        0        0        0        0  #HD165195 
   -1.23     0.08        0        0        0        0  #HD166161 
   -0.67     0.03        0        0        0        0  #HD171496 
   -1.43    -0.37        0        0        0        0  #HD184266 
   -1.97    -0.22        0        0        0        0  #HD187111 
   -1.32     0.08        0        0        0        0  #HD188510 
   -1.87    -0.37        0        0        0        0  #HD204543 
   -1.72    -0.02        0        0        0        0  #HD206739 
   -1.46    -0.02        0        0        0        0  #HD210295 
   -1.87    -0.87        0        0        0        0  #HD214362 
    -1.9     0.13        0        0        0        0  #HD218857 
   -1.69     0.03        0        0        0        0  #HD232078 
   -1.79    -0.17        0        0        0        0  #HD233666 
    -1.4    -0.12        0        0        0        0  #HD233891 
   -1.22     0.13        0        0        0        0  #HD23439 
   -1.78     0.13        0        0        0        0  #HD64090 
   -2.09     0.51     0.08     0.08     0.21     0.21  #CS29522-046 
   -2.38    -0.25      0.1      0.1      0.3      0.3  #CS22878-121 
   -2.41    -0.22      0.1      0.1     0.15     0.15  #CS22944-039 
   -1.87    -0.26     0.17     0.17     0.11     0.11  #G19-25 
    -2.2    -0.01        0        0        0        0  #CS30339-041 
   -2.26     0.31        0        0        0        0  #HE0018-1349 
   -1.77    -0.11        0        0        0        0  #HE0045-2430 
   -2.41     0.47        0        0        0        0  #HE0049-5700 
   -2.46     0.37        0        0        0        0  #HE0200-0955 
   -2.49     0.35        0        0        0        0  #HE0243-0753 
   -2.33     0.34        0        0        0        0  #HE0317-4640 
    -2.2     0.17        0        0        0        0  #HE0330-4004 
   -1.81     0.25        0        0        0        0  #HE0339-4027 
   -1.95     0.31        0        0        0        0  #HE0340-3430 
   -1.81     0.48        0        0        0        0  #HE0344+0139 
   -2.33     0.48        0        0        0        0  #HE0417-0821 
   -2.35     0.53        0        0        0        0  #HE0436-4008 
   -1.69     0.07        0        0        0        0  #HE0447-4858 
   -2.41     0.31        0        0        0        0  #HE0501-5644 
    -2.4    -0.21        0        0        0        0  #HE0512-3835 
   -1.52     0.23        0        0        0        0  #HE0538-4515 
   -2.48     0.31        0        0        0        0  #HE1131+0141 
   -2.42     0.34        0        0        0        0  #HE1132+0125 
   -2.28     0.57        0        0        0        0  #HE1210+0048 
   -2.15    -0.31        0        0        0        0  #HE1212-0127 
   -2.45     0.26        0        0        0        0  #HE1222-0200 
   -2.04     0.15        0        0        0        0  #HE1222-0336 
   -1.96     0.67        0        0        0        0  #HE1225-0515 
    -2.3     0.29        0        0        0        0  #HE1230-1724 
   -2.07    -0.03        0        0        0        0  #HE1256-0228 
   -2.33     0.27        0        0        0        0  #HE1330-0607 
   -2.47     0.19        0        0        0        0  #HE1335+0135 
   -2.43    -0.27        0        0        0        0  #HE2143+0030 
   -1.85     0.05        0        0        0        0  #HE2154-2838 
   -2.07     0.02        0        0        0        0  #HE2155+0136 
      -2      0.3        0        0        0        0  #HE2200-2030 
    -1.7    -0.39        0        0        0        0  #HE2216-1548 
   -2.03     0.28        0        0        0        0  #HE2221-4150 
   -2.12     0.09        0        0        0        0  #HE2231-0622 
    -2.4     0.24        0        0        0        0  #HE2238-2152 
   -2.21     0.15        0        0        0        0  #HE2242-1930 
   -1.61     0.27        0        0        0        0  #HE2243-0151 
   -2.11     0.34        0        0        0        0  #HE2301-4024 
   -2.37     0.45        0        0        0        0  #HE2301-4126 
   -2.16     0.37        0        0        0        0  #HE2329-3702 
   -2.33     0.42        0        0        0        0  #HE2335-5958B 
   -1.83     0.42        0        0        0        0  #HE2347-1254 
   -2.31     0.72        0        0        0        0  #HE2347-1448 
   -1.46    -0.66        0        0        0        0  #BD+30_2611 
   -2.08    -0.69        0        0        0        0  #HD214925 
    -1.8    -0.37        0        0        0        0  #HD220838 
   -1.93    -0.54        0        0        0        0  #HD235766 
   -2.24     0.35        0        0        0        0  #BD+02_3375 
   -1.74     0.13        0        0        0        0  #BD+02_4651 
   -1.51     0.31        0        0        0        0  #BD+07_4841 
    -1.6     0.11        0        0        0        0  #BD+17_4708 
   -1.98     0.36        0        0        0        0  #BD+28_2137 
   -2.34     0.39        0        0        0        0  #BD-04_3208 
   -1.94     0.24        0        0        0        0  #CD-3018140 
   -2.39     0.34        0        0        0        0  #CD-3514849 
   -2.08     0.19        0        0        0        0  #CD-4214278 
   -2.43     0.28        0        0        0        0  #CD-711234 
   -2.29     0.42        0        0        0        0  #CS22943-0095 
   -2.26     0.25        0        0        0        0  #G126-52 
   -1.67    -0.11        0        0        0        0  #G24-3 
   -1.34    -0.08        0        0        0        0  #G53-41 
   -1.53     0.01        0        0        0        0  #G66-30 
   -1.42     0.37        0        0        0        0  #HD106038 
   -1.64     0.23        0        0        0        0  #HD110621 
    -1.8     0.08        0        0        0        0  #HD160617 
   -1.17     0.28        0        0        0        0  #HD179626 
   -1.92     0.25        0        0        0        0  #HD181743 
   -1.77     0.18        0        0        0        0  #HD188031 
   -1.15     0.13        0        0        0        0  #HD193901 
    -1.2     0.21        0        0        0        0  #HD194598 
   -2.33     0.22        0        0        0        0  #HD215801 
   -2.31     0.34        0        0        0        0  #HD338529 
   -2.08     0.23        0        0        0        0  #HE1208-0040 
   -1.76     0.23        0        0        0        0  #HE1223-0133 
   -2.62     0.19     0.09     0.09     0.05     0.05  #CS29517-025 
   -2.75      0.4     0.11     0.11     0.05     0.05  #CS30312-100 
   -1.41    -0.38        0        0        0        0  #HD20 
   -1.89     0.27        0        0        0        0  #HE0023-4825 
   -2.33     0.27        0        0        0        0  #HE0029-1839 
   -2.24    -0.68        0        0        0        0  #HE0051-2304 
   -1.83     0.25        0        0        0        0  #HE0054-0657 
   -1.74     0.27        0        0        0        0  #HE0109-3711 
   -1.96     0.19        0        0        0        0  #HE0143-1135 
    -2.1     0.06        0        0        0        0  #HE0300-0751 
   -2.08     0.11        0        0        0        0  #HE0328-1047 
   -1.73     0.15        0        0        0        0  #HE0330-4144 
   -1.65     0.23        0        0        0        0  #HE0341-4024 
   -2.24    -0.65        0        0        0        0  #HE0442-1234 
   -2.21     0.36        0        0        0        0  #HE0501-5139 
   -2.35     0.41        0        0        0        0  #HE0520-1748 
   -1.84     0.09        0        0        0        0  #HE0534-4615 
   -2.12     0.47        0        0        0        0  #HE1052-2548 
   -2.38     0.09        0        0        0        0  #HE1132+0204 
   -2.19     0.58        0        0        0        0  #HE1256-0651 
   -2.29     0.17        0        0        0        0  #HE1332-0309 
   -2.17     0.08        0        0        0        0  #HE1337-0453 
   -1.85     0.08        0        0        0        0  #HE2133-1432 
   -2.05     0.16        0        0        0        0  #HE2134+0001 
   -2.21     0.06        0        0        0        0  #HE2151-2858 
   -2.32     0.08        0        0        0        0  #HE2153-2719 
    -2.1     0.32        0        0        0        0  #HE2247-3705 
   -2.05     0.37        0        0        0        0  #HE2250-2132 
   -1.76    -0.19        0        0        0        0  #HE2252-4157 
   -2.12     0.37        0        0        0        0  #HE2259-3407 
   -2.29      0.2        0        0        0        0  #HE2345-1919 
   -2.28     0.36      0.2      0.2        0        0  #HE0349-0045 
   -2.43     0.35     0.12     0.12        0        0  #HE1446-0140 
   -2.43      0.2     0.13     0.13        0        0  #HE1500-1628 
    -2.4     0.43     0.22     0.22        0        0  #HE2244-2116 
   -1.71    -1.08        0        0        0        0  #BD+01_2916 
   -1.89    -1.08        0        0        0        0  #HD003008 
   -1.76    -1.26        0        0        0        0  #HD029574 
   -1.39    -1.12        0        0        0        0  #HD110281 
   -1.61    -1.05        0        0        0        0  #HD118055 
   -1.79     0.32        0        0        0        0  #HD135148 
   -1.96     -1.1        0        0        0        0  #[S84]2643 
   -2.09    -0.14     0.08     0.08     0.13     0.13  #G39-36 
   -1.87     0.34      0.3      0.3      0.3      0.3  #J1245-0419 
   -1.64     0.66      0.3      0.3      0.2      0.2  #LPLeo- 
   -1.88     0.62      0.3      0.3      0.3      0.3  #v408Vir 
   -2.62     0.22     0.21     0.21     0.25     0.25  #CS30492-001 
   -2.16     -0.2     0.15     0.15     0.25     0.25  #BD+10_2495 
   -1.73    -0.12     0.16     0.16     0.25     0.25  #BD+29_2356 
   -2.04     0.22     0.14     0.14     0.25     0.25  #BD+80_245 
   -2.54     0.36     0.21     0.21     0.25     0.25  #CS22171-031 
   -2.18        0     0.21     0.21     0.25     0.25  #CS22182-047 
   -2.12     0.28     0.21     0.21     0.25     0.25  #CS22877-015 
   -2.16     0.11     0.16     0.16     0.25     0.25  #CS22879-103 
   -2.48     0.37     0.21     0.21     0.25     0.25  #CS22884-020 
   -1.86    -0.16     0.21     0.21     0.25     0.25  #CS22886-044 
    -2.4     0.34      0.2      0.2     0.25     0.25  #CS22893-011 
   -2.52     0.45     0.21     0.21     0.25     0.25  #CS22943-095 
   -2.54    -0.41     0.17     0.17     0.25     0.25  #CS22951-077 
   -2.11     0.16     0.21     0.21     0.25     0.25  #CS22954-015 
   -1.37     0.48     0.06     0.06     0.25     0.25  #CS22955-110 
   -2.43     0.35     0.21     0.21     0.25     0.25  #CS22957-019 
   -1.93     0.33     0.21     0.21     0.25     0.25  #CS22957-026 
   -2.28     0.23     0.21     0.21     0.25     0.25  #CS22957-036 
   -2.62     0.52     0.22     0.22     0.25     0.25  #CS22958-052 
   -2.29     0.38     0.21     0.21     0.25     0.25  #CS22958-065 
   -2.57     0.15     0.21     0.21     0.25     0.25  #CS22968-026 
   -2.44     0.14      0.2      0.2     0.25     0.25  #CS29495-005 
   -2.51     0.26     0.21     0.21     0.25     0.25  #CS29499-003 
   -2.47    -0.04     0.17     0.17     0.25     0.25  #CS29513-003 
   -2.35    -0.13     0.14     0.14     0.25     0.25  #CS29514-017 
   -2.29    -0.29     0.11     0.11     0.25     0.25  #G10-54 
   -2.06     0.36     0.21     0.21     0.25     0.25  #G107-50 
   -2.61     0.02      0.1      0.1     0.25     0.25  #G115-49 
    -1.9    -0.13     0.21     0.21     0.25     0.25  #G137-86 
   -1.58    -0.24     0.11     0.11     0.25     0.25  #G146-56 
   -2.08    -0.16     0.15     0.15     0.25     0.25  #G146-76 
   -1.08     -0.1      0.1      0.1     0.25     0.25  #G153-64 
   -2.08    -0.36     0.11     0.11     0.25     0.25  #G16-25 
   -1.42    -0.23     0.22     0.22     0.25     0.25  #G161-73 
   -2.46     0.38     0.21     0.21     0.25     0.25  #G166-47 
   -2.05    -0.31      0.1      0.1     0.25     0.25  #G188-30 
   -1.95    -0.12      0.1      0.1     0.25     0.25  #G190-10 
   -2.14     0.03     0.21     0.21     0.25     0.25  #G199-66 
   -1.72    -0.06     0.21     0.21     0.25     0.25  #G201-44 
   -2.29    -0.12      0.1      0.1     0.25     0.25  #G214-1 
    -1.8    -0.06      0.2      0.2     0.25     0.25  #G234-28 
   -1.59    -0.41     0.11     0.11     0.25     0.25  #G238-32 
   -2.33    -0.25      0.1      0.1     0.25     0.25  #G25-22 
   -2.11     0.08     0.21     0.21     0.25     0.25  #G25-24 
   -2.08     0.07      0.2      0.2     0.25     0.25  #G26-1 
   -2.17     0.26     0.21     0.21     0.25     0.25  #G4-36 
   -2.06    -0.18     0.21     0.21     0.25     0.25  #G71-55 
   -2.35     0.32     0.21     0.21     0.25     0.25  #G75-56 
   -1.94    -0.06     0.11     0.11     0.25     0.25  #G88-23 
   -1.79    -0.45     0.11     0.11     0.25     0.25  #G9-27 
    -2.4    -0.09     0.21     0.21     0.25     0.25  #G90-3 
   -1.84    -0.27     0.15     0.15     0.25     0.25  #HD11582 
   -1.97     0.02      0.2      0.2     0.25     0.25  #HD122196 
   -2.01     0.03     0.21     0.21     0.25     0.25  #HD16031 
   -2.39     0.24     0.21     0.21     0.25     0.25  #HD175606 
   -1.99    -0.29     0.17     0.17     0.25     0.25  #HD178443 
    -1.7    -0.14     0.15     0.15     0.25     0.25  #HD220127 
   -1.87    -0.13     0.21     0.21     0.25     0.25  #HD31128 
   -1.73    -0.16     0.21     0.21     0.25     0.25  #HD345957 
   -2.34     0.49        0        0        0        0  #HE0057-4541 
   -2.48      0.4        0        0        0        0  #HE0516-3820 
   -2.42    -0.11     0.13     0.13     0.15     0.15  #LAMOSTJ0343-0227 
   -1.56      0.2        0        0        0        0  #2MASSJ03084611-4747083 
   -2.39    -0.34        0        0        0        0  #2MASSJ10294248-0103238 
   -2.32    -0.33        0        0        0        0  #SMSSJ000113.96-363337.9 
   -2.32    -0.23        0        0        0        0  #SMSSJ001039.86-525851.4 
   -1.59    -0.54        0        0        0        0  #SMSSJ012147.80-495328.2 
   -2.22     0.24        0        0        0        0  #SMSSJ022756.48-684256.6 
   -2.33     -0.5        0        0        0        0  #SMSSJ034249.53-284216.0 
    -2.5     0.51        0        0        0        0  #SMSSJ055746.51-575057.4 
   -2.48    -0.07        0        0        0        0  #SMSSJ064349.43-653038.6 
   -2.08    -0.37        0        0        0        0  #SMSSJ080050.54-724620.6 
    -2.4      0.2        0        0        0        0  #SMSSJ090247.43-122755.0 
   -2.34     0.36        0        0        0        0  #SMSSJ093829.27-070520.9 
   -1.48    -0.15        0        0        0        0  #SMSSJ095120.49-401431.3 
   -1.86     0.09        0        0        0        0  #SMSSJ105320.99-435300.1 
   -1.98      0.1        0        0        0        0  #SMSSJ105438.86-435819.9 
    -2.1    -0.19        0        0        0        0  #SMSSJ121716.48-442510.2 
   -2.35    -0.18        0        0        0        0  #SMSSJ130537.01-294438.3 
   -2.26     0.13        0        0        0        0  #SMSSJ141547.72-414034.0 
   -2.24    -0.25        0        0        0        0  #SMSSJ164921.94-041943.9 
   -2.48    -0.45        0        0        0        0  #SMSSJ165023.82-252948.7 
    -2.2     0.27        0        0        0        0  #SMSSJ165219.76-253133.7 
   -2.17    -0.12        0        0        0        0  #SMSSJ175046.30-425506.9 
   -2.46    -0.43        0        0        0        0  #SMSSJ175738.37-454823.5 
    -2.4    -0.56        0        0        0        0  #SMSSJ190911.03-213207.5 
   -1.29     0.31        0        0        0        0  #SMSSJ193617.38-790231.4 
   -2.43     0.04        0        0        0        0  #SMSSJ194432.13-720537.1 
   -2.31    -0.32        0        0        0        0  #SMSSJ195614.75-320145.9 
   -1.89    -0.05        0        0        0        0  #SMSSJ210021.85-653627.9 
    -2.4    -0.03        0        0        0        0  #SMSSJ211340.44-520017.5 
   -2.38     -0.2        0        0        0        0  #SMSSJ224843.95-543610.1 
   -0.03      0.1     0.12     0.12      0.1      0.1  #HD168214 
   -1.04     0.51     0.14     0.14      0.1      0.1  #HD206983 
   -0.25     0.52     0.19     0.19      0.1      0.1  #HD207585 
   -0.17    -0.06     0.11     0.11      0.1      0.1  #HD211173 
   -0.39    -0.14     0.21     0.21      0.1      0.1  #HD219116 
   -0.19     0.16     0.18     0.18      0.1      0.1  #HD24035 
   -0.26     0.13     0.14     0.14      0.1      0.1  #HD5424 
   -1.55    -0.28     0.11     0.11        0        0  #TYC5619-109-1 
   -2.25     0.46        0        0        0        0  #HD84937 
    -1.9     0.12      0.1      0.1      0.2      0.2  #CS22874-042 
   -1.75    -0.06      0.1      0.1     0.25     0.25  #HD94028 
   -1.85      0.3      0.1      0.1        0        0  #J043154.1-063210 
   -2.08        0      0.1      0.1        0        0  #J142546.2-154629 
   -1.41     -0.6      0.1      0.1        0        0  #J195244.9-600813 
   -0.63     -0.3      0.1      0.1        0        0  #T5496-00376-1 
   -1.93      0.1      0.1      0.1        0        0  #T6953-00510-1 
   -2.45     -0.3      0.1      0.1        0        0  #T8448-00121-1 
   -2.21     -0.7      0.1      0.1        0        0  #T9112-00430-1 
   -2.49    -0.54      0.3      0.3     0.31     0.31  #HD2796 
   -1.74    -0.29      0.3      0.3     0.31     0.31  #LAMOSTJ030209.33+135656.3 
   -2.03      0.3      0.3      0.3     0.31     0.31  #LAMOSTJ055408.54+523559.0 
   -2.29     0.36      0.3      0.3     0.31     0.31  #LAMOSTJ062647.91+603254.0 
   -2.16     0.03      0.3      0.3     0.31     0.31  #LAMOSTJ071422.66+160042.5 
   -2.33     0.65      0.3      0.3     0.31     0.31  #LAMOSTJ074102.07+213246.6 
   -1.84     0.36      0.3      0.3     0.31     0.31  #LAMOSTJ075816.39+470343.3 
   -2.13      0.2      0.3      0.3     0.31     0.31  #LAMOSTJ085208.07+262730.1 
   -1.73     -0.2      0.3      0.3     0.31     0.31  #LAMOSTJ214610.13+273200.8 
   -2.19    -0.19        0        0        0        0  #J00021222-2241388 
   -1.81    -0.88        0        0        0        0  #J00021668-2453494 
   -2.45     0.37        0        0        0        0  #J00233067-1631428 
   -2.11    -0.04        0        0        0        0  #J00405260-5122491 
   -2.11    -0.09        0        0        0        0  #J01202234-5425582 
   -2.09     0.07        0        0        0        0  #J01425422-5032488 
    -1.5     0.01        0        0        0        0  #J01530024-3417360 
   -2.17    -0.96        0        0        0        0  #J02412152-1825376 
   -1.61    -0.05        0        0        0        0  #J13164824-2743351 
    -1.9     0.43        0        0        0        0  #J14232679-2834200 
    -1.4     -0.7        0        0        0        0  #J14301385-2317388 
   -2.15     0.33        0        0        0        0  #J15271353-2336177 
   -1.49      0.6        0        0        0        0  #J15575183-0839549 
    -1.8    -0.05        0        0        0        0  #J16024498-1521016 
   -2.07    -0.32        0        0        0        0  #J16080681-3215592 
   -2.43     0.53        0        0        0        0  #J16103106+1003055 
   -2.47    -0.45        0        0        0        0  #J17093199-6027271 
   -2.42    -0.33        0        0        0        0  #J17225742-7123000 
   -1.78    -0.45        0        0        0        0  #J17273886-5133298 
   -2.04    -0.42        0        0        0        0  #J17285930-7427532 
   -1.91    -0.32        0        0        0        0  #J17334285-5121550 
   -2.24    -0.26        0        0        0        0  #J17400682-6102129 
   -2.24    -0.35        0        0        0        0  #J17435113-5359333 
   -1.55     0.35        0        0        0        0  #J18024226-4404426 
   -2.46    -0.58        0        0        0        0  #J18285086-3434203 
   -2.48    -0.46        0        0        0        0  #J18294122-4504000 
   -2.26    -0.48        0        0        0        0  #J18562774-7251331 
   -1.87     0.02        0        0        0        0  #J19014952-4844359 
   -2.35     -0.8        0        0        0        0  #J19161821-5544454 
   -2.44    -0.58        0        0        0        0  #J19172402-4211240 
    -2.1    -0.28        0        0        0        0  #J19202070-6627202 
   -2.08     0.27        0        0        0        0  #J19232518-5833410 
   -1.93    -0.51        0        0        0        0  #J19324858-5908019 
   -2.46     -0.7        0        0        0        0  #J19345497-5751400 
   -2.44     -0.7        0        0        0        0  #J19594558-2549075 
   -1.99    -0.86        0        0        0        0  #J20093393-3410273 
   -2.21    -0.65        0        0        0        0  #J20303339-2519500 
   -2.43      0.1        0        0        0        0  #J20313531-3127319 
    -2.3    -0.57        0        0        0        0  #J20445584-2250597 
   -2.47    -0.77        0        0        0        0  #J20492765-5124440 
   -1.87      0.1        0        0        0        0  #J20514971-6158008 
    -2.3        0        0        0        0        0  #J20560913-1331176 
   -2.44    -0.38        0        0        0        0  #J21023752-5316132 
   -2.06    -0.07        0        0        0        0  #J21152551-1503309 
   -2.23    -0.98        0        0        0        0  #J21162185-0213420 
   -2.48    -0.07        0        0        0        0  #J21291592-4236219 
   -2.46     -0.5        0        0        0        0  #J21370807-0927347 
   -2.46     -1.2        0        0        0        0  #J21513595-0543398 
   -2.37     -0.1        0        0        0        0  #J22163596+0246171 
   -1.86    -0.43        0        0        0        0  #J22444701-5617540 
   -1.82    -0.08        0        0        0        0  #J22492756-2238289 
   -2.43    -0.62        0        0        0        0  #J23044914-4243477 
   -2.06    -0.05        0        0        0        0  #J23362202-5607498 
   -1.58     -0.2     0.08     0.08     0.17     0.17  #HD222925 
   -0.47     0.07     0.18     0.18        0        0  #SDSSJ0015+0013 
   -1.97     0.07     0.21     0.21        0        0  #SDSSJ0040+0025 
   -1.63    -0.01     0.13     0.13        0        0  #SDSSJ0042+0055 
   -1.14     0.25      0.2      0.2        0        0  #SDSSJ0309+0542 
   -0.99     0.01     0.19     0.19        0        0  #SDSSJ0346-0558 
   -1.05     0.23     0.22     0.22        0        0  #SDSSJ1114-1202 
   -1.29     0.21     0.17     0.17        0        0  #SDSSJ1337+0835 
   -0.43      0.1     0.25     0.25        0        0  #SDSSJ1337+0837 
   -0.51     0.12     0.18     0.18        0        0  #SDSSJ1338+0830 
   -1.46     0.03     0.23     0.23        0        0  #SDSSJ1342+0835 
   -0.48     0.02     0.22     0.22        0        0  #SDSSJ1343+0810 
   -0.95     0.63        0        0        0        0  #SDSSJ1606+0522 
   -0.84    -0.07     0.07     0.07        0        0  #SDSSJ2011-1110 
   -1.66     0.29     0.27     0.27        0        0  #SDSSJ2311+0026 
    -1.2     0.13     0.19     0.19        0        0  #SDSSJ2335+0819 
   -0.83     0.16     0.23     0.23        0        0  #SDSSJ2337+1436 
   -0.84     0.61        0        0        0        0  #BD+11_4725 
   -0.92     0.43        0        0        0        0  #BD+18_3423 
   -0.99     0.52        0        0        0        0  #BD+20_2594 
   -0.88      0.6        0        0        0        0  #BD+22_2442 
    0.09     0.33        0        0        0        0  #BD+35_4669 
    -0.9     0.57        0        0        0        0  #BD+36_1898 
   -0.24     0.17        0        0        0        0  #BD+46_1264 
   -0.85     0.55        0        0        0        0  #BD+46_610 
   -0.59     0.58        0        0        0        0  #BD+59_1609 
    -0.7     0.52        0        0        0        0  #BD+65_737 
   -0.64     0.56        0        0        0        0  #BD+67_1034 
   -0.94     0.49        0        0        0        0  #BD+68_394 
   -0.43     0.63        0        0        0        0  #BD+70_1218 
   -0.45     0.48        0        0        0        0  #BD+70_950 
   -0.55     0.56        0        0        0        0  #BD+73_943 
   -0.47     0.38        0        0        0        0  #BD+77_876 
   -0.92     0.39        0        0        0        0  #BD+79_22 
   -0.62     0.54        0        0        0        0  #BD-04_2862 
      -1     0.37        0        0        0        0  #G75-31 
   -0.89     0.65        0        0        0        0  #G9-31 
   -0.92     0.45        0        0        0        0  #HD022879 
   -0.84     0.41        0        0        0        0  #HD104800 
   -0.69     0.57        0        0        0        0  #HD10519 
   -0.79     0.41        0        0        0        0  #HD106516 
   -0.77     0.52        0        0        0        0  #HD107582 
   -0.64     0.66        0        0        0        0  #HD110642 
   -0.29     0.29        0        0        0        0  #HD111367 
   -1.03     0.33        0        0        0        0  #HD111980 
   -0.65     0.69        0        0        0        0  #HD11397 
   -0.26     0.29        0        0        0        0  #HD114094 
   -0.76     0.44        0        0        0        0  #HD114762 
   -0.49     0.46        0        0        0        0  #HD116926 
   -0.67     0.36        0        0        0        0  #HD126512 
   -0.44     0.54        0        0        0        0  #HD127340 
   -0.19     0.23        0        0        0        0  #HD129290 
   -0.78      0.5        0        0        0        0  #HD131597 
   -0.16     0.43        0        0        0        0  #HD132130 
    -0.8     0.55        0        0        0        0  #HD134088 
    -0.9     0.52        0        0        0        0  #HD134113 
   -0.28     0.65        0        0        0        0  #HD135145 
   -0.44     0.46        0        0        0        0  #HD136231 
   -0.74     0.53        0        0        0        0  #HD14106 
   -0.85     0.59        0        0        0        0  #HD148816 
   -0.43     0.44        0        0        0        0  #HD150433 
   -0.06     0.27        0        0        0        0  #HD150633 
    0.04     0.18        0        0        0        0  #HD151504 
    0.04     0.63        0        0        0        0  #HD156342 
   -0.57     0.48        0        0        0        0  #HD156802 
   -0.34     0.35        0        0        0        0  #HD156893 
   -0.56      0.4        0        0        0        0  #HD158226 
   -0.75     0.53        0        0        0        0  #HD158809 
   -0.44     0.47        0        0        0        0  #HD159001 
   -0.48     0.48        0        0        0        0  #HD159062 
   -0.75     0.62        0        0        0        0  #HD159482 
   -0.59     0.52        0        0        0        0  #HD160693 
   -0.35      0.5        0        0        0        0  #HD161848 
   -0.26     0.25        0        0        0        0  #HD162756 
   -0.86     0.54        0        0        0        0  #HD163799 
   -0.21     0.21        0        0        0        0  #HD16609 
   -0.25     0.18        0        0        0        0  #HD167677 
   -0.55     0.55        0        0        0        0  #HD171009 
   -0.75     0.49        0        0        0        0  #HD17820 
   -0.32     0.36        0        0        0        0  #HD178496 
   -0.61     0.43        0        0        0        0  #HD184499 
   -0.23     0.51        0        0        0        0  #HD188326 
    -0.7     0.47        0        0        0        0  #HD18907 
   -0.54     0.46        0        0        0        0  #HD19034 
   -0.17     0.31        0        0        0        0  #HD191069 
   -0.59     0.49        0        0        0        0  #HD192718 
    0.04     0.25        0        0        0        0  #HD197207 
   -0.78     0.47        0        0        0        0  #HD20039 
   -1.12      0.6        0        0        0        0  #HD201891 
   -0.32     0.22        0        0        0        0  #HD20512 
   -0.98     0.65        0        0        0        0  #HD212029 
    -0.5     0.57        0        0        0        0  #HD214059 
   -0.68     0.55        0        0        0        0  #HD217231 
   -0.56     0.51        0        0        0        0  #HD221830 
    0.32     0.12        0        0        0        0  #HD22254 
   -0.82     0.59        0        0        0        0  #HD222794 
    0.15     0.12        0        0        0        0  #HD230999 
    -0.4      0.4        0        0        0        0  #HD232996 
   -0.49     0.31        0        0        0        0  #HD233345 
   -0.51     0.58        0        0        0        0  #HD240299 
    -0.8     0.63        0        0        0        0  #HD246067 
   -0.68     0.65        0        0        0        0  #HD283807 
   -0.29     0.47        0        0        0        0  #HD285571 
    -0.5     0.58        0        0        0        0  #HD28645 
   -0.46     0.45        0        0        0        0  #HD29400 
     0.1     0.12        0        0        0        0  #HD29528 
   -0.37     0.42        0        0        0        0  #HD31501 
   -0.54     0.41        0        0        0        0  #HD33449 
   -0.33      0.5        0        0        0        0  #HD3403 
   -0.34     0.33        0        0        0        0  #HD344779 
    0.05     0.15        0        0        0        0  #HD36130 
   -0.28     0.27        0        0        0        0  #HD3628 
    -0.4     0.37        0        0        0        0  #HD36283 
   -0.39     0.36        0        0        0        0  #HD37739 
    -0.7     0.41        0        0        0        0  #HD3795 
   -0.86      0.4        0        0        0        0  #HD38510 
   -0.73      0.4        0        0        0        0  #HD39861 
   -0.55     0.48        0        0        0        0  #HD4156 
   -0.64     0.28        0        0        0        0  #HD46341 
    -0.1      0.2        0        0        0        0  #HD51219 
   -0.67     0.57        0        0        0        0  #HD5256 
    -0.2     0.32        0        0        0        0  #HD54351 
   -0.35     0.35        0        0        0        0  #HD56451 
   -0.82      0.5        0        0        0        0  #HD60319 
   -0.56     0.29        0        0        0        0  #HD61383 
   -0.84     0.62        0        0        0        0  #HD64385 
   -0.79     0.57        0        0        0        0  #HD6500 
   -0.46     0.28        0        0        0        0  #HD65871 
   -0.52      0.5        0        0        0        0  #HD6734 
   -0.52     0.54        0        0        0        0  #HD68017 
   -0.67     0.49        0        0        0        0  #HD69611 
   -0.75     0.55        0        0        0        0  #HD74011 
   -0.64     0.61        0        0        0        0  #HD7424 
   -0.91     0.52        0        0        0        0  #HD76932 
   -0.56     0.49        0        0        0        0  #HD78558 
   -0.72     0.55        0        0        0        0  #HD7983 
   -0.51     0.48        0        0        0        0  #HD80811 
   -0.52     0.47        0        0        0        0  #HD84038 
   -0.46     0.39        0        0        0        0  #HD8638 
   -0.53     0.47        0        0        0        0  #HD89707 
   -0.07     0.26        0        0        0        0  #HD91988 
    0.06     0.38        0        0        0        0  #HD94667 
   -0.44     0.24        0        0        0        0  #HD96094 
   -0.03    -0.18        0        0        0        0  #HD101501 
     0.2     0.24        0        0        0        0  #HD102634 
    0.13     0.15        0        0        0        0  #HD102870 
    0.06     0.11        0        0        0        0  #HD10307 
    0.25     0.03        0        0        0        0  #HD104304 
    0.13    -0.31        0        0        0        0  #HD10697 
   -0.43    -0.39        0        0        0        0  #HD10700 
    0.26    -0.52        0        0        0        0  #HD107213 
     0.1     0.09        0        0        0        0  #HD10780 
   -0.22     0.02        0        0        0        0  #HD109358 
     0.1    -0.04        0        0        0        0  #HD111395 
   -0.12     0.35        0        0        0        0  #HD114642 
     0.1    -0.02        0        0        0        0  #HD114710 
   -0.33     0.15        0        0        0        0  #HD114946 
    0.21    -0.45        0        0        0        0  #HD115383 
    0.11    -0.45        0        0        0        0  #HD115617 
   -0.11     0.06        0        0        0        0  #HD117176 
    0.28     0.12        0        0        0        0  #HD120136 
    0.29     0.36        0        0        0        0  #HD121370 
    0.07     0.01        0        0        0        0  #HD124570 
   -0.01     0.28        0        0        0        0  #HD124850 
    0.25    -0.25        0        0        0        0  #HD125184 
    0.22     0.07        0        0        0        0  #HD127334 
   -0.29    -0.55        0        0        0        0  #HD128167 
   -0.13     -0.1        0        0        0        0  #HD131156 
   -0.19    -0.06        0        0        0        0  #HD133640 
    0.28    -0.37        0        0        0        0  #HD134987 
   -0.24     0.18        0        0        0        0  #HD13555 
    0.04     0.31        0        0        0        0  #HD136064 
   -0.06    -0.08        0        0        0        0  #HD137108 
    0.43     0.03        0        0        0        0  #HD137510 
   -0.01     0.24        0        0        0        0  #HD141004 
    0.17     0.21        0        0        0        0  #HD14214 
   -0.51     0.18        0        0        0        0  #HD142373 
   -0.13     0.14        0        0        0        0  #HD142860 
   -0.22     0.08        0        0        0        0  #HD143761 
    0.28    -0.15        0        0        0        0  #HD144585 
    0.05    -0.81        0        0        0        0  #HD149661 
   -0.08    -0.18        0        0        0        0  #HD151769 
    -0.2     0.21        0        0        0        0  #HD15335 
   -0.23    -0.38        0        0        0        0  #HD156826 
   -0.37     0.23        0        0        0        0  #HD157214 
   -0.26    -0.07        0        0        0        0  #HD15798 
     0.1    -0.05        0        0        0        0  #HD16141 
    0.29        0        0        0        0        0  #HD161797 
   -0.03     0.29        0        0        0        0  #HD163989 
    0.05    -1.06        0        0        0        0  #HD165341 
   -0.46     0.38        0        0        0        0  #HD165908 
    0.05     0.04        0        0        0        0  #HD16673 
    0.05     0.25        0        0        0        0  #HD168009 
    0.05    -0.01        0        0        0        0  #HD168443 
    0.06     0.13        0        0        0        0  #HD16895 
    0.17     0.17        0        0        0        0  #HD169830 
    0.16    -0.11        0        0        0        0  #HD178428 
    0.22      0.1        0        0        0        0  #HD179949 
    -0.2     0.01        0        0        0        0  #HD181096 
    0.15    -0.11        0        0        0        0  #HD181655 
    0.21    -0.79        0        0        0        0  #HD182488 
    0.33    -0.02        0        0        0        0  #HD182572 
   -0.15    -0.32        0        0        0        0  #HD185144 
    0.05    -0.34        0        0        0        0  #HD186408 
    0.11     0.01        0        0        0        0  #HD186427 
    0.03    -0.01        0        0        0        0  #HD187013 
    0.11    -0.17        0        0        0        0  #HD187691 
    0.15     -0.1        0        0        0        0  #HD18803 
    0.06     0.19        0        0        0        0  #HD190406 
   -0.06    -0.06        0        0        0        0  #HD193664 
    0.04    -0.13        0        0        0        0  #HD195019 
    0.09     0.08        0        0        0        0  #HD196755 
   -0.08    -0.11        0        0        0        0  #HD197076 
    0.26     0.35        0        0        0        0  #HD19994 
    0.28     0.02        0        0        0        0  #HD199960 
   -0.02     0.29        0        0        0        0  #HD200790 
    0.11     0.07        0        0        0        0  #HD20630 
   -0.49     0.29        0        0        0        0  #HD207978 
    -0.5     0.14        0        0        0        0  #HD21019 
    0.25    -0.09        0        0        0        0  #HD210277 
    0.07    -0.05        0        0        0        0  #HD210855 
    -0.2     0.07        0        0        0        0  #HD215648 
   -0.19     0.01        0        0        0        0  #HD216385 
     0.2    -0.02        0        0        0        0  #HD217014 
    0.31    -0.06        0        0        0        0  #HD217107 
   -0.15     0.11        0        0        0        0  #HD218470 
    0.05     0.17        0        0        0        0  #HD219623 
       0     -0.1        0        0        0        0  #HD220117 
    0.05     0.03        0        0        0        0  #HD22049 
   -0.03     0.07        0        0        0        0  #HD222368 
   -0.04     0.16        0        0        0        0  #HD22484 
   -0.41     0.06        0        0        0        0  #HD225239 
    0.23        0        0        0        0        0  #HD30562 
   -0.47    -0.27        0        0        0        0  #HD30743 
    -0.2      0.2        0        0        0        0  #HD32923 
   -0.13     0.39        0        0        0        0  #HD33636 
    0.11     0.04        0        0        0        0  #HD34411 
    0.31     0.06        0        0        0        0  #HD38529 
   -0.02     0.23        0        0        0        0  #HD39587 
   -0.24     0.28        0        0        0        0  #HD400 
   -0.29    -0.08        0        0        0        0  #HD4307 
   -0.19     0.01        0        0        0        0  #HD43318 
   -0.21     0.03        0        0        0        0  #HD4614 
   -0.24     -0.3        0        0        0        0  #HD4628 
   -0.05     0.07        0        0        0        0  #HD4813 
    0.13    -0.01        0        0        0        0  #HD5015 
   -0.03     0.58        0        0        0        0  #HD50554 
    0.19     0.02        0        0        0        0  #HD52265 
   -0.11    -0.02        0        0        0        0  #HD52711 
   -0.33     0.01        0        0        0        0  #HD55575 
   -0.65     0.06        0        0        0        0  #HD59984 
   -0.02     0.36        0        0        0        0  #HD61421 
   -0.81     0.07        0        0        0        0  #HD6582 
    0.13     0.29        0        0        0        0  #HD67228 
   -0.05    -0.19        0        0        0        0  #HD67767 
   -0.01     0.28        0        0        0        0  #HD6920 
   -0.34     0.05        0        0        0        0  #HD693 
   -0.01        0        0        0        0        0  #HD69830 
   -0.31      0.3        0        0        0        0  #HD69897 
    0.12    -0.36        0        0        0        0  #HD70110 
   -0.33     0.05        0        0        0        0  #HD7439 
   -0.28    -0.23        0        0        0        0  #HD7476 
    0.46    -0.57        0        0        0        0  #HD75732 
    0.02    -0.26        0        0        0        0  #HD76151 
       0      0.3        0        0        0        0  #HD79028 
   -0.34     0.31        0        0        0        0  #HD81809 
   -0.27     0.18        0        0        0        0  #HD82328 
    0.27     0.23        0        0        0        0  #HD82943 
    0.13    -0.05        0        0        0        0  #HD84737 
    0.27     0.07        0        0        0        0  #HD86728 
    0.04     0.11        0        0        0        0  #HD87141 
    0.21     0.31        0        0        0        0  #HD88737 
    0.05     0.58        0        0        0        0  #HD88986 
   -0.39     0.07        0        0        0        0  #HD89125 
    0.14     0.06        0        0        0        0  #HD89744 
   -0.15    -0.23        0        0        0        0  #HD91752 
   -0.21    -0.39        0        0        0        0  #HD91889 
    0.01     0.13        0        0        0        0  #HD95128 
   -0.27    -0.13        0        0        0        0  #HD95241 
    0.26     0.19        0        0        0        0  #HD9562 
    0.07     0.23        0        0        0        0  #HD9826 
   -0.19     0.01        0        0        0        0  #HD98991 
    0.33    -0.68        0        0        0        0  #HD99491 
