1.75 2.00 2.25 2.50 2.75 3.00 3.25 3.50 3.75 4.00 4.25 4.50
15000. 16000. 17000. 18000. 19000. 20000. 21000. 22000. 23000. 24000. 25000. 
26000. 27000. 28000. 29000. 30000. 32500. 35000. 37500. 40000. 42500. 45000. 50000.
-15.33 -20.63 -18.34 -22.61 -25.49 -25.59 -24.64 -27.86 -29.29 -29.32 -32.65 -32.49
-12.15 -13.75 -16.78 -17.79 -19.81 -20.79 -23.67 -24.17 -24.98 -27.51 -28.84 -29.67
 -9.64 -11.11 -18.37 -16.01 -16.58 -19.74 -21.65 -21.70 -23.81 -24.59 -26.92 -25.86
 -3.79  -5.66 -11.35 -13.57 -15.46 -15.36 -17.06 -19.37 -20.34 -24.35 -22.19 -24.32
 -5.24  -6.95  -8.66  -9.43 -15.71 -14.28 -18.55 -18.57 -20.56 -19.78 -20.67 -24.07
 -5.79  -7.24  -8.69 -11.46 -13.57 -13.63 -16.14 -15.74 -18.07 -17.93 -20.80 -21.72
 -8.08  -9.24 -10.40 -11.56 -10.75 -12.50 -14.45 -14.41 -16.92 -17.92 -18.81 -20.85
 -5.03  -6.27  -7.50  -8.74 -10.64 -12.16 -12.41 -14.93 -15.21 -16.91 -18.76 -18.64
 -1.32  -2.67  -4.03  -5.38 -10.93 -10.98 -12.32 -12.19 -14.77 -14.32 -19.16 -16.21
  0.86  -0.93  -2.71  -4.50  -8.97  -9.99 -12.35 -13.53 -15.68 -16.95 -15.81 -18.80
 -0.66  -2.20  -3.73  -5.26  -6.80 -11.23 -11.40 -11.92 -12.74 -16.34 -15.97 -17.53
 -4.81  -5.82  -6.83  -7.83  -8.84  -9.58 -10.68 -10.64 -14.11 -12.91 -14.50 -15.89
 -3.52  -4.40  -5.27  -6.15  -7.03 -10.42  -8.54 -10.02 -12.23 -11.77 -13.99 -13.18
 -0.97  -2.04  -3.10  -4.17  -5.23  -7.50  -6.58  -8.12 -11.22 -12.83 -11.12 -12.68
 -3.53  -4.23  -4.92  -5.61  -6.31  -7.00  -6.00  -8.00 -11.00 -12.00 -11.00 -11.16
  0.36  -0.06  -0.48  -0.90  -1.32  -1.74  -1.97  -2.57  -3.00  -3.42  -3.82  -4.26
  1.49   0.98   0.47  -0.04  -0.55  -1.06  -1.36  -2.14  -2.37  -3.10  -2.57  -4.11
  5.95   5.00   4.04   3.09   2.14   1.18   0.23  -1.28  -1.68  -2.63  -2.85  -4.54
  0.52   0.39   0.27   0.14   0.02  -0.11  -0.24  -0.36  -0.49  -0.61  -0.74  -0.86
  1.99   1.69   1.39   1.09   0.79   0.49   0.19  -0.11  -0.40  -0.70  -1.00  -1.30
  2.17   1.85   1.53   1.21   0.89   0.57   0.25  -0.07  -0.39  -0.71  -1.03  -1.35
  0.71   0.55   0.40   0.24   0.09  -0.07  -0.23  -0.38  -0.54  -0.69  -0.85  -1.00
 -0.29  -0.35  -0.42  -0.48  -0.55  -0.61  -0.68  -0.74  -0.81  -0.87  -0.94  -1.00
