#--------- --------- --------- --------- --------- --------- --------- --------- --------- --------- --------- --------- --------- --------- --------- --------- --------- --------- --------- --------- --------- --------- --------- ---------
# time     Mtot        p total  He total   C total   N total   O total   F total  Ne total  Mg total  Si total   S total  Fe total    p dust   He dust    C dust    N dust    O dust    F dust   Ne dust   Mg dust   Si dust    S dust   Fe dust
#--------- --------- --------- --------- --------- --------- --------- --------- --------- --------- --------- --------- --------- --------- --------- --------- --------- --------- --------- --------- --------- --------- --------- ---------
 1.000e+06 0.000e+00 0.000e+00 0.000e+00 0.000e+00 0.000e+00 0.000e+00 0.000e+00 0.000e+00 0.000e+00 0.000e+00 0.000e+00 0.000e+00 0.000e+00 0.000e+00 0.000e+00 0.000e+00 0.000e+00 0.000e+00 0.000e+00 0.000e+00 0.000e+00 0.000e+00 0.000e+00
 1.259e+06 0.000e+00 0.000e+00 0.000e+00 0.000e+00 0.000e+00 0.000e+00 0.000e+00 0.000e+00 0.000e+00 0.000e+00 0.000e+00 0.000e+00 0.000e+00 0.000e+00 0.000e+00 0.000e+00 0.000e+00 0.000e+00 0.000e+00 0.000e+00 0.000e+00 0.000e+00 0.000e+00
 1.585e+06 0.000e+00 0.000e+00 0.000e+00 0.000e+00 0.000e+00 0.000e+00 0.000e+00 0.000e+00 0.000e+00 0.000e+00 0.000e+00 0.000e+00 0.000e+00 0.000e+00 0.000e+00 0.000e+00 0.000e+00 0.000e+00 0.000e+00 0.000e+00 0.000e+00 0.000e+00 0.000e+00
 1.995e+06 0.000e+00 0.000e+00 0.000e+00 0.000e+00 0.000e+00 0.000e+00 0.000e+00 0.000e+00 0.000e+00 0.000e+00 0.000e+00 0.000e+00 0.000e+00 0.000e+00 0.000e+00 0.000e+00 0.000e+00 0.000e+00 0.000e+00 0.000e+00 0.000e+00 0.000e+00 0.000e+00
 2.512e+06 0.000e+00 0.000e+00 0.000e+00 0.000e+00 0.000e+00 0.000e+00 0.000e+00 0.000e+00 0.000e+00 0.000e+00 0.000e+00 0.000e+00 0.000e+00 0.000e+00 0.000e+00 0.000e+00 0.000e+00 0.000e+00 0.000e+00 0.000e+00 0.000e+00 0.000e+00 0.000e+00
 3.162e+06 0.000e+00 0.000e+00 0.000e+00 0.000e+00 0.000e+00 0.000e+00 0.000e+00 0.000e+00 0.000e+00 0.000e+00 0.000e+00 0.000e+00 0.000e+00 0.000e+00 0.000e+00 0.000e+00 0.000e+00 0.000e+00 0.000e+00 0.000e+00 0.000e+00 0.000e+00 0.000e+00
 3.981e+06 1.536e-03 1.058e-03 4.782e-04 1.233e-09 2.375e-08 1.711e-08 4.047e-13 1.425e-09 1.784e-09 3.141e-09 1.068e-09 1.995e-09 0.000e+00 0.000e+00 1.849e-10 0.000e+00 6.103e-10 0.000e+00 0.000e+00 2.677e-10 4.712e-10 1.602e-10 2.993e-10
 5.012e+06 9.680e-03 4.565e-03 3.070e-03 2.669e-04 1.891e-07 1.476e-03 7.203e-09 1.700e-04 3.847e-05 6.104e-05 1.857e-05 1.427e-05 0.000e+00 0.000e+00 4.003e-05 0.000e+00 1.102e-05 0.000e+00 0.000e+00 5.770e-06 9.156e-06 2.785e-06 2.141e-06
 6.310e+06 3.168e-02 1.327e-02 1.028e-02 1.071e-03 2.002e-06 5.772e-03 8.550e-08 7.558e-04 1.591e-04 2.386e-04 7.153e-05 6.215e-05 0.000e+00 0.000e+00 1.607e-04 0.000e+00 4.413e-05 0.000e+00 0.000e+00 2.387e-05 3.579e-05 1.073e-05 9.323e-06
 7.943e+06 5.251e-02 2.221e-02 1.736e-02 1.713e-03 1.017e-05 8.906e-03 2.326e-07 1.429e-03 2.740e-04 3.743e-04 1.096e-04 1.213e-04 0.000e+00 0.000e+00 2.570e-04 0.000e+00 7.246e-05 0.000e+00 0.000e+00 4.111e-05 5.615e-05 1.645e-05 1.819e-05
 1.000e+07 7.154e-02 3.101e-02 2.414e-02 2.190e-03 2.104e-05 1.105e-02 3.399e-07 1.946e-03 3.729e-04 4.884e-04 1.429e-04 1.911e-04 0.000e+00 0.000e+00 3.285e-04 0.000e+00 9.747e-05 0.000e+00 0.000e+00 5.594e-05 7.326e-05 2.144e-05 2.866e-05
 1.259e+07 8.893e-02 3.953e-02 3.040e-02 2.602e-03 2.821e-05 1.260e-02 5.635e-07 2.246e-03 4.405e-04 6.099e-04 2.011e-04 2.710e-04 0.000e+00 0.000e+00 3.904e-04 0.000e+00 1.223e-04 0.000e+00 0.000e+00 6.608e-05 9.148e-05 3.016e-05 4.066e-05
 1.585e+07 1.045e-01 4.761e-02 3.603e-02 2.939e-03 3.287e-05 1.376e-02 8.142e-07 2.315e-03 4.667e-04 7.443e-04 2.877e-04 3.590e-04 0.000e+00 0.000e+00 4.409e-04 0.000e+00 1.466e-04 0.000e+00 0.000e+00 7.001e-05 1.116e-04 4.316e-05 5.386e-05
 1.995e+07 1.194e-01 5.554e-02 4.176e-02 3.188e-03 4.011e-05 1.443e-02 8.547e-07 2.345e-03 4.857e-04 8.333e-04 3.227e-04 4.546e-04 0.000e+00 0.000e+00 4.781e-04 0.000e+00 1.628e-04 0.000e+00 0.000e+00 7.286e-05 1.250e-04 4.840e-05 6.819e-05
 2.512e+07 1.340e-01 6.333e-02 4.739e-02 3.425e-03 4.747e-05 1.506e-02 8.763e-07 2.373e-03 5.043e-04 9.167e-04 3.523e-04 5.491e-04 0.000e+00 0.000e+00 5.137e-04 0.000e+00 1.781e-04 0.000e+00 0.000e+00 7.564e-05 1.375e-04 5.285e-05 8.236e-05
 3.162e+07 1.478e-01 7.073e-02 5.275e-02 3.650e-03 5.446e-05 1.566e-02 8.968e-07 2.400e-03 5.219e-04 9.960e-04 3.805e-04 6.389e-04 0.000e+00 0.000e+00 5.475e-04 0.000e+00 1.926e-04 0.000e+00 0.000e+00 7.828e-05 1.494e-04 5.708e-05 9.583e-05
 3.981e+07 1.615e-01 7.853e-02 5.788e-02 3.817e-03 8.387e-05 1.610e-02 9.119e-07 2.420e-03 5.351e-04 1.054e-03 4.012e-04 7.046e-04 0.000e+00 0.000e+00 5.725e-04 0.000e+00 2.032e-04 0.000e+00 0.000e+00 8.021e-05 1.581e-04 6.018e-05 1.057e-04
 5.012e+07 1.753e-01 8.760e-02 6.250e-02 3.825e-03 1.756e-04 1.611e-02 9.122e-07 2.422e-03 5.365e-04 1.055e-03 4.014e-04 7.053e-04 0.000e+00 0.000e+00 5.737e-04 0.000e+00 2.033e-04 0.000e+00 0.000e+00 8.024e-05 1.582e-04 6.021e-05 1.058e-04
 6.310e+07 1.888e-01 9.648e-02 6.699e-02 3.829e-03 2.666e-04 1.610e-02 9.121e-07 2.423e-03 5.376e-04 1.054e-03 4.012e-04 7.047e-04 0.000e+00 0.000e+00 5.743e-04 0.000e+00 2.032e-04 0.000e+00 0.000e+00 8.022e-05 1.581e-04 6.018e-05 1.057e-04
 7.943e+07 2.020e-01 1.053e-01 7.132e-02 3.838e-03 3.494e-04 1.611e-02 9.124e-07 2.424e-03 5.388e-04 1.055e-03 4.014e-04 7.053e-04 0.000e+00 0.000e+00 5.758e-04 0.000e+00 2.033e-04 0.000e+00 0.000e+00 8.024e-05 1.582e-04 6.021e-05 1.058e-04
 1.000e+08 2.148e-01 1.140e-01 7.536e-02 3.848e-03 4.239e-04 1.611e-02 9.127e-07 2.426e-03 5.394e-04 1.055e-03 4.014e-04 7.053e-04 0.000e+00 0.000e+00 5.775e-04 0.000e+00 2.033e-04 0.000e+00 0.000e+00 8.024e-05 1.582e-04 6.021e-05 1.058e-04
 1.259e+08 2.278e-01 1.229e-01 7.930e-02 3.860e-03 5.049e-04 1.611e-02 9.132e-07 2.427e-03 5.400e-04 1.054e-03 4.012e-04 7.046e-04 0.000e+00 0.000e+00 5.797e-04 0.000e+00 2.032e-04 0.000e+00 0.000e+00 8.021e-05 1.581e-04 6.018e-05 1.057e-04
 1.585e+08 2.406e-01 1.318e-01 8.310e-02 3.881e-03 6.063e-04 1.611e-02 9.149e-07 2.430e-03 5.409e-04 1.054e-03 4.012e-04 7.047e-04 0.000e+00 0.000e+00 5.835e-04 0.000e+00 2.032e-04 0.000e+00 0.000e+00 8.022e-05 1.581e-04 6.018e-05 1.057e-04
 1.995e+08 2.531e-01 1.406e-01 8.661e-02 3.912e-03 6.990e-04 1.612e-02 9.174e-07 2.434e-03 5.421e-04 1.055e-03 4.015e-04 7.054e-04 0.000e+00 0.000e+00 5.893e-04 0.000e+00 2.033e-04 0.000e+00 0.000e+00 8.024e-05 1.582e-04 6.021e-05 1.058e-04
 2.512e+08 2.655e-01 1.495e-01 8.996e-02 3.979e-03 7.559e-04 1.612e-02 9.221e-07 2.437e-03 5.431e-04 1.054e-03 4.012e-04 7.047e-04 0.000e+00 0.000e+00 6.025e-04 0.000e+00 2.032e-04 0.000e+00 0.000e+00 8.022e-05 1.581e-04 6.018e-05 1.057e-04
 3.162e+08 2.779e-01 1.584e-01 9.332e-02 4.125e-03 7.616e-04 1.612e-02 9.383e-07 2.445e-03 5.447e-04 1.055e-03 4.015e-04 7.054e-04 0.000e+00 0.000e+00 6.312e-04 0.000e+00 2.033e-04 0.000e+00 0.000e+00 8.024e-05 1.582e-04 6.021e-05 1.058e-04
 3.981e+08 2.892e-01 1.662e-01 9.657e-02 4.348e-03 7.619e-04 1.613e-02 9.922e-07 2.466e-03 5.477e-04 1.055e-03 4.015e-04 7.054e-04 0.000e+00 0.000e+00 6.751e-04 0.000e+00 2.033e-04 0.000e+00 0.000e+00 8.024e-05 1.582e-04 6.021e-05 1.058e-04
 5.012e+08 3.017e-01 1.744e-01 1.005e-01 4.695e-03 7.622e-04 1.613e-02 1.102e-06 2.508e-03 5.523e-04 1.055e-03 4.015e-04 7.055e-04 0.000e+00 0.000e+00 7.438e-04 0.000e+00 2.033e-04 0.000e+00 0.000e+00 8.024e-05 1.582e-04 6.021e-05 1.058e-04
 6.310e+08 3.119e-01 1.808e-01 1.038e-01 5.010e-03 7.632e-04 1.613e-02 1.221e-06 2.554e-03 5.548e-04 1.055e-03 4.013e-04 7.047e-04 0.000e+00 0.000e+00 8.063e-04 0.000e+00 2.032e-04 0.000e+00 0.000e+00 8.022e-05 1.581e-04 6.018e-05 1.057e-04
 7.943e+08 3.229e-01 1.878e-01 1.075e-01 5.334e-03 7.632e-04 1.614e-02 1.332e-06 2.600e-03 5.566e-04 1.055e-03 4.015e-04 7.054e-04 0.000e+00 0.000e+00 8.703e-04 0.000e+00 2.033e-04 0.000e+00 0.000e+00 8.024e-05 1.582e-04 6.021e-05 1.058e-04
 1.000e+09 3.335e-01 1.947e-01 1.109e-01 5.602e-03 7.637e-04 1.614e-02 1.406e-06 2.632e-03 5.573e-04 1.055e-03 4.015e-04 7.054e-04 0.000e+00 0.000e+00 9.233e-04 0.000e+00 2.033e-04 0.000e+00 0.000e+00 8.024e-05 1.582e-04 6.021e-05 1.058e-04
 1.259e+09 3.435e-01 2.014e-01 1.140e-01 5.820e-03 7.647e-04 1.614e-02 1.454e-06 2.652e-03 5.575e-04 1.055e-03 4.013e-04 7.048e-04 0.000e+00 0.000e+00 9.664e-04 0.000e+00 2.032e-04 0.000e+00 0.000e+00 8.022e-05 1.581e-04 6.018e-05 1.057e-04
 1.585e+09 3.556e-01 2.096e-01 1.176e-01 6.039e-03 7.652e-04 1.615e-02 1.492e-06 2.669e-03 5.577e-04 1.055e-03 4.013e-04 7.048e-04 0.000e+00 0.000e+00 1.010e-03 0.000e+00 2.032e-04 0.000e+00 0.000e+00 8.022e-05 1.581e-04 6.018e-05 1.057e-04
 1.995e+09 3.651e-01 2.163e-01 1.203e-01 6.170e-03 7.656e-04 1.615e-02 1.506e-06 2.675e-03 5.578e-04 1.055e-03 4.013e-04 7.048e-04 0.000e+00 0.000e+00 1.035e-03 0.000e+00 2.032e-04 0.000e+00 0.000e+00 8.022e-05 1.581e-04 6.018e-05 1.057e-04
 2.512e+09 3.733e-01 2.221e-01 1.226e-01 6.260e-03 7.654e-04 1.616e-02 1.514e-06 2.679e-03 5.579e-04 1.055e-03 4.015e-04 7.055e-04 0.000e+00 0.000e+00 1.053e-03 0.000e+00 2.033e-04 0.000e+00 0.000e+00 8.024e-05 1.582e-04 6.021e-05 1.058e-04
 3.162e+09 3.816e-01 2.280e-01 1.249e-01 6.320e-03 7.662e-04 1.616e-02 1.518e-06 2.680e-03 5.578e-04 1.055e-03 4.013e-04 7.048e-04 0.000e+00 0.000e+00 1.065e-03 0.000e+00 2.032e-04 0.000e+00 0.000e+00 8.022e-05 1.581e-04 6.018e-05 1.057e-04
 3.981e+09 3.881e-01 2.328e-01 1.267e-01 6.357e-03 7.664e-04 1.616e-02 1.519e-06 2.681e-03 5.578e-04 1.055e-03 4.013e-04 7.048e-04 0.000e+00 0.000e+00 1.072e-03 0.000e+00 2.032e-04 0.000e+00 0.000e+00 8.022e-05 1.581e-04 6.018e-05 1.057e-04
 5.012e+09 3.943e-01 2.372e-01 1.283e-01 6.382e-03 7.665e-04 1.616e-02 1.520e-06 2.681e-03 5.578e-04 1.055e-03 4.013e-04 7.048e-04 0.000e+00 0.000e+00 1.077e-03 0.000e+00 2.032e-04 0.000e+00 0.000e+00 8.022e-05 1.581e-04 6.018e-05 1.057e-04
 6.310e+09 3.998e-01 2.414e-01 1.297e-01 6.392e-03 7.666e-04 1.616e-02 1.521e-06 2.681e-03 5.578e-04 1.055e-03 4.013e-04 7.048e-04 0.000e+00 0.000e+00 1.079e-03 0.000e+00 2.032e-04 0.000e+00 0.000e+00 8.022e-05 1.581e-04 6.018e-05 1.057e-04
 7.943e+09 4.040e-01 2.445e-01 1.308e-01 6.398e-03 7.661e-04 1.616e-02 1.521e-06 2.681e-03 5.579e-04 1.055e-03 4.015e-04 7.055e-04 0.000e+00 0.000e+00 1.080e-03 0.000e+00 2.033e-04 0.000e+00 0.000e+00 8.024e-05 1.582e-04 6.021e-05 1.058e-04
 1.000e+10 4.085e-01 2.479e-01 1.319e-01 6.400e-03 7.667e-04 1.616e-02 1.521e-06 2.681e-03 5.578e-04 1.055e-03 4.013e-04 7.048e-04 0.000e+00 0.000e+00 1.080e-03 0.000e+00 2.032e-04 0.000e+00 0.000e+00 8.022e-05 1.581e-04 6.018e-05 1.057e-04
 1.259e+10 4.132e-01 2.514e-01 1.331e-01 6.406e-03 7.662e-04 1.616e-02 1.521e-06 2.681e-03 5.579e-04 1.055e-03 4.015e-04 7.054e-04 0.000e+00 0.000e+00 1.081e-03 0.000e+00 2.033e-04 0.000e+00 0.000e+00 8.024e-05 1.582e-04 6.021e-05 1.058e-04
 1.585e+10 4.166e-01 2.540e-01 1.339e-01 6.409e-03 7.662e-04 1.616e-02 1.521e-06 2.681e-03 5.579e-04 1.055e-03 4.015e-04 7.055e-04 0.000e+00 0.000e+00 1.082e-03 0.000e+00 2.033e-04 0.000e+00 0.000e+00 8.024e-05 1.582e-04 6.021e-05 1.058e-04
