#--------- --------- --------- --------- --------- --------- --------- --------- --------- --------- --------- --------- --------- --------- --------- --------- --------- --------- --------- --------- --------- --------- --------- ---------
# time     Mtot        p total  He total   C total   N total   O total   F total  Ne total  Mg total  Si total   S total  Fe total    p dust   He dust    C dust    N dust    O dust    F dust   Ne dust   Mg dust   Si dust    S dust   Fe dust
#--------- --------- --------- --------- --------- --------- --------- --------- --------- --------- --------- --------- --------- --------- --------- --------- --------- --------- --------- --------- --------- --------- --------- ---------
 1.000e+06 0.000e+00 0.000e+00 0.000e+00 0.000e+00 0.000e+00 0.000e+00 0.000e+00 0.000e+00 0.000e+00 0.000e+00 0.000e+00 0.000e+00 0.000e+00 0.000e+00 0.000e+00 0.000e+00 0.000e+00 0.000e+00 0.000e+00 0.000e+00 0.000e+00 0.000e+00 0.000e+00
 1.259e+06 0.000e+00 0.000e+00 0.000e+00 0.000e+00 0.000e+00 0.000e+00 0.000e+00 0.000e+00 0.000e+00 0.000e+00 0.000e+00 0.000e+00 0.000e+00 0.000e+00 0.000e+00 0.000e+00 0.000e+00 0.000e+00 0.000e+00 0.000e+00 0.000e+00 0.000e+00 0.000e+00
 1.585e+06 0.000e+00 0.000e+00 0.000e+00 0.000e+00 0.000e+00 0.000e+00 0.000e+00 0.000e+00 0.000e+00 0.000e+00 0.000e+00 0.000e+00 0.000e+00 0.000e+00 0.000e+00 0.000e+00 0.000e+00 0.000e+00 0.000e+00 0.000e+00 0.000e+00 0.000e+00 0.000e+00
 1.995e+06 0.000e+00 0.000e+00 0.000e+00 0.000e+00 0.000e+00 0.000e+00 0.000e+00 0.000e+00 0.000e+00 0.000e+00 0.000e+00 0.000e+00 0.000e+00 0.000e+00 0.000e+00 0.000e+00 0.000e+00 0.000e+00 0.000e+00 0.000e+00 0.000e+00 0.000e+00 0.000e+00
 2.512e+06 0.000e+00 0.000e+00 0.000e+00 0.000e+00 0.000e+00 0.000e+00 0.000e+00 0.000e+00 0.000e+00 0.000e+00 0.000e+00 0.000e+00 0.000e+00 0.000e+00 0.000e+00 0.000e+00 0.000e+00 0.000e+00 0.000e+00 0.000e+00 0.000e+00 0.000e+00 0.000e+00
 3.162e+06 0.000e+00 0.000e+00 0.000e+00 0.000e+00 0.000e+00 0.000e+00 0.000e+00 0.000e+00 0.000e+00 0.000e+00 0.000e+00 0.000e+00 0.000e+00 0.000e+00 0.000e+00 0.000e+00 0.000e+00 0.000e+00 0.000e+00 0.000e+00 0.000e+00 0.000e+00 0.000e+00
 3.981e+06 2.016e-02 8.538e-03 1.089e-02 4.372e-04 1.081e-04 9.308e-05 5.680e-09 4.261e-05 1.410e-05 1.351e-05 6.278e-06 2.626e-05 0.000e+00 0.000e+00 6.558e-05 0.000e+00 4.144e-06 0.000e+00 0.000e+00 2.115e-06 2.026e-06 9.416e-07 3.938e-06
 5.012e+06 4.362e-02 1.838e-02 2.171e-02 1.031e-03 2.135e-04 1.617e-03 2.179e-08 3.708e-04 8.791e-05 9.123e-05 3.713e-05 7.335e-05 0.000e+00 0.000e+00 1.546e-04 0.000e+00 2.241e-05 0.000e+00 0.000e+00 1.319e-05 1.368e-05 5.570e-06 1.100e-05
 6.310e+06 6.703e-02 2.717e-02 3.048e-02 1.981e-03 2.911e-04 5.215e-03 4.345e-08 1.105e-03 2.455e-04 2.776e-04 1.083e-04 1.521e-04 0.000e+00 0.000e+00 2.972e-04 0.000e+00 6.260e-05 0.000e+00 0.000e+00 3.682e-05 4.165e-05 1.624e-05 2.282e-05
 7.943e+06 8.728e-02 3.527e-02 3.795e-02 2.793e-03 3.529e-04 7.949e-03 5.210e-08 1.715e-03 3.774e-04 4.561e-04 1.743e-04 2.376e-04 0.000e+00 0.000e+00 4.189e-04 0.000e+00 9.949e-05 0.000e+00 0.000e+00 5.661e-05 6.841e-05 2.614e-05 3.564e-05
 1.000e+07 1.054e-01 4.298e-02 4.483e-02 3.472e-03 4.065e-04 9.916e-03 8.100e-08 2.148e-03 4.920e-04 6.254e-04 2.360e-04 3.314e-04 0.000e+00 0.000e+00 5.207e-04 0.000e+00 1.339e-04 0.000e+00 0.000e+00 7.379e-05 9.381e-05 3.541e-05 4.970e-05
 1.259e+07 1.217e-01 5.033e-02 5.104e-02 3.969e-03 4.538e-04 1.137e-02 2.022e-07 2.395e-03 5.752e-04 7.796e-04 2.949e-04 4.639e-04 0.000e+00 0.000e+00 5.953e-04 0.000e+00 1.654e-04 0.000e+00 0.000e+00 8.627e-05 1.169e-04 4.424e-05 6.959e-05
 1.585e+07 1.358e-01 5.711e-02 5.640e-02 4.277e-03 4.953e-04 1.247e-02 3.964e-07 2.534e-03 6.248e-04 9.023e-04 3.460e-04 6.295e-04 0.000e+00 0.000e+00 6.415e-04 0.000e+00 1.917e-04 0.000e+00 0.000e+00 9.371e-05 1.353e-04 5.190e-05 9.443e-05
 1.995e+07 1.500e-01 6.425e-02 6.194e-02 4.534e-03 5.394e-04 1.328e-02 4.339e-07 2.605e-03 6.551e-04 1.008e-03 3.925e-04 7.514e-04 0.000e+00 0.000e+00 6.802e-04 0.000e+00 2.125e-04 0.000e+00 0.000e+00 9.827e-05 1.512e-04 5.888e-05 1.127e-04
 2.512e+07 1.630e-01 7.089e-02 6.710e-02 4.768e-03 5.806e-04 1.398e-02 4.423e-07 2.663e-03 6.808e-04 1.104e-03 4.348e-04 8.562e-04 0.000e+00 0.000e+00 7.152e-04 0.000e+00 2.309e-04 0.000e+00 0.000e+00 1.021e-04 1.655e-04 6.523e-05 1.284e-04
 3.162e+07 1.755e-01 7.719e-02 7.199e-02 4.990e-03 6.197e-04 1.465e-02 4.504e-07 2.718e-03 7.053e-04 1.194e-03 4.750e-04 9.557e-04 0.000e+00 0.000e+00 7.485e-04 0.000e+00 2.483e-04 0.000e+00 0.000e+00 1.058e-04 1.792e-04 7.126e-05 1.434e-04
 3.981e+07 1.877e-01 8.336e-02 7.678e-02 5.207e-03 6.579e-04 1.530e-02 4.583e-07 2.772e-03 7.292e-04 1.283e-03 5.143e-04 1.053e-03 0.000e+00 0.000e+00 7.811e-04 0.000e+00 2.654e-04 0.000e+00 0.000e+00 1.094e-04 1.925e-04 7.715e-05 1.579e-04
 5.012e+07 2.008e-01 9.134e-02 8.148e-02 5.274e-03 7.597e-04 1.551e-02 4.618e-07 2.800e-03 7.407e-04 1.310e-03 5.282e-04 1.086e-03 0.000e+00 0.000e+00 7.893e-04 0.000e+00 2.719e-04 0.000e+00 0.000e+00 1.114e-04 1.968e-04 7.944e-05 1.633e-04
 6.310e+07 2.133e-01 9.926e-02 8.577e-02 5.286e-03 8.737e-04 1.557e-02 4.637e-07 2.816e-03 7.473e-04 1.316e-03 5.329e-04 1.096e-03 0.000e+00 0.000e+00 7.891e-04 0.000e+00 2.744e-04 0.000e+00 0.000e+00 1.127e-04 1.979e-04 8.038e-05 1.654e-04
 7.943e+07 2.250e-01 1.067e-01 8.982e-02 5.299e-03 9.809e-04 1.563e-02 4.655e-07 2.832e-03 7.537e-04 1.321e-03 5.375e-04 1.106e-03 0.000e+00 0.000e+00 7.891e-04 0.000e+00 2.769e-04 0.000e+00 0.000e+00 1.140e-04 1.990e-04 8.130e-05 1.674e-04
 1.000e+08 2.362e-01 1.139e-01 9.359e-02 5.318e-03 1.086e-03 1.569e-02 4.689e-07 2.849e-03 7.601e-04 1.328e-03 5.422e-04 1.116e-03 0.000e+00 0.000e+00 7.894e-04 0.000e+00 2.795e-04 0.000e+00 0.000e+00 1.153e-04 2.002e-04 8.223e-05 1.694e-04
 1.259e+08 2.473e-01 1.211e-01 9.723e-02 5.345e-03 1.187e-03 1.575e-02 4.745e-07 2.866e-03 7.665e-04 1.333e-03 5.466e-04 1.126e-03 0.000e+00 0.000e+00 7.894e-04 0.000e+00 2.819e-04 0.000e+00 0.000e+00 1.165e-04 2.013e-04 8.311e-05 1.713e-04
 1.585e+08 2.581e-01 1.283e-01 1.006e-01 5.380e-03 1.270e-03 1.581e-02 4.821e-07 2.883e-03 7.722e-04 1.337e-03 5.505e-04 1.134e-03 0.000e+00 0.000e+00 7.891e-04 0.000e+00 2.841e-04 0.000e+00 0.000e+00 1.177e-04 2.023e-04 8.391e-05 1.730e-04
 1.995e+08 2.689e-01 1.357e-01 1.038e-01 5.437e-03 1.315e-03 1.588e-02 4.924e-07 2.900e-03 7.780e-04 1.344e-03 5.551e-04 1.144e-03 0.000e+00 0.000e+00 7.907e-04 0.000e+00 2.848e-04 0.000e+00 0.000e+00 1.180e-04 2.026e-04 8.416e-05 1.736e-04
 2.512e+08 2.790e-01 1.426e-01 1.068e-01 5.511e-03 1.334e-03 1.595e-02 5.066e-07 2.916e-03 7.830e-04 1.348e-03 5.591e-04 1.153e-03 0.000e+00 0.000e+00 7.962e-04 0.000e+00 2.848e-04 0.000e+00 0.000e+00 1.180e-04 2.026e-04 8.416e-05 1.736e-04
 3.162e+08 2.895e-01 1.497e-01 1.099e-01 5.610e-03 1.353e-03 1.600e-02 5.298e-07 2.936e-03 7.880e-04 1.353e-03 5.629e-04 1.161e-03 0.000e+00 0.000e+00 8.063e-04 0.000e+00 2.846e-04 0.000e+00 0.000e+00 1.179e-04 2.025e-04 8.409e-05 1.734e-04
 3.981e+08 3.003e-01 1.570e-01 1.132e-01 5.734e-03 1.372e-03 1.607e-02 5.614e-07 2.959e-03 7.934e-04 1.358e-03 5.672e-04 1.171e-03 0.000e+00 0.000e+00 8.213e-04 0.000e+00 2.846e-04 0.000e+00 0.000e+00 1.179e-04 2.025e-04 8.409e-05 1.734e-04
 5.012e+08 3.097e-01 1.632e-01 1.162e-01 5.859e-03 1.388e-03 1.613e-02 5.944e-07 2.983e-03 7.981e-04 1.363e-03 5.713e-04 1.180e-03 0.000e+00 0.000e+00 8.375e-04 0.000e+00 2.848e-04 0.000e+00 0.000e+00 1.180e-04 2.026e-04 8.416e-05 1.736e-04
 6.310e+08 3.202e-01 1.702e-01 1.194e-01 5.983e-03 1.406e-03 1.619e-02 6.253e-07 3.007e-03 8.028e-04 1.367e-03 5.751e-04 1.188e-03 0.000e+00 0.000e+00 8.526e-04 0.000e+00 2.846e-04 0.000e+00 0.000e+00 1.179e-04 2.025e-04 8.409e-05 1.734e-04
 7.943e+08 3.316e-01 1.779e-01 1.228e-01 6.098e-03 1.424e-03 1.627e-02 6.480e-07 3.029e-03 8.082e-04 1.374e-03 5.799e-04 1.198e-03 0.000e+00 0.000e+00 8.648e-04 0.000e+00 2.848e-04 0.000e+00 0.000e+00 1.180e-04 2.026e-04 8.415e-05 1.736e-04
 1.000e+09 3.417e-01 1.848e-01 1.258e-01 6.177e-03 1.441e-03 1.633e-02 6.611e-07 3.046e-03 8.126e-04 1.378e-03 5.836e-04 1.206e-03 0.000e+00 0.000e+00 8.711e-04 0.000e+00 2.846e-04 0.000e+00 0.000e+00 1.179e-04 2.025e-04 8.409e-05 1.734e-04
 1.259e+09 3.525e-01 1.923e-01 1.290e-01 6.246e-03 1.458e-03 1.641e-02 6.704e-07 3.063e-03 8.177e-04 1.384e-03 5.883e-04 1.216e-03 0.000e+00 0.000e+00 8.739e-04 0.000e+00 2.849e-04 0.000e+00 0.000e+00 1.180e-04 2.027e-04 8.419e-05 1.737e-04
 1.585e+09 3.630e-01 1.996e-01 1.320e-01 6.292e-03 1.475e-03 1.648e-02 6.761e-07 3.077e-03 8.226e-04 1.389e-03 5.926e-04 1.226e-03 0.000e+00 0.000e+00 8.739e-04 0.000e+00 2.871e-04 0.000e+00 0.000e+00 1.190e-04 2.037e-04 8.506e-05 1.755e-04
 1.995e+09 3.801e-01 2.115e-01 1.370e-01 6.349e-03 1.501e-03 1.659e-02 6.827e-07 3.099e-03 8.303e-04 1.397e-03 5.994e-04 1.241e-03 0.000e+00 0.000e+00 8.739e-04 0.000e+00 2.906e-04 0.000e+00 0.000e+00 1.205e-04 2.054e-04 8.642e-05 1.785e-04
 2.512e+09 3.894e-01 2.180e-01 1.397e-01 6.372e-03 1.515e-03 1.665e-02 6.857e-07 3.110e-03 8.344e-04 1.402e-03 6.031e-04 1.249e-03 0.000e+00 0.000e+00 8.739e-04 0.000e+00 2.925e-04 0.000e+00 0.000e+00 1.214e-04 2.063e-04 8.715e-05 1.801e-04
 3.162e+09 3.992e-01 2.249e-01 1.425e-01 6.390e-03 1.529e-03 1.671e-02 6.886e-07 3.122e-03 8.388e-04 1.407e-03 6.070e-04 1.257e-03 0.000e+00 0.000e+00 8.739e-04 0.000e+00 2.945e-04 0.000e+00 0.000e+00 1.223e-04 2.072e-04 8.794e-05 1.818e-04
 3.981e+09 4.097e-01 2.321e-01 1.455e-01 6.407e-03 1.544e-03 1.678e-02 6.915e-07 3.134e-03 8.435e-04 1.412e-03 6.111e-04 1.266e-03 0.000e+00 0.000e+00 8.739e-04 0.000e+00 2.966e-04 0.000e+00 0.000e+00 1.232e-04 2.082e-04 8.876e-05 1.836e-04
 5.012e+09 4.189e-01 2.386e-01 1.482e-01 6.421e-03 1.557e-03 1.684e-02 6.941e-07 3.145e-03 8.475e-04 1.415e-03 6.145e-04 1.273e-03 0.000e+00 0.000e+00 8.736e-04 0.000e+00 2.984e-04 0.000e+00 0.000e+00 1.240e-04 2.090e-04 8.948e-05 1.851e-04
 6.310e+09 4.266e-01 2.439e-01 1.505e-01 6.433e-03 1.567e-03 1.689e-02 6.962e-07 3.154e-03 8.510e-04 1.419e-03 6.176e-04 1.280e-03 0.000e+00 0.000e+00 8.736e-04 0.000e+00 3.000e-04 0.000e+00 0.000e+00 1.247e-04 2.098e-04 9.009e-05 1.865e-04
 7.943e+09 4.325e-01 2.480e-01 1.522e-01 6.445e-03 1.573e-03 1.693e-02 6.978e-07 3.161e-03 8.538e-04 1.423e-03 6.202e-04 1.286e-03 0.000e+00 0.000e+00 8.739e-04 0.000e+00 3.012e-04 0.000e+00 0.000e+00 1.252e-04 2.104e-04 9.058e-05 1.875e-04
 1.000e+10 4.406e-01 2.536e-01 1.546e-01 6.459e-03 1.583e-03 1.698e-02 7.001e-07 3.171e-03 8.574e-04 1.426e-03 6.234e-04 1.293e-03 0.000e+00 0.000e+00 8.739e-04 0.000e+00 3.029e-04 0.000e+00 0.000e+00 1.260e-04 2.112e-04 9.122e-05 1.889e-04
 1.259e+10 4.468e-01 2.579e-01 1.564e-01 6.469e-03 1.590e-03 1.702e-02 7.018e-07 3.178e-03 8.600e-04 1.429e-03 6.256e-04 1.297e-03 0.000e+00 0.000e+00 8.736e-04 0.000e+00 3.041e-04 0.000e+00 0.000e+00 1.265e-04 2.117e-04 9.170e-05 1.900e-04
 1.585e+10 4.533e-01 2.624e-01 1.583e-01 6.482e-03 1.596e-03 1.707e-02 7.036e-07 3.186e-03 8.631e-04 1.433e-03 6.285e-04 1.304e-03 0.000e+00 0.000e+00 8.739e-04 0.000e+00 3.055e-04 0.000e+00 0.000e+00 1.271e-04 2.124e-04 9.223e-05 1.911e-04
