#--------- --------- --------- --------- --------- --------- --------- --------- --------- --------- --------- --------- --------- --------- --------- --------- --------- --------- --------- --------- --------- --------- --------- ---------
# time     Mtot        p total  He total   C total   N total   O total   F total  Ne total  Mg total  Si total   S total  Fe total    p dust   He dust    C dust    N dust    O dust    F dust   Ne dust   Mg dust   Si dust    S dust   Fe dust
#--------- --------- --------- --------- --------- --------- --------- --------- --------- --------- --------- --------- --------- --------- --------- --------- --------- --------- --------- --------- --------- --------- --------- ---------
 1.000e+06 0.000e+00 0.000e+00 0.000e+00 0.000e+00 0.000e+00 0.000e+00 0.000e+00 0.000e+00 0.000e+00 0.000e+00 0.000e+00 0.000e+00 0.000e+00 0.000e+00 0.000e+00 0.000e+00 0.000e+00 0.000e+00 0.000e+00 0.000e+00 0.000e+00 0.000e+00 0.000e+00
 1.259e+06 0.000e+00 0.000e+00 0.000e+00 0.000e+00 0.000e+00 0.000e+00 0.000e+00 0.000e+00 0.000e+00 0.000e+00 0.000e+00 0.000e+00 0.000e+00 0.000e+00 0.000e+00 0.000e+00 0.000e+00 0.000e+00 0.000e+00 0.000e+00 0.000e+00 0.000e+00 0.000e+00
 1.585e+06 0.000e+00 0.000e+00 0.000e+00 0.000e+00 0.000e+00 0.000e+00 0.000e+00 0.000e+00 0.000e+00 0.000e+00 0.000e+00 0.000e+00 0.000e+00 0.000e+00 0.000e+00 0.000e+00 0.000e+00 0.000e+00 0.000e+00 0.000e+00 0.000e+00 0.000e+00 0.000e+00
 1.995e+06 0.000e+00 0.000e+00 0.000e+00 0.000e+00 0.000e+00 0.000e+00 0.000e+00 0.000e+00 0.000e+00 0.000e+00 0.000e+00 0.000e+00 0.000e+00 0.000e+00 0.000e+00 0.000e+00 0.000e+00 0.000e+00 0.000e+00 0.000e+00 0.000e+00 0.000e+00 0.000e+00
 2.512e+06 0.000e+00 0.000e+00 0.000e+00 0.000e+00 0.000e+00 0.000e+00 0.000e+00 0.000e+00 0.000e+00 0.000e+00 0.000e+00 0.000e+00 0.000e+00 0.000e+00 0.000e+00 0.000e+00 0.000e+00 0.000e+00 0.000e+00 0.000e+00 0.000e+00 0.000e+00 0.000e+00
 3.162e+06 0.000e+00 0.000e+00 0.000e+00 0.000e+00 0.000e+00 0.000e+00 0.000e+00 0.000e+00 0.000e+00 0.000e+00 0.000e+00 0.000e+00 0.000e+00 0.000e+00 0.000e+00 0.000e+00 0.000e+00 0.000e+00 0.000e+00 0.000e+00 0.000e+00 0.000e+00 0.000e+00
 3.981e+06 2.123e-02 6.949e-03 1.356e-02 4.044e-04 1.416e-04 7.069e-05 5.105e-09 4.435e-05 1.469e-05 1.423e-05 6.605e-06 2.763e-05 0.000e+00 0.000e+00 6.066e-05 0.000e+00 4.348e-06 0.000e+00 0.000e+00 2.203e-06 2.134e-06 9.908e-07 4.144e-06
 5.012e+06 4.474e-02 1.430e-02 2.649e-02 1.296e-03 2.760e-04 1.721e-03 1.466e-08 3.551e-04 8.943e-05 1.005e-04 4.113e-05 7.462e-05 0.000e+00 0.000e+00 1.944e-04 0.000e+00 2.371e-05 0.000e+00 0.000e+00 1.341e-05 1.508e-05 6.169e-06 1.119e-05
 6.310e+06 6.815e-02 2.083e-02 3.629e-02 2.757e-03 3.846e-04 5.901e-03 2.247e-08 1.139e-03 2.725e-04 3.078e-04 1.189e-04 1.530e-04 0.000e+00 0.000e+00 4.135e-04 0.000e+00 6.868e-05 0.000e+00 0.000e+00 4.088e-05 4.617e-05 1.784e-05 2.295e-05
 7.943e+06 8.831e-02 2.673e-02 4.433e-02 4.062e-03 4.756e-04 9.529e-03 3.231e-08 1.772e-03 4.338e-04 5.403e-04 2.018e-04 2.380e-04 0.000e+00 0.000e+00 6.092e-04 0.000e+00 1.143e-04 0.000e+00 0.000e+00 6.507e-05 8.105e-05 3.027e-05 3.570e-05
 1.000e+07 1.057e-01 3.255e-02 5.095e-02 5.189e-03 5.746e-04 1.248e-02 1.124e-07 2.041e-03 5.213e-04 7.891e-04 3.005e-04 3.301e-04 0.000e+00 0.000e+00 7.784e-04 0.000e+00 1.556e-04 0.000e+00 0.000e+00 7.819e-05 1.184e-04 4.507e-05 4.952e-05
 1.259e+07 1.212e-01 3.815e-02 5.663e-02 6.025e-03 6.675e-04 1.500e-02 3.143e-07 2.202e-03 5.800e-04 1.033e-03 4.097e-04 5.159e-04 0.000e+00 0.000e+00 9.038e-04 0.000e+00 1.983e-04 0.000e+00 0.000e+00 8.700e-05 1.549e-04 6.146e-05 7.738e-05
 1.585e+07 1.348e-01 4.329e-02 6.158e-02 6.586e-03 7.364e-04 1.706e-02 6.233e-07 2.343e-03 6.282e-04 1.255e-03 5.206e-04 7.895e-04 0.000e+00 0.000e+00 9.879e-04 0.000e+00 2.421e-04 0.000e+00 0.000e+00 9.423e-05 1.882e-04 7.809e-05 1.184e-04
 1.995e+07 1.483e-01 4.867e-02 6.668e-02 7.183e-03 7.980e-04 1.890e-02 1.049e-06 2.468e-03 6.704e-04 1.409e-03 6.147e-04 9.299e-04 0.000e+00 0.000e+00 1.077e-03 0.000e+00 2.726e-04 0.000e+00 0.000e+00 1.006e-04 2.114e-04 9.221e-05 1.395e-04
 2.512e+07 1.608e-01 5.367e-02 7.141e-02 7.744e-03 8.541e-04 2.058e-02 1.457e-06 2.581e-03 7.087e-04 1.541e-03 6.988e-04 1.037e-03 0.000e+00 0.000e+00 1.162e-03 0.000e+00 2.985e-04 0.000e+00 0.000e+00 1.063e-04 2.312e-04 1.048e-04 1.555e-04
 3.162e+07 1.727e-01 5.843e-02 7.591e-02 8.277e-03 9.074e-04 2.216e-02 1.845e-06 2.689e-03 7.450e-04 1.667e-03 7.786e-04 1.138e-03 0.000e+00 0.000e+00 1.242e-03 0.000e+00 3.232e-04 0.000e+00 0.000e+00 1.117e-04 2.500e-04 1.168e-04 1.707e-04
 3.981e+07 1.843e-01 6.307e-02 8.031e-02 8.798e-03 9.595e-04 2.372e-02 2.224e-06 2.795e-03 7.805e-04 1.790e-03 8.567e-04 1.237e-03 0.000e+00 0.000e+00 1.320e-03 0.000e+00 3.473e-04 0.000e+00 0.000e+00 1.171e-04 2.684e-04 1.285e-04 1.855e-04
 5.012e+07 1.974e-01 7.067e-02 8.491e-02 8.941e-03 1.065e-03 2.416e-02 2.321e-06 2.835e-03 7.950e-04 1.825e-03 8.804e-04 1.270e-03 0.000e+00 0.000e+00 1.339e-03 0.000e+00 3.555e-04 0.000e+00 0.000e+00 1.195e-04 2.741e-04 1.323e-04 1.910e-04
 6.310e+07 2.098e-01 7.860e-02 8.920e-02 8.951e-03 1.179e-03 2.421e-02 2.320e-06 2.851e-03 8.015e-04 1.830e-03 8.847e-04 1.280e-03 0.000e+00 0.000e+00 1.339e-03 0.000e+00 3.580e-04 0.000e+00 0.000e+00 1.208e-04 2.751e-04 1.331e-04 1.930e-04
 7.943e+07 2.215e-01 8.607e-02 9.325e-02 8.964e-03 1.286e-03 2.426e-02 2.321e-06 2.867e-03 8.079e-04 1.836e-03 8.893e-04 1.290e-03 0.000e+00 0.000e+00 1.339e-03 0.000e+00 3.605e-04 0.000e+00 0.000e+00 1.221e-04 2.763e-04 1.341e-04 1.950e-04
 1.000e+08 2.327e-01 9.325e-02 9.701e-02 8.986e-03 1.391e-03 2.434e-02 2.328e-06 2.884e-03 8.144e-04 1.843e-03 8.944e-04 1.301e-03 0.000e+00 0.000e+00 1.339e-03 0.000e+00 3.632e-04 0.000e+00 0.000e+00 1.234e-04 2.775e-04 1.351e-04 1.970e-04
 1.259e+08 2.438e-01 1.005e-01 1.007e-01 9.013e-03 1.493e-03 2.440e-02 2.334e-06 2.902e-03 8.207e-04 1.848e-03 8.988e-04 1.310e-03 0.000e+00 0.000e+00 1.339e-03 0.000e+00 3.656e-04 0.000e+00 0.000e+00 1.247e-04 2.786e-04 1.359e-04 1.989e-04
 1.585e+08 2.546e-01 1.077e-01 1.040e-01 9.044e-03 1.575e-03 2.445e-02 2.338e-06 2.918e-03 8.264e-04 1.852e-03 9.023e-04 1.319e-03 0.000e+00 0.000e+00 1.339e-03 0.000e+00 3.677e-04 0.000e+00 0.000e+00 1.258e-04 2.795e-04 1.367e-04 2.007e-04
 1.995e+08 2.654e-01 1.150e-01 1.073e-01 9.104e-03 1.621e-03 2.453e-02 2.352e-06 2.935e-03 8.323e-04 1.859e-03 9.073e-04 1.329e-03 0.000e+00 0.000e+00 1.341e-03 0.000e+00 3.685e-04 0.000e+00 0.000e+00 1.261e-04 2.799e-04 1.370e-04 2.012e-04
 2.512e+08 2.755e-01 1.220e-01 1.102e-01 9.179e-03 1.639e-03 2.459e-02 2.366e-06 2.951e-03 8.372e-04 1.863e-03 9.113e-04 1.337e-03 0.000e+00 0.000e+00 1.346e-03 0.000e+00 3.685e-04 0.000e+00 0.000e+00 1.261e-04 2.799e-04 1.370e-04 2.012e-04
 3.162e+08 2.860e-01 1.291e-01 1.134e-01 9.274e-03 1.658e-03 2.464e-02 2.386e-06 2.970e-03 8.422e-04 1.867e-03 9.147e-04 1.346e-03 0.000e+00 0.000e+00 1.356e-03 0.000e+00 3.682e-04 0.000e+00 0.000e+00 1.261e-04 2.797e-04 1.369e-04 2.011e-04
 3.981e+08 2.968e-01 1.363e-01 1.167e-01 9.399e-03 1.677e-03 2.471e-02 2.417e-06 2.994e-03 8.475e-04 1.873e-03 9.190e-04 1.355e-03 0.000e+00 0.000e+00 1.371e-03 0.000e+00 3.682e-04 0.000e+00 0.000e+00 1.261e-04 2.797e-04 1.369e-04 2.011e-04
 5.012e+08 3.062e-01 1.426e-01 1.196e-01 9.527e-03 1.693e-03 2.478e-02 2.454e-06 3.019e-03 8.523e-04 1.878e-03 9.234e-04 1.364e-03 0.000e+00 0.000e+00 1.388e-03 0.000e+00 3.685e-04 0.000e+00 0.000e+00 1.261e-04 2.799e-04 1.370e-04 2.012e-04
 6.310e+08 3.167e-01 1.496e-01 1.228e-01 9.648e-03 1.711e-03 2.483e-02 2.481e-06 3.042e-03 8.570e-04 1.882e-03 9.269e-04 1.372e-03 0.000e+00 0.000e+00 1.402e-03 0.000e+00 3.682e-04 0.000e+00 0.000e+00 1.261e-04 2.797e-04 1.369e-04 2.011e-04
 7.943e+08 3.281e-01 1.573e-01 1.263e-01 9.765e-03 1.729e-03 2.491e-02 2.507e-06 3.065e-03 8.625e-04 1.889e-03 9.320e-04 1.383e-03 0.000e+00 0.000e+00 1.415e-03 0.000e+00 3.684e-04 0.000e+00 0.000e+00 1.261e-04 2.799e-04 1.370e-04 2.012e-04
 1.000e+09 3.382e-01 1.642e-01 1.293e-01 9.842e-03 1.746e-03 2.497e-02 2.517e-06 3.081e-03 8.668e-04 1.893e-03 9.354e-04 1.390e-03 0.000e+00 0.000e+00 1.421e-03 0.000e+00 3.682e-04 0.000e+00 0.000e+00 1.261e-04 2.797e-04 1.369e-04 2.011e-04
 1.259e+09 3.491e-01 1.717e-01 1.324e-01 9.913e-03 1.763e-03 2.505e-02 2.530e-06 3.098e-03 8.720e-04 1.899e-03 9.404e-04 1.401e-03 0.000e+00 0.000e+00 1.424e-03 0.000e+00 3.686e-04 0.000e+00 0.000e+00 1.262e-04 2.799e-04 1.370e-04 2.013e-04
 1.585e+09 3.595e-01 1.789e-01 1.355e-01 9.959e-03 1.780e-03 2.512e-02 2.535e-06 3.113e-03 8.769e-04 1.904e-03 9.448e-04 1.410e-03 0.000e+00 0.000e+00 1.424e-03 0.000e+00 3.708e-04 0.000e+00 0.000e+00 1.272e-04 2.810e-04 1.379e-04 2.032e-04
 1.995e+09 3.766e-01 1.908e-01 1.404e-01 1.002e-02 1.806e-03 2.523e-02 2.542e-06 3.134e-03 8.846e-04 1.912e-03 9.516e-04 1.425e-03 0.000e+00 0.000e+00 1.424e-03 0.000e+00 3.742e-04 0.000e+00 0.000e+00 1.287e-04 2.826e-04 1.392e-04 2.062e-04
 2.512e+09 3.859e-01 1.973e-01 1.431e-01 1.004e-02 1.820e-03 2.529e-02 2.545e-06 3.145e-03 8.887e-04 1.917e-03 9.552e-04 1.433e-03 0.000e+00 0.000e+00 1.424e-03 0.000e+00 3.761e-04 0.000e+00 0.000e+00 1.295e-04 2.835e-04 1.400e-04 2.077e-04
 3.162e+09 3.957e-01 2.042e-01 1.459e-01 1.006e-02 1.835e-03 2.536e-02 2.548e-06 3.157e-03 8.931e-04 1.922e-03 9.592e-04 1.442e-03 0.000e+00 0.000e+00 1.424e-03 0.000e+00 3.781e-04 0.000e+00 0.000e+00 1.304e-04 2.845e-04 1.408e-04 2.094e-04
 3.981e+09 4.062e-01 2.115e-01 1.490e-01 1.007e-02 1.849e-03 2.543e-02 2.551e-06 3.170e-03 8.978e-04 1.927e-03 9.633e-04 1.450e-03 0.000e+00 0.000e+00 1.424e-03 0.000e+00 3.802e-04 0.000e+00 0.000e+00 1.313e-04 2.855e-04 1.416e-04 2.112e-04
 5.012e+09 4.154e-01 2.179e-01 1.516e-01 1.009e-02 1.862e-03 2.547e-02 2.550e-06 3.180e-03 9.017e-04 1.930e-03 9.663e-04 1.458e-03 0.000e+00 0.000e+00 1.423e-03 0.000e+00 3.820e-04 0.000e+00 0.000e+00 1.321e-04 2.862e-04 1.423e-04 2.128e-04
 6.310e+09 4.231e-01 2.233e-01 1.539e-01 1.010e-02 1.872e-03 2.552e-02 2.552e-06 3.189e-03 9.051e-04 1.934e-03 9.694e-04 1.464e-03 0.000e+00 0.000e+00 1.423e-03 0.000e+00 3.835e-04 0.000e+00 0.000e+00 1.328e-04 2.870e-04 1.429e-04 2.141e-04
 7.943e+09 4.290e-01 2.273e-01 1.556e-01 1.011e-02 1.878e-03 2.557e-02 2.557e-06 3.197e-03 9.080e-04 1.938e-03 9.724e-04 1.470e-03 0.000e+00 0.000e+00 1.424e-03 0.000e+00 3.849e-04 0.000e+00 0.000e+00 1.334e-04 2.877e-04 1.434e-04 2.152e-04
 1.000e+10 4.371e-01 2.330e-01 1.580e-01 1.013e-02 1.888e-03 2.563e-02 2.559e-06 3.206e-03 9.117e-04 1.942e-03 9.756e-04 1.477e-03 0.000e+00 0.000e+00 1.424e-03 0.000e+00 3.865e-04 0.000e+00 0.000e+00 1.341e-04 2.885e-04 1.440e-04 2.166e-04
 1.259e+10 4.433e-01 2.373e-01 1.598e-01 1.013e-02 1.895e-03 2.565e-02 2.558e-06 3.213e-03 9.142e-04 1.944e-03 9.774e-04 1.482e-03 0.000e+00 0.000e+00 1.423e-03 0.000e+00 3.877e-04 0.000e+00 0.000e+00 1.347e-04 2.889e-04 1.445e-04 2.176e-04
 1.585e+10 4.498e-01 2.418e-01 1.617e-01 1.015e-02 1.901e-03 2.571e-02 2.563e-06 3.222e-03 9.173e-04 1.948e-03 9.806e-04 1.488e-03 0.000e+00 0.000e+00 1.424e-03 0.000e+00 3.891e-04 0.000e+00 0.000e+00 1.352e-04 2.897e-04 1.451e-04 2.188e-04
