#--------- --------- --------- --------- --------- --------- --------- --------- --------- --------- --------- --------- --------- --------- --------- --------- --------- --------- --------- --------- --------- --------- --------- ---------
# time     Mtot        p total  He total   C total   N total   O total   F total  Ne total  Mg total  Si total   S total  Fe total    p dust   He dust    C dust    N dust    O dust    F dust   Ne dust   Mg dust   Si dust    S dust   Fe dust
#--------- --------- --------- --------- --------- --------- --------- --------- --------- --------- --------- --------- --------- --------- --------- --------- --------- --------- --------- --------- --------- --------- --------- ---------
 1.000e+06 0.000e+00 0.000e+00 0.000e+00 0.000e+00 0.000e+00 0.000e+00 0.000e+00 0.000e+00 0.000e+00 0.000e+00 0.000e+00 0.000e+00 0.000e+00 0.000e+00 0.000e+00 0.000e+00 0.000e+00 0.000e+00 0.000e+00 0.000e+00 0.000e+00 0.000e+00 0.000e+00
 1.259e+06 0.000e+00 0.000e+00 0.000e+00 0.000e+00 0.000e+00 0.000e+00 0.000e+00 0.000e+00 0.000e+00 0.000e+00 0.000e+00 0.000e+00 0.000e+00 0.000e+00 0.000e+00 0.000e+00 0.000e+00 0.000e+00 0.000e+00 0.000e+00 0.000e+00 0.000e+00 0.000e+00
 1.585e+06 0.000e+00 0.000e+00 0.000e+00 0.000e+00 0.000e+00 0.000e+00 0.000e+00 0.000e+00 0.000e+00 0.000e+00 0.000e+00 0.000e+00 0.000e+00 0.000e+00 0.000e+00 0.000e+00 0.000e+00 0.000e+00 0.000e+00 0.000e+00 0.000e+00 0.000e+00 0.000e+00
 1.995e+06 4.903e-04 1.580e-04 3.172e-04 7.942e-06 3.360e-06 1.345e-06 9.100e-11 9.684e-07 3.381e-07 3.288e-07 1.526e-07 6.399e-07 0.000e+00 0.000e+00 1.191e-06 0.000e+00 1.004e-07 0.000e+00 0.000e+00 5.071e-08 4.932e-08 2.290e-08 9.598e-08
 2.512e+06 5.692e-03 1.841e-03 3.671e-03 9.637e-05 3.879e-05 1.655e-05 1.077e-09 1.140e-05 3.929e-06 3.818e-06 1.772e-06 7.423e-06 0.000e+00 0.000e+00 1.446e-05 0.000e+00 1.166e-06 0.000e+00 0.000e+00 5.893e-07 5.726e-07 2.658e-07 1.113e-06
 3.162e+06 1.321e-02 4.299e-03 8.473e-03 2.388e-04 8.913e-05 4.175e-05 2.616e-09 2.702e-05 9.129e-06 8.858e-06 4.111e-06 1.720e-05 0.000e+00 0.000e+00 3.582e-05 0.000e+00 2.705e-06 0.000e+00 0.000e+00 1.369e-06 1.329e-06 6.167e-07 2.580e-06
 3.981e+06 2.493e-02 8.181e-03 1.588e-02 4.853e-04 1.653e-04 8.453e-05 6.673e-09 5.258e-05 1.725e-05 1.670e-05 7.754e-06 3.244e-05 0.000e+00 0.000e+00 7.280e-05 0.000e+00 5.105e-06 0.000e+00 0.000e+00 2.588e-06 2.505e-06 1.163e-06 4.866e-06
 5.012e+06 4.985e-02 1.574e-02 2.872e-02 1.606e-03 3.004e-04 2.570e-03 1.639e-08 5.036e-04 1.240e-04 1.415e-04 5.718e-05 8.999e-05 0.000e+00 0.000e+00 2.409e-04 0.000e+00 3.248e-05 0.000e+00 0.000e+00 1.860e-05 2.122e-05 8.577e-06 1.350e-05
 6.310e+06 7.441e-02 2.258e-02 3.880e-02 3.147e-03 4.130e-04 7.066e-03 2.464e-08 1.381e-03 3.296e-04 3.701e-04 1.407e-04 1.773e-04 0.000e+00 0.000e+00 4.721e-04 0.000e+00 8.232e-05 0.000e+00 0.000e+00 4.944e-05 5.551e-05 2.111e-05 2.659e-05
 7.943e+06 9.438e-02 2.867e-02 4.669e-02 4.464e-03 5.061e-04 1.057e-02 4.703e-08 1.889e-03 4.694e-04 6.243e-04 2.336e-04 2.678e-04 0.000e+00 0.000e+00 6.697e-04 0.000e+00 1.287e-04 0.000e+00 0.000e+00 7.040e-05 9.365e-05 3.505e-05 4.017e-05
 1.000e+07 1.118e-01 3.470e-02 5.317e-02 5.542e-03 6.126e-04 1.348e-02 1.734e-07 2.104e-03 5.445e-04 8.811e-04 3.404e-04 3.828e-04 0.000e+00 0.000e+00 8.313e-04 0.000e+00 1.710e-04 0.000e+00 0.000e+00 8.168e-05 1.322e-04 5.106e-05 5.741e-05
 1.259e+07 1.270e-01 4.030e-02 5.872e-02 6.275e-03 6.981e-04 1.590e-02 4.292e-07 2.263e-03 6.010e-04 1.129e-03 4.564e-04 6.295e-04 0.000e+00 0.000e+00 9.413e-04 0.000e+00 2.171e-04 0.000e+00 0.000e+00 9.015e-05 1.694e-04 6.846e-05 9.443e-05
 1.585e+07 1.405e-01 4.554e-02 6.371e-02 6.831e-03 7.628e-04 1.786e-02 7.937e-07 2.397e-03 6.465e-04 1.326e-03 5.620e-04 8.629e-04 0.000e+00 0.000e+00 1.025e-03 0.000e+00 2.563e-04 0.000e+00 0.000e+00 9.697e-05 1.990e-04 8.431e-05 1.294e-04
 1.995e+07 1.530e-01 5.054e-02 6.845e-02 7.393e-03 8.190e-04 1.953e-02 1.202e-06 2.510e-03 6.847e-04 1.459e-03 6.462e-04 9.698e-04 0.000e+00 0.000e+00 1.109e-03 0.000e+00 2.823e-04 0.000e+00 0.000e+00 1.027e-04 2.188e-04 9.692e-05 1.455e-04
 2.512e+07 1.647e-01 5.523e-02 7.288e-02 7.918e-03 8.715e-04 2.109e-02 1.584e-06 2.617e-03 7.205e-04 1.582e-03 7.248e-04 1.070e-03 0.000e+00 0.000e+00 1.188e-03 0.000e+00 3.066e-04 0.000e+00 0.000e+00 1.081e-04 2.373e-04 1.087e-04 1.604e-04
 3.162e+07 1.757e-01 5.963e-02 7.705e-02 8.412e-03 9.210e-04 2.257e-02 1.943e-06 2.717e-03 7.542e-04 1.699e-03 7.989e-04 1.163e-03 0.000e+00 0.000e+00 1.262e-03 0.000e+00 3.294e-04 0.000e+00 0.000e+00 1.131e-04 2.548e-04 1.198e-04 1.745e-04
 3.981e+07 1.861e-01 6.377e-02 8.097e-02 8.876e-03 9.673e-04 2.395e-02 2.280e-06 2.810e-03 7.858e-04 1.808e-03 8.684e-04 1.252e-03 0.000e+00 0.000e+00 1.331e-03 0.000e+00 3.509e-04 0.000e+00 0.000e+00 1.179e-04 2.712e-04 1.303e-04 1.877e-04
 5.012e+07 1.987e-01 7.123e-02 8.560e-02 8.942e-03 1.061e-03 2.420e-02 2.321e-06 2.842e-03 7.976e-04 1.829e-03 8.831e-04 1.276e-03 0.000e+00 0.000e+00 1.339e-03 0.000e+00 3.568e-04 0.000e+00 0.000e+00 1.201e-04 2.747e-04 1.328e-04 1.922e-04
 6.310e+07 2.104e-01 7.838e-02 8.988e-02 8.956e-03 1.151e-03 2.429e-02 2.324e-06 2.864e-03 8.060e-04 1.837e-03 8.899e-04 1.291e-03 0.000e+00 0.000e+00 1.339e-03 0.000e+00 3.604e-04 0.000e+00 0.000e+00 1.217e-04 2.764e-04 1.342e-04 1.951e-04
 7.943e+07 2.214e-01 8.520e-02 9.388e-02 8.970e-03 1.240e-03 2.438e-02 2.326e-06 2.885e-03 8.141e-04 1.845e-03 8.965e-04 1.305e-03 0.000e+00 0.000e+00 1.339e-03 0.000e+00 3.639e-04 0.000e+00 0.000e+00 1.233e-04 2.780e-04 1.355e-04 1.980e-04
 1.000e+08 2.321e-01 9.191e-02 9.763e-02 8.988e-03 1.328e-03 2.447e-02 2.331e-06 2.907e-03 8.219e-04 1.853e-03 9.027e-04 1.319e-03 0.000e+00 0.000e+00 1.339e-03 0.000e+00 3.672e-04 0.000e+00 0.000e+00 1.249e-04 2.795e-04 1.367e-04 2.007e-04
 1.259e+08 2.427e-01 9.867e-02 1.012e-01 9.022e-03 1.384e-03 2.455e-02 2.336e-06 2.927e-03 8.291e-04 1.859e-03 9.083e-04 1.332e-03 0.000e+00 0.000e+00 1.339e-03 0.000e+00 3.702e-04 0.000e+00 0.000e+00 1.264e-04 2.809e-04 1.379e-04 2.033e-04
 1.585e+08 2.528e-01 1.053e-01 1.045e-01 9.073e-03 1.417e-03 2.464e-02 2.345e-06 2.947e-03 8.362e-04 1.866e-03 9.142e-04 1.344e-03 0.000e+00 0.000e+00 1.339e-03 0.000e+00 3.733e-04 0.000e+00 0.000e+00 1.278e-04 2.823e-04 1.391e-04 2.058e-04
 1.995e+08 2.628e-01 1.119e-01 1.077e-01 9.129e-03 1.446e-03 2.473e-02 2.355e-06 2.968e-03 8.432e-04 1.874e-03 9.201e-04 1.357e-03 0.000e+00 0.000e+00 1.339e-03 0.000e+00 3.764e-04 0.000e+00 0.000e+00 1.292e-04 2.837e-04 1.402e-04 2.084e-04
 2.512e+08 2.727e-01 1.185e-01 1.107e-01 9.192e-03 1.472e-03 2.482e-02 2.367e-06 2.989e-03 8.500e-04 1.881e-03 9.259e-04 1.370e-03 0.000e+00 0.000e+00 1.339e-03 0.000e+00 3.786e-04 0.000e+00 0.000e+00 1.302e-04 2.848e-04 1.411e-04 2.103e-04
 3.162e+08 2.829e-01 1.252e-01 1.139e-01 9.283e-03 1.499e-03 2.492e-02 2.390e-06 3.015e-03 8.573e-04 1.889e-03 9.325e-04 1.384e-03 0.000e+00 0.000e+00 1.343e-03 0.000e+00 3.789e-04 0.000e+00 0.000e+00 1.303e-04 2.850e-04 1.412e-04 2.105e-04
 3.981e+08 2.927e-01 1.316e-01 1.170e-01 9.372e-03 1.524e-03 2.500e-02 2.410e-06 3.040e-03 8.637e-04 1.895e-03 9.376e-04 1.395e-03 0.000e+00 0.000e+00 1.348e-03 0.000e+00 3.786e-04 0.000e+00 0.000e+00 1.302e-04 2.848e-04 1.411e-04 2.103e-04
 5.012e+08 3.024e-01 1.380e-01 1.201e-01 9.463e-03 1.548e-03 2.509e-02 2.430e-06 3.066e-03 8.703e-04 1.902e-03 9.434e-04 1.408e-03 0.000e+00 0.000e+00 1.353e-03 0.000e+00 3.786e-04 0.000e+00 0.000e+00 1.302e-04 2.848e-04 1.411e-04 2.103e-04
 6.310e+08 3.125e-01 1.446e-01 1.233e-01 9.552e-03 1.572e-03 2.519e-02 2.451e-06 3.091e-03 8.773e-04 1.910e-03 9.499e-04 1.421e-03 0.000e+00 0.000e+00 1.356e-03 0.000e+00 3.789e-04 0.000e+00 0.000e+00 1.303e-04 2.850e-04 1.412e-04 2.105e-04
 7.943e+08 3.224e-01 1.512e-01 1.264e-01 9.621e-03 1.596e-03 2.528e-02 2.464e-06 3.114e-03 8.839e-04 1.917e-03 9.558e-04 1.434e-03 0.000e+00 0.000e+00 1.357e-03 0.000e+00 3.806e-04 0.000e+00 0.000e+00 1.311e-04 2.858e-04 1.419e-04 2.120e-04
 1.000e+09 3.331e-01 1.584e-01 1.296e-01 9.676e-03 1.621e-03 2.538e-02 2.472e-06 3.135e-03 8.910e-04 1.925e-03 9.620e-04 1.448e-03 0.000e+00 0.000e+00 1.357e-03 0.000e+00 3.838e-04 0.000e+00 0.000e+00 1.325e-04 2.874e-04 1.432e-04 2.147e-04
 1.259e+09 3.435e-01 1.655e-01 1.328e-01 9.707e-03 1.646e-03 2.547e-02 2.475e-06 3.154e-03 8.977e-04 1.931e-03 9.675e-04 1.460e-03 0.000e+00 0.000e+00 1.356e-03 0.000e+00 3.866e-04 0.000e+00 0.000e+00 1.337e-04 2.886e-04 1.442e-04 2.171e-04
 1.585e+09 3.535e-01 1.722e-01 1.358e-01 9.732e-03 1.668e-03 2.557e-02 2.479e-06 3.171e-03 9.043e-04 1.938e-03 9.734e-04 1.473e-03 0.000e+00 0.000e+00 1.356e-03 0.000e+00 3.896e-04 0.000e+00 0.000e+00 1.350e-04 2.900e-04 1.454e-04 2.196e-04
 1.995e+09 3.684e-01 1.824e-01 1.403e-01 9.768e-03 1.701e-03 2.572e-02 2.489e-06 3.198e-03 9.144e-04 1.950e-03 9.827e-04 1.493e-03 0.000e+00 0.000e+00 1.357e-03 0.000e+00 3.944e-04 0.000e+00 0.000e+00 1.371e-04 2.924e-04 1.473e-04 2.237e-04
 2.512e+09 3.804e-01 1.905e-01 1.439e-01 9.794e-03 1.728e-03 2.584e-02 2.494e-06 3.219e-03 9.223e-04 1.958e-03 9.898e-04 1.508e-03 0.000e+00 0.000e+00 1.357e-03 0.000e+00 3.980e-04 0.000e+00 0.000e+00 1.387e-04 2.941e-04 1.487e-04 2.268e-04
 3.162e+09 3.900e-01 1.970e-01 1.469e-01 9.815e-03 1.748e-03 2.593e-02 2.498e-06 3.236e-03 9.286e-04 1.965e-03 9.955e-04 1.520e-03 0.000e+00 0.000e+00 1.357e-03 0.000e+00 4.009e-04 0.000e+00 0.000e+00 1.400e-04 2.955e-04 1.499e-04 2.292e-04
 3.981e+09 4.002e-01 2.039e-01 1.500e-01 9.838e-03 1.770e-03 2.603e-02 2.502e-06 3.254e-03 9.354e-04 1.973e-03 1.001e-03 1.533e-03 0.000e+00 0.000e+00 1.357e-03 0.000e+00 4.039e-04 0.000e+00 0.000e+00 1.413e-04 2.969e-04 1.510e-04 2.318e-04
 5.012e+09 4.092e-01 2.099e-01 1.528e-01 9.854e-03 1.788e-03 2.610e-02 2.502e-06 3.269e-03 9.411e-04 1.978e-03 1.006e-03 1.544e-03 0.000e+00 0.000e+00 1.356e-03 0.000e+00 4.063e-04 0.000e+00 0.000e+00 1.424e-04 2.980e-04 1.519e-04 2.338e-04
 6.310e+09 4.187e-01 2.163e-01 1.557e-01 9.882e-03 1.806e-03 2.621e-02 2.509e-06 3.287e-03 9.476e-04 1.986e-03 1.012e-03 1.557e-03 0.000e+00 0.000e+00 1.357e-03 0.000e+00 4.095e-04 0.000e+00 0.000e+00 1.438e-04 2.996e-04 1.532e-04 2.365e-04
 7.943e+09 4.266e-01 2.216e-01 1.582e-01 9.901e-03 1.820e-03 2.628e-02 2.513e-06 3.301e-03 9.529e-04 1.992e-03 1.017e-03 1.567e-03 0.000e+00 0.000e+00 1.357e-03 0.000e+00 4.119e-04 0.000e+00 0.000e+00 1.448e-04 3.007e-04 1.542e-04 2.385e-04
 1.000e+10 4.327e-01 2.257e-01 1.601e-01 9.913e-03 1.831e-03 2.633e-02 2.512e-06 3.311e-03 9.567e-04 1.995e-03 1.020e-03 1.574e-03 0.000e+00 0.000e+00 1.356e-03 0.000e+00 4.133e-04 0.000e+00 0.000e+00 1.455e-04 3.013e-04 1.547e-04 2.398e-04
 1.259e+10 4.389e-01 2.298e-01 1.620e-01 9.933e-03 1.841e-03 2.640e-02 2.517e-06 3.322e-03 9.610e-04 2.000e-03 1.024e-03 1.583e-03 0.000e+00 0.000e+00 1.357e-03 0.000e+00 4.156e-04 0.000e+00 0.000e+00 1.465e-04 3.024e-04 1.556e-04 2.417e-04
 1.585e+10 4.473e-01 2.355e-01 1.646e-01 9.956e-03 1.854e-03 2.648e-02 2.521e-06 3.337e-03 9.666e-04 2.006e-03 1.029e-03 1.593e-03 0.000e+00 0.000e+00 1.357e-03 0.000e+00 4.181e-04 0.000e+00 0.000e+00 1.476e-04 3.036e-04 1.566e-04 2.438e-04
