#--------- --------- --------- --------- --------- --------- --------- --------- --------- --------- --------- --------- --------- --------- --------- --------- --------- --------- --------- --------- --------- --------- --------- ---------
# time     Mtot        p total  He total   C total   N total   O total   F total  Ne total  Mg total  Si total   S total  Fe total    p dust   He dust    C dust    N dust    O dust    F dust   Ne dust   Mg dust   Si dust    S dust   Fe dust
#--------- --------- --------- --------- --------- --------- --------- --------- --------- --------- --------- --------- --------- --------- --------- --------- --------- --------- --------- --------- --------- --------- --------- ---------
 1.000e+06 0.000e+00 0.000e+00 0.000e+00 0.000e+00 0.000e+00 0.000e+00 0.000e+00 0.000e+00 0.000e+00 0.000e+00 0.000e+00 0.000e+00 0.000e+00 0.000e+00 0.000e+00 0.000e+00 0.000e+00 0.000e+00 0.000e+00 0.000e+00 0.000e+00 0.000e+00 0.000e+00
 1.259e+06 0.000e+00 0.000e+00 0.000e+00 0.000e+00 0.000e+00 0.000e+00 0.000e+00 0.000e+00 0.000e+00 0.000e+00 0.000e+00 0.000e+00 0.000e+00 0.000e+00 0.000e+00 0.000e+00 0.000e+00 0.000e+00 0.000e+00 0.000e+00 0.000e+00 0.000e+00 0.000e+00
 1.585e+06 0.000e+00 0.000e+00 0.000e+00 0.000e+00 0.000e+00 0.000e+00 0.000e+00 0.000e+00 0.000e+00 0.000e+00 0.000e+00 0.000e+00 0.000e+00 0.000e+00 0.000e+00 0.000e+00 0.000e+00 0.000e+00 0.000e+00 0.000e+00 0.000e+00 0.000e+00 0.000e+00
 1.995e+06 0.000e+00 0.000e+00 0.000e+00 0.000e+00 0.000e+00 0.000e+00 0.000e+00 0.000e+00 0.000e+00 0.000e+00 0.000e+00 0.000e+00 0.000e+00 0.000e+00 0.000e+00 0.000e+00 0.000e+00 0.000e+00 0.000e+00 0.000e+00 0.000e+00 0.000e+00 0.000e+00
 2.512e+06 0.000e+00 0.000e+00 0.000e+00 0.000e+00 0.000e+00 0.000e+00 0.000e+00 0.000e+00 0.000e+00 0.000e+00 0.000e+00 0.000e+00 0.000e+00 0.000e+00 0.000e+00 0.000e+00 0.000e+00 0.000e+00 0.000e+00 0.000e+00 0.000e+00 0.000e+00 0.000e+00
 3.162e+06 0.000e+00 0.000e+00 0.000e+00 0.000e+00 0.000e+00 0.000e+00 0.000e+00 0.000e+00 0.000e+00 0.000e+00 0.000e+00 0.000e+00 0.000e+00 0.000e+00 0.000e+00 0.000e+00 0.000e+00 0.000e+00 0.000e+00 0.000e+00 0.000e+00 0.000e+00 0.000e+00
 3.981e+06 1.503e-02 5.953e-03 8.470e-03 4.820e-04 2.318e-05 8.110e-05 1.654e-09 8.516e-06 1.897e-06 2.710e-06 1.106e-06 2.232e-06 0.000e+00 0.000e+00 7.231e-05 0.000e+00 5.976e-07 0.000e+00 0.000e+00 2.846e-07 4.064e-07 1.659e-07 3.349e-07
 5.012e+06 3.236e-02 1.298e-02 1.595e-02 1.209e-03 5.659e-05 1.787e-03 2.158e-08 1.974e-04 5.623e-05 7.526e-05 2.800e-05 1.595e-05 0.000e+00 0.000e+00 1.814e-04 0.000e+00 1.476e-05 0.000e+00 0.000e+00 8.434e-06 1.129e-05 4.200e-06 2.392e-06
 6.310e+06 5.360e-02 1.970e-02 2.191e-02 2.429e-03 1.039e-04 7.822e-03 3.432e-07 8.652e-04 2.425e-04 3.376e-04 1.261e-04 6.385e-05 0.000e+00 0.000e+00 3.643e-04 0.000e+00 6.497e-05 0.000e+00 0.000e+00 3.637e-05 5.063e-05 1.892e-05 9.577e-06
 7.943e+06 7.321e-02 2.615e-02 2.774e-02 3.350e-03 1.479e-04 1.305e-02 1.469e-06 1.481e-03 3.786e-04 5.756e-04 2.173e-04 1.236e-04 0.000e+00 0.000e+00 5.025e-04 0.000e+00 1.081e-04 0.000e+00 0.000e+00 5.680e-05 8.634e-05 3.260e-05 1.854e-05
 1.000e+07 9.141e-02 3.259e-02 3.361e-02 4.054e-03 2.161e-04 1.718e-02 2.050e-06 1.990e-03 4.903e-04 7.853e-04 2.963e-04 1.945e-04 0.000e+00 0.000e+00 6.081e-04 0.000e+00 1.460e-04 0.000e+00 0.000e+00 7.354e-05 1.178e-04 4.444e-05 2.918e-05
 1.259e+07 1.080e-01 3.877e-02 3.955e-02 4.627e-03 3.041e-04 2.022e-02 2.325e-06 2.191e-03 5.587e-04 1.046e-03 4.526e-04 2.809e-04 0.000e+00 0.000e+00 6.940e-04 0.000e+00 1.905e-04 0.000e+00 0.000e+00 8.381e-05 1.570e-04 6.789e-05 4.213e-05
 1.585e+07 1.228e-01 4.460e-02 4.476e-02 4.994e-03 3.933e-04 2.248e-02 2.470e-06 2.350e-03 6.175e-04 1.425e-03 7.651e-04 3.834e-04 0.000e+00 0.000e+00 7.490e-04 0.000e+00 2.564e-04 0.000e+00 0.000e+00 9.262e-05 2.137e-04 1.148e-04 5.751e-05
 1.995e+07 1.369e-01 5.051e-02 4.972e-02 5.280e-03 4.733e-04 2.429e-02 2.520e-06 2.493e-03 6.734e-04 1.815e-03 1.098e-03 5.067e-04 0.000e+00 0.000e+00 7.920e-04 0.000e+00 3.255e-04 0.000e+00 0.000e+00 1.010e-04 2.723e-04 1.647e-04 7.600e-05
 2.512e+07 1.503e-01 5.622e-02 5.445e-02 5.547e-03 5.478e-04 2.597e-02 2.553e-06 2.627e-03 7.269e-04 2.186e-03 1.413e-03 6.287e-04 0.000e+00 0.000e+00 8.320e-04 0.000e+00 3.913e-04 0.000e+00 0.000e+00 1.090e-04 3.279e-04 2.119e-04 9.430e-05
 3.162e+07 1.627e-01 6.148e-02 5.883e-02 5.793e-03 6.167e-04 2.752e-02 2.583e-06 2.752e-03 7.763e-04 2.529e-03 1.704e-03 7.414e-04 0.000e+00 0.000e+00 8.689e-04 0.000e+00 4.521e-04 0.000e+00 0.000e+00 1.164e-04 3.793e-04 2.555e-04 1.112e-04
 3.981e+07 1.759e-01 6.705e-02 6.346e-02 6.053e-03 6.895e-04 2.916e-02 2.615e-06 2.883e-03 8.285e-04 2.891e-03 2.011e-03 8.606e-04 0.000e+00 0.000e+00 9.080e-04 0.000e+00 5.163e-04 0.000e+00 0.000e+00 1.243e-04 4.336e-04 3.017e-04 1.291e-04
 5.012e+07 1.896e-01 7.579e-02 6.822e-02 6.072e-03 8.268e-04 2.921e-02 2.616e-06 2.893e-03 8.333e-04 2.901e-03 2.020e-03 8.664e-04 0.000e+00 0.000e+00 9.101e-04 0.000e+00 5.179e-04 0.000e+00 0.000e+00 1.245e-04 4.350e-04 3.028e-04 1.295e-04
 6.310e+07 2.029e-01 8.427e-02 7.280e-02 6.084e-03 9.602e-04 2.922e-02 2.617e-06 2.899e-03 8.368e-04 2.903e-03 2.021e-03 8.693e-04 0.000e+00 0.000e+00 9.112e-04 0.000e+00 5.179e-04 0.000e+00 0.000e+00 1.245e-04 4.350e-04 3.028e-04 1.295e-04
 7.943e+07 2.155e-01 9.240e-02 7.712e-02 6.099e-03 1.087e-03 2.924e-02 2.618e-06 2.906e-03 8.405e-04 2.907e-03 2.025e-03 8.728e-04 0.000e+00 0.000e+00 9.125e-04 0.000e+00 5.184e-04 0.000e+00 0.000e+00 1.245e-04 4.354e-04 3.032e-04 1.297e-04
 1.000e+08 2.282e-01 1.007e-01 8.131e-02 6.112e-03 1.236e-03 2.924e-02 2.619e-06 2.913e-03 8.440e-04 2.906e-03 2.024e-03 8.746e-04 0.000e+00 0.000e+00 9.134e-04 0.000e+00 5.179e-04 0.000e+00 0.000e+00 1.245e-04 4.349e-04 3.028e-04 1.295e-04
 1.259e+08 2.405e-01 1.089e-01 8.528e-02 6.132e-03 1.397e-03 2.927e-02 2.621e-06 2.923e-03 8.486e-04 2.911e-03 2.028e-03 8.782e-04 0.000e+00 0.000e+00 9.150e-04 0.000e+00 5.184e-04 0.000e+00 0.000e+00 1.245e-04 4.354e-04 3.032e-04 1.297e-04
 1.585e+08 2.528e-01 1.172e-01 8.894e-02 6.159e-03 1.520e-03 2.928e-02 2.626e-06 2.932e-03 8.517e-04 2.912e-03 2.029e-03 8.807e-04 0.000e+00 0.000e+00 9.175e-04 0.000e+00 5.184e-04 0.000e+00 0.000e+00 1.245e-04 4.354e-04 3.032e-04 1.297e-04
 1.995e+08 2.639e-01 1.250e-01 9.213e-02 6.206e-03 1.592e-03 2.930e-02 2.635e-06 2.939e-03 8.542e-04 2.914e-03 2.030e-03 8.831e-04 0.000e+00 0.000e+00 9.241e-04 0.000e+00 5.184e-04 0.000e+00 0.000e+00 1.245e-04 4.354e-04 3.032e-04 1.297e-04
 2.512e+08 2.756e-01 1.334e-01 9.536e-02 6.295e-03 1.622e-03 2.931e-02 2.648e-06 2.946e-03 8.561e-04 2.912e-03 2.029e-03 8.847e-04 0.000e+00 0.000e+00 9.390e-04 0.000e+00 5.179e-04 0.000e+00 0.000e+00 1.245e-04 4.350e-04 3.028e-04 1.295e-04
 3.162e+08 2.871e-01 1.414e-01 9.863e-02 6.438e-03 1.633e-03 2.934e-02 2.681e-06 2.960e-03 8.589e-04 2.917e-03 2.032e-03 8.880e-04 0.000e+00 0.000e+00 9.647e-04 0.000e+00 5.184e-04 0.000e+00 0.000e+00 1.245e-04 4.354e-04 3.032e-04 1.297e-04
 3.981e+08 2.985e-01 1.492e-01 1.020e-01 6.623e-03 1.639e-03 2.935e-02 2.731e-06 2.979e-03 8.610e-04 2.915e-03 2.031e-03 8.895e-04 0.000e+00 0.000e+00 9.991e-04 0.000e+00 5.179e-04 0.000e+00 0.000e+00 1.245e-04 4.350e-04 3.028e-04 1.295e-04
 5.012e+08 3.102e-01 1.571e-01 1.055e-01 6.841e-03 1.644e-03 2.937e-02 2.789e-06 3.004e-03 8.635e-04 2.917e-03 2.032e-03 8.921e-04 0.000e+00 0.000e+00 1.040e-03 0.000e+00 5.179e-04 0.000e+00 0.000e+00 1.245e-04 4.350e-04 3.028e-04 1.295e-04
 6.310e+08 3.220e-01 1.650e-01 1.091e-01 7.078e-03 1.649e-03 2.940e-02 2.850e-06 3.032e-03 8.663e-04 2.921e-03 2.036e-03 8.955e-04 0.000e+00 0.000e+00 1.084e-03 0.000e+00 5.184e-04 0.000e+00 0.000e+00 1.245e-04 4.354e-04 3.032e-04 1.297e-04
 7.943e+08 3.325e-01 1.721e-01 1.123e-01 7.259e-03 1.654e-03 2.941e-02 2.893e-06 3.052e-03 8.677e-04 2.919e-03 2.034e-03 8.968e-04 0.000e+00 0.000e+00 1.117e-03 0.000e+00 5.179e-04 0.000e+00 0.000e+00 1.245e-04 4.350e-04 3.028e-04 1.295e-04
 1.000e+09 3.426e-01 1.791e-01 1.152e-01 7.384e-03 1.658e-03 2.943e-02 2.917e-06 3.065e-03 8.691e-04 2.921e-03 2.035e-03 8.990e-04 0.000e+00 0.000e+00 1.140e-03 0.000e+00 5.179e-04 0.000e+00 0.000e+00 1.245e-04 4.350e-04 3.028e-04 1.295e-04
 1.259e+09 3.534e-01 1.867e-01 1.183e-01 7.497e-03 1.663e-03 2.944e-02 2.935e-06 3.076e-03 8.704e-04 2.922e-03 2.036e-03 9.013e-04 0.000e+00 0.000e+00 1.159e-03 0.000e+00 5.179e-04 0.000e+00 0.000e+00 1.245e-04 4.350e-04 3.028e-04 1.295e-04
 1.585e+09 3.665e-01 1.960e-01 1.220e-01 7.607e-03 1.668e-03 2.948e-02 2.949e-06 3.087e-03 8.723e-04 2.926e-03 2.040e-03 9.050e-04 0.000e+00 0.000e+00 1.178e-03 0.000e+00 5.184e-04 0.000e+00 0.000e+00 1.245e-04 4.354e-04 3.032e-04 1.297e-04
 1.995e+09 3.791e-01 2.050e-01 1.254e-01 7.681e-03 1.673e-03 2.950e-02 2.957e-06 3.094e-03 8.737e-04 2.928e-03 2.041e-03 9.077e-04 0.000e+00 0.000e+00 1.189e-03 0.000e+00 5.184e-04 0.000e+00 0.000e+00 1.245e-04 4.354e-04 3.032e-04 1.297e-04
 2.512e+09 3.890e-01 2.121e-01 1.281e-01 7.721e-03 1.677e-03 2.952e-02 2.960e-06 3.098e-03 8.749e-04 2.929e-03 2.042e-03 9.099e-04 0.000e+00 0.000e+00 1.195e-03 0.000e+00 5.184e-04 0.000e+00 0.000e+00 1.245e-04 4.354e-04 3.032e-04 1.297e-04
 3.162e+09 3.976e-01 2.183e-01 1.305e-01 7.744e-03 1.681e-03 2.952e-02 2.962e-06 3.101e-03 8.755e-04 2.927e-03 2.041e-03 9.109e-04 0.000e+00 0.000e+00 1.197e-03 0.000e+00 5.179e-04 0.000e+00 0.000e+00 1.245e-04 4.350e-04 3.028e-04 1.295e-04
 3.981e+09 4.062e-01 2.245e-01 1.328e-01 7.761e-03 1.683e-03 2.955e-02 2.963e-06 3.104e-03 8.768e-04 2.931e-03 2.044e-03 9.136e-04 0.000e+00 0.000e+00 1.198e-03 0.000e+00 5.184e-04 0.000e+00 0.000e+00 1.245e-04 4.354e-04 3.032e-04 1.297e-04
 5.012e+09 4.133e-01 2.297e-01 1.347e-01 7.771e-03 1.686e-03 2.956e-02 2.964e-06 3.106e-03 8.776e-04 2.932e-03 2.044e-03 9.151e-04 0.000e+00 0.000e+00 1.199e-03 0.000e+00 5.184e-04 0.000e+00 0.000e+00 1.245e-04 4.354e-04 3.032e-04 1.297e-04
 6.310e+09 4.205e-01 2.349e-01 1.367e-01 7.778e-03 1.688e-03 2.957e-02 2.964e-06 3.109e-03 8.784e-04 2.933e-03 2.045e-03 9.167e-04 0.000e+00 0.000e+00 1.199e-03 0.000e+00 5.188e-04 0.000e+00 0.000e+00 1.247e-04 4.356e-04 3.033e-04 1.300e-04
 7.943e+09 4.259e-01 2.388e-01 1.381e-01 7.780e-03 1.690e-03 2.957e-02 2.965e-06 3.109e-03 8.787e-04 2.931e-03 2.043e-03 9.171e-04 0.000e+00 0.000e+00 1.198e-03 0.000e+00 5.186e-04 0.000e+00 0.000e+00 1.248e-04 4.353e-04 3.031e-04 1.301e-04
 1.000e+10 4.315e-01 2.429e-01 1.396e-01 7.785e-03 1.692e-03 2.959e-02 2.965e-06 3.112e-03 8.797e-04 2.934e-03 2.046e-03 9.192e-04 0.000e+00 0.000e+00 1.199e-03 0.000e+00 5.194e-04 0.000e+00 0.000e+00 1.250e-04 4.359e-04 3.036e-04 1.305e-04
 1.259e+10 4.375e-01 2.473e-01 1.412e-01 7.786e-03 1.694e-03 2.959e-02 2.966e-06 3.113e-03 8.800e-04 2.932e-03 2.045e-03 9.197e-04 0.000e+00 0.000e+00 1.198e-03 0.000e+00 5.193e-04 0.000e+00 0.000e+00 1.251e-04 4.356e-04 3.034e-04 1.307e-04
 1.585e+10 4.439e-01 2.520e-01 1.429e-01 7.791e-03 1.695e-03 2.961e-02 2.966e-06 3.116e-03 8.811e-04 2.935e-03 2.048e-03 9.219e-04 0.000e+00 0.000e+00 1.199e-03 0.000e+00 5.200e-04 0.000e+00 0.000e+00 1.252e-04 4.361e-04 3.038e-04 1.311e-04
