#--------- --------- --------- --------- --------- --------- --------- --------- --------- --------- --------- --------- --------- --------- --------- --------- --------- --------- --------- --------- --------- --------- --------- ---------
# time     Mtot        p total  He total   C total   N total   O total   F total  Ne total  Mg total  Si total   S total  Fe total    p dust   He dust    C dust    N dust    O dust    F dust   Ne dust   Mg dust   Si dust    S dust   Fe dust
#--------- --------- --------- --------- --------- --------- --------- --------- --------- --------- --------- --------- --------- --------- --------- --------- --------- --------- --------- --------- --------- --------- --------- ---------
 1.000e+06 0.000e+00 0.000e+00 0.000e+00 0.000e+00 0.000e+00 0.000e+00 0.000e+00 0.000e+00 0.000e+00 0.000e+00 0.000e+00 0.000e+00 0.000e+00 0.000e+00 0.000e+00 0.000e+00 0.000e+00 0.000e+00 0.000e+00 0.000e+00 0.000e+00 0.000e+00 0.000e+00
 1.259e+06 0.000e+00 0.000e+00 0.000e+00 0.000e+00 0.000e+00 0.000e+00 0.000e+00 0.000e+00 0.000e+00 0.000e+00 0.000e+00 0.000e+00 0.000e+00 0.000e+00 0.000e+00 0.000e+00 0.000e+00 0.000e+00 0.000e+00 0.000e+00 0.000e+00 0.000e+00 0.000e+00
 1.585e+06 0.000e+00 0.000e+00 0.000e+00 0.000e+00 0.000e+00 0.000e+00 0.000e+00 0.000e+00 0.000e+00 0.000e+00 0.000e+00 0.000e+00 0.000e+00 0.000e+00 0.000e+00 0.000e+00 0.000e+00 0.000e+00 0.000e+00 0.000e+00 0.000e+00 0.000e+00 0.000e+00
 1.995e+06 0.000e+00 0.000e+00 0.000e+00 0.000e+00 0.000e+00 0.000e+00 0.000e+00 0.000e+00 0.000e+00 0.000e+00 0.000e+00 0.000e+00 0.000e+00 0.000e+00 0.000e+00 0.000e+00 0.000e+00 0.000e+00 0.000e+00 0.000e+00 0.000e+00 0.000e+00 0.000e+00
 2.512e+06 0.000e+00 0.000e+00 0.000e+00 0.000e+00 0.000e+00 0.000e+00 0.000e+00 0.000e+00 0.000e+00 0.000e+00 0.000e+00 0.000e+00 0.000e+00 0.000e+00 0.000e+00 0.000e+00 0.000e+00 0.000e+00 0.000e+00 0.000e+00 0.000e+00 0.000e+00 0.000e+00
 3.162e+06 0.000e+00 0.000e+00 0.000e+00 0.000e+00 0.000e+00 0.000e+00 0.000e+00 0.000e+00 0.000e+00 0.000e+00 0.000e+00 0.000e+00 0.000e+00 0.000e+00 0.000e+00 0.000e+00 0.000e+00 0.000e+00 0.000e+00 0.000e+00 0.000e+00 0.000e+00 0.000e+00
 3.981e+06 2.048e-02 7.326e-03 1.233e-02 4.888e-04 1.306e-04 9.221e-05 5.450e-09 4.659e-05 1.426e-05 1.373e-05 6.395e-06 2.665e-05 0.000e+00 0.000e+00 7.332e-05 0.000e+00 4.205e-06 0.000e+00 0.000e+00 2.139e-06 2.059e-06 9.592e-07 3.998e-06
 5.012e+06 4.368e-02 1.523e-02 2.438e-02 1.400e-03 2.588e-04 1.747e-03 1.500e-08 3.594e-04 8.910e-05 9.888e-05 4.109e-05 7.322e-05 0.000e+00 0.000e+00 2.100e-04 0.000e+00 2.347e-05 0.000e+00 0.000e+00 1.337e-05 1.483e-05 6.163e-06 1.098e-05
 6.310e+06 6.711e-02 2.215e-02 3.384e-02 2.842e-03 3.630e-04 5.915e-03 2.273e-08 1.151e-03 2.706e-04 3.019e-04 1.191e-04 1.516e-04 0.000e+00 0.000e+00 4.263e-04 0.000e+00 6.795e-05 0.000e+00 0.000e+00 4.059e-05 4.529e-05 1.787e-05 2.274e-05
 7.943e+06 8.729e-02 2.841e-02 4.163e-02 4.130e-03 4.480e-04 9.507e-03 3.312e-08 1.767e-03 4.271e-04 5.331e-04 2.017e-04 2.366e-04 0.000e+00 0.000e+00 6.196e-04 0.000e+00 1.130e-04 0.000e+00 0.000e+00 6.407e-05 7.996e-05 3.025e-05 3.549e-05
 1.000e+07 1.047e-01 3.443e-02 4.821e-02 5.260e-03 5.320e-04 1.237e-02 1.109e-07 2.009e-03 5.117e-04 7.772e-04 2.979e-04 3.285e-04 0.000e+00 0.000e+00 7.890e-04 0.000e+00 1.534e-04 0.000e+00 0.000e+00 7.676e-05 1.166e-04 4.468e-05 4.928e-05
 1.259e+07 1.202e-01 4.018e-02 5.391e-02 6.082e-03 6.073e-04 1.483e-02 3.879e-07 2.151e-03 5.680e-04 9.929e-04 3.933e-04 5.193e-04 0.000e+00 0.000e+00 9.123e-04 0.000e+00 1.927e-04 0.000e+00 0.000e+00 8.520e-05 1.489e-04 5.899e-05 7.790e-05
 1.585e+07 1.338e-01 4.551e-02 5.881e-02 6.587e-03 6.647e-04 1.688e-02 8.286e-07 2.271e-03 6.130e-04 1.171e-03 4.798e-04 8.031e-04 0.000e+00 0.000e+00 9.880e-04 0.000e+00 2.310e-04 0.000e+00 0.000e+00 9.195e-05 1.756e-04 7.198e-05 1.205e-04
 1.995e+07 1.473e-01 5.116e-02 6.384e-02 7.115e-03 7.201e-04 1.866e-02 1.093e-06 2.371e-03 6.493e-04 1.315e-03 5.586e-04 9.433e-04 0.000e+00 0.000e+00 1.067e-03 0.000e+00 2.588e-04 0.000e+00 0.000e+00 9.739e-05 1.973e-04 8.379e-05 1.415e-04
 2.512e+07 1.598e-01 5.642e-02 6.850e-02 7.612e-03 7.712e-04 2.026e-02 1.306e-06 2.462e-03 6.815e-04 1.444e-03 6.302e-04 1.048e-03 0.000e+00 0.000e+00 1.142e-03 0.000e+00 2.829e-04 0.000e+00 0.000e+00 1.022e-04 2.166e-04 9.453e-05 1.572e-04
 3.162e+07 1.717e-01 6.142e-02 7.294e-02 8.084e-03 8.197e-04 2.178e-02 1.508e-06 2.547e-03 7.122e-04 1.566e-03 6.981e-04 1.148e-03 0.000e+00 0.000e+00 1.213e-03 0.000e+00 3.057e-04 0.000e+00 0.000e+00 1.068e-04 2.349e-04 1.047e-04 1.721e-04
 3.981e+07 1.833e-01 6.630e-02 7.727e-02 8.545e-03 8.672e-04 2.327e-02 1.706e-06 2.631e-03 7.422e-04 1.685e-03 7.646e-04 1.245e-03 0.000e+00 0.000e+00 1.282e-03 0.000e+00 3.280e-04 0.000e+00 0.000e+00 1.113e-04 2.528e-04 1.147e-04 1.867e-04
 5.012e+07 1.964e-01 7.396e-02 8.185e-02 8.673e-03 9.713e-04 2.369e-02 1.757e-06 2.666e-03 7.552e-04 1.720e-03 7.853e-04 1.278e-03 0.000e+00 0.000e+00 1.299e-03 0.000e+00 3.358e-04 0.000e+00 0.000e+00 1.136e-04 2.583e-04 1.180e-04 1.921e-04
 6.310e+07 2.088e-01 8.188e-02 8.615e-02 8.683e-03 1.085e-03 2.374e-02 1.757e-06 2.683e-03 7.618e-04 1.725e-03 7.897e-04 1.288e-03 0.000e+00 0.000e+00 1.299e-03 0.000e+00 3.383e-04 0.000e+00 0.000e+00 1.149e-04 2.594e-04 1.189e-04 1.941e-04
 7.943e+07 2.205e-01 8.935e-02 9.020e-02 8.696e-03 1.192e-03 2.380e-02 1.759e-06 2.699e-03 7.682e-04 1.731e-03 7.944e-04 1.298e-03 0.000e+00 0.000e+00 1.299e-03 0.000e+00 3.409e-04 0.000e+00 0.000e+00 1.162e-04 2.605e-04 1.198e-04 1.961e-04
 1.000e+08 2.317e-01 9.653e-02 9.396e-02 8.718e-03 1.298e-03 2.387e-02 1.764e-06 2.716e-03 7.747e-04 1.738e-03 7.994e-04 1.308e-03 0.000e+00 0.000e+00 1.299e-03 0.000e+00 3.435e-04 0.000e+00 0.000e+00 1.174e-04 2.618e-04 1.208e-04 1.982e-04
 1.259e+08 2.428e-01 1.038e-01 9.760e-02 8.745e-03 1.399e-03 2.393e-02 1.770e-06 2.733e-03 7.810e-04 1.743e-03 8.037e-04 1.318e-03 0.000e+00 0.000e+00 1.299e-03 0.000e+00 3.459e-04 0.000e+00 0.000e+00 1.187e-04 2.628e-04 1.217e-04 2.001e-04
 1.585e+08 2.536e-01 1.110e-01 1.010e-01 8.777e-03 1.481e-03 2.398e-02 1.776e-06 2.749e-03 7.867e-04 1.747e-03 8.074e-04 1.326e-03 0.000e+00 0.000e+00 1.299e-03 0.000e+00 3.480e-04 0.000e+00 0.000e+00 1.199e-04 2.637e-04 1.224e-04 2.018e-04
 1.995e+08 2.644e-01 1.183e-01 1.042e-01 8.836e-03 1.527e-03 2.406e-02 1.788e-06 2.766e-03 7.925e-04 1.754e-03 8.122e-04 1.336e-03 0.000e+00 0.000e+00 1.301e-03 0.000e+00 3.488e-04 0.000e+00 0.000e+00 1.202e-04 2.641e-04 1.227e-04 2.024e-04
 2.512e+08 2.745e-01 1.252e-01 1.072e-01 8.911e-03 1.546e-03 2.413e-02 1.802e-06 2.783e-03 7.975e-04 1.758e-03 8.162e-04 1.345e-03 0.000e+00 0.000e+00 1.306e-03 0.000e+00 3.488e-04 0.000e+00 0.000e+00 1.202e-04 2.641e-04 1.227e-04 2.024e-04
 3.162e+08 2.850e-01 1.324e-01 1.103e-01 9.007e-03 1.565e-03 2.418e-02 1.823e-06 2.802e-03 8.025e-04 1.762e-03 8.198e-04 1.353e-03 0.000e+00 0.000e+00 1.316e-03 0.000e+00 3.485e-04 0.000e+00 0.000e+00 1.201e-04 2.640e-04 1.226e-04 2.022e-04
 3.981e+08 2.958e-01 1.396e-01 1.136e-01 9.131e-03 1.584e-03 2.424e-02 1.855e-06 2.826e-03 8.078e-04 1.768e-03 8.241e-04 1.362e-03 0.000e+00 0.000e+00 1.331e-03 0.000e+00 3.486e-04 0.000e+00 0.000e+00 1.201e-04 2.640e-04 1.226e-04 2.022e-04
 5.012e+08 3.052e-01 1.459e-01 1.166e-01 9.259e-03 1.599e-03 2.431e-02 1.890e-06 2.850e-03 8.126e-04 1.773e-03 8.284e-04 1.371e-03 0.000e+00 0.000e+00 1.347e-03 0.000e+00 3.488e-04 0.000e+00 0.000e+00 1.202e-04 2.641e-04 1.227e-04 2.024e-04
 6.310e+08 3.157e-01 1.529e-01 1.198e-01 9.380e-03 1.617e-03 2.437e-02 1.919e-06 2.873e-03 8.173e-04 1.777e-03 8.319e-04 1.380e-03 0.000e+00 0.000e+00 1.362e-03 0.000e+00 3.485e-04 0.000e+00 0.000e+00 1.201e-04 2.640e-04 1.226e-04 2.022e-04
 7.943e+08 3.271e-01 1.605e-01 1.232e-01 9.497e-03 1.636e-03 2.445e-02 1.943e-06 2.896e-03 8.227e-04 1.784e-03 8.370e-04 1.390e-03 0.000e+00 0.000e+00 1.375e-03 0.000e+00 3.488e-04 0.000e+00 0.000e+00 1.202e-04 2.641e-04 1.227e-04 2.023e-04
 1.000e+09 3.372e-01 1.675e-01 1.262e-01 9.574e-03 1.652e-03 2.450e-02 1.955e-06 2.913e-03 8.271e-04 1.788e-03 8.404e-04 1.398e-03 0.000e+00 0.000e+00 1.381e-03 0.000e+00 3.485e-04 0.000e+00 0.000e+00 1.201e-04 2.640e-04 1.226e-04 2.022e-04
 1.259e+09 3.481e-01 1.750e-01 1.294e-01 9.645e-03 1.669e-03 2.459e-02 1.966e-06 2.929e-03 8.322e-04 1.794e-03 8.454e-04 1.408e-03 0.000e+00 0.000e+00 1.384e-03 0.000e+00 3.489e-04 0.000e+00 0.000e+00 1.202e-04 2.642e-04 1.228e-04 2.024e-04
 1.585e+09 3.585e-01 1.822e-01 1.324e-01 9.691e-03 1.686e-03 2.466e-02 1.972e-06 2.944e-03 8.371e-04 1.799e-03 8.497e-04 1.418e-03 0.000e+00 0.000e+00 1.384e-03 0.000e+00 3.511e-04 0.000e+00 0.000e+00 1.212e-04 2.652e-04 1.236e-04 2.043e-04
 1.995e+09 3.756e-01 1.941e-01 1.373e-01 9.748e-03 1.713e-03 2.477e-02 1.978e-06 2.965e-03 8.448e-04 1.807e-03 8.565e-04 1.433e-03 0.000e+00 0.000e+00 1.384e-03 0.000e+00 3.546e-04 0.000e+00 0.000e+00 1.227e-04 2.669e-04 1.250e-04 2.073e-04
 2.512e+09 3.849e-01 2.006e-01 1.400e-01 9.771e-03 1.727e-03 2.483e-02 1.981e-06 2.977e-03 8.490e-04 1.812e-03 8.602e-04 1.441e-03 0.000e+00 0.000e+00 1.384e-03 0.000e+00 3.564e-04 0.000e+00 0.000e+00 1.235e-04 2.678e-04 1.257e-04 2.089e-04
 3.162e+09 3.947e-01 2.075e-01 1.429e-01 9.789e-03 1.741e-03 2.489e-02 1.984e-06 2.988e-03 8.534e-04 1.817e-03 8.641e-04 1.449e-03 0.000e+00 0.000e+00 1.384e-03 0.000e+00 3.584e-04 0.000e+00 0.000e+00 1.244e-04 2.687e-04 1.265e-04 2.106e-04
 3.981e+09 4.052e-01 2.147e-01 1.459e-01 9.806e-03 1.756e-03 2.496e-02 1.987e-06 3.001e-03 8.580e-04 1.822e-03 8.682e-04 1.458e-03 0.000e+00 0.000e+00 1.384e-03 0.000e+00 3.605e-04 0.000e+00 0.000e+00 1.254e-04 2.697e-04 1.273e-04 2.124e-04
 5.012e+09 4.144e-01 2.212e-01 1.486e-01 9.818e-03 1.768e-03 2.501e-02 1.988e-06 3.011e-03 8.620e-04 1.825e-03 8.714e-04 1.465e-03 0.000e+00 0.000e+00 1.383e-03 0.000e+00 3.623e-04 0.000e+00 0.000e+00 1.262e-04 2.705e-04 1.280e-04 2.139e-04
 6.310e+09 4.221e-01 2.265e-01 1.509e-01 9.831e-03 1.778e-03 2.506e-02 1.990e-06 3.020e-03 8.654e-04 1.829e-03 8.745e-04 1.472e-03 0.000e+00 0.000e+00 1.383e-03 0.000e+00 3.639e-04 0.000e+00 0.000e+00 1.269e-04 2.712e-04 1.286e-04 2.152e-04
 7.943e+09 4.280e-01 2.306e-01 1.526e-01 9.844e-03 1.785e-03 2.511e-02 1.993e-06 3.028e-03 8.683e-04 1.833e-03 8.773e-04 1.478e-03 0.000e+00 0.000e+00 1.384e-03 0.000e+00 3.652e-04 0.000e+00 0.000e+00 1.274e-04 2.719e-04 1.291e-04 2.163e-04
 1.000e+10 4.362e-01 2.363e-01 1.550e-01 9.858e-03 1.794e-03 2.516e-02 1.995e-06 3.038e-03 8.719e-04 1.837e-03 8.805e-04 1.485e-03 0.000e+00 0.000e+00 1.384e-03 0.000e+00 3.668e-04 0.000e+00 0.000e+00 1.281e-04 2.727e-04 1.298e-04 2.177e-04
 1.259e+10 4.423e-01 2.406e-01 1.568e-01 9.866e-03 1.801e-03 2.519e-02 1.996e-06 3.044e-03 8.745e-04 1.839e-03 8.825e-04 1.489e-03 0.000e+00 0.000e+00 1.383e-03 0.000e+00 3.680e-04 0.000e+00 0.000e+00 1.287e-04 2.732e-04 1.302e-04 2.187e-04
 1.585e+10 4.488e-01 2.451e-01 1.587e-01 9.882e-03 1.807e-03 2.525e-02 1.999e-06 3.053e-03 8.776e-04 1.843e-03 8.856e-04 1.496e-03 0.000e+00 0.000e+00 1.384e-03 0.000e+00 3.694e-04 0.000e+00 0.000e+00 1.293e-04 2.739e-04 1.308e-04 2.199e-04
